Total frontiers: ,15, Prioritised frontiers: ,12
At: ,15,0,
Point: ,0,14,Repeat score:,1, Repeat contribution: ,-1,Dist:,23.5847, Dist contribution: ,-117.924, New scanned ratio: ,0.394737, New Scanned Cells Contribution: ,0,Area ratio: ,0.965286, Area ratio Contribution: ,0,Perim diff: ,1.01351, Perim diff Contribution: ,0,Frontier diff: ,0, Frontier diff Contribution ,0,Inverse Area ratio: ,0.997623, Inv Area Ratio Contribution: ,0,Inverse Perim ratio: ,1.00383, Inv Perim Contribution: ,0, Final Score: ,-118.924
Point: ,36,0,Repeat score:,1, Repeat contribution: ,-1,Dist:,21, Dist contribution: ,-105, New scanned ratio: ,0.672697, New Scanned Cells Contribution: ,0,Area ratio: ,0.960242, Area ratio Contribution: ,0,Perim diff: ,1.02194, Perim diff Contribution: ,0,Frontier diff: ,0, Frontier diff Contribution ,0,Inverse Area ratio: ,0.993039, Inv Area Ratio Contribution: ,0,Inverse Perim ratio: ,1.01269, Inv Perim Contribution: ,0, Final Score: ,-106
Point: ,35,1,Repeat score:,1, Repeat contribution: ,-1,Dist:,20.0422, Dist contribution: ,-100.211, New scanned ratio: ,0.692434, New Scanned Cells Contribution: ,0,Area ratio: ,0.964108, Area ratio Contribution: ,0,Perim diff: ,1.02366, Perim diff Contribution: ,0,Frontier diff: ,0, Frontier diff Contribution ,0,Inverse Area ratio: ,0.992737, Inv Area Ratio Contribution: ,0,Inverse Perim ratio: ,1.01487, Inv Perim Contribution: ,0, Final Score: ,-101.211
Point: ,35,6,Repeat score:,1, Repeat contribution: ,-1,Dist:,21.4672, Dist contribution: ,-107.336, New scanned ratio: ,0.960526, New Scanned Cells Contribution: ,0,Area ratio: ,0.967853, Area ratio Contribution: ,0,Perim diff: ,1.02267, Perim diff Contribution: ,0,Frontier diff: ,0, Frontier diff Contribution ,0,Inverse Area ratio: ,0.990861, Inv Area Ratio Contribution: ,0,Inverse Perim ratio: ,1.01953, Inv Perim Contribution: ,0, Final Score: ,-108.336
Point: ,32,12,Repeat score:,1, Repeat contribution: ,-1,Dist:,23.0729, Dist contribution: ,-115.365, New scanned ratio: ,1.20066, New Scanned Cells Contribution: ,0,Area ratio: ,0.972212, Area ratio Contribution: ,0,Perim diff: ,1.02011, Perim diff Contribution: ,0,Frontier diff: ,0, Frontier diff Contribution ,0,Inverse Area ratio: ,0.988665, Inv Area Ratio Contribution: ,0,Inverse Perim ratio: ,1.02964, Inv Perim Contribution: ,0, Final Score: ,-116.365
Point: ,27,17,Repeat score:,1, Repeat contribution: ,-1,Dist:,25.1478, Dist contribution: ,-125.739, New scanned ratio: ,1.30592, New Scanned Cells Contribution: ,0,Area ratio: ,0.975327, Area ratio Contribution: ,0,Perim diff: ,1.02039, Perim diff Contribution: ,0,Frontier diff: ,0, Frontier diff Contribution ,0,Inverse Area ratio: ,0.986997, Inv Area Ratio Contribution: ,0,Inverse Perim ratio: ,1.04528, Inv Perim Contribution: ,0, Final Score: ,-126.739
Point: ,21,20,Repeat score:,1, Repeat contribution: ,-1,Dist:,26.6833, Dist contribution: ,-133.417, New scanned ratio: ,1.30592, New Scanned Cells Contribution: ,0,Area ratio: ,0.972836, Area ratio Contribution: ,0,Perim diff: ,1.03125, Perim diff Contribution: ,0,Frontier diff: ,0, Frontier diff Contribution ,0,Inverse Area ratio: ,0.986825, Inv Area Ratio Contribution: ,0,Inverse Perim ratio: ,1.04863, Inv Perim Contribution: ,0, Final Score: ,-134.417
Point: ,16,20,Repeat score:,1, Repeat contribution: ,-1,Dist:,26.0192, Dist contribution: ,-130.096, New scanned ratio: ,1.17434, New Scanned Cells Contribution: ,0,Area ratio: ,0.972222, Area ratio Contribution: ,0,Perim diff: ,1.02366, Perim diff Contribution: ,0,Frontier diff: ,0, Frontier diff Contribution ,0,Inverse Area ratio: ,0.991774, Inv Area Ratio Contribution: ,0,Inverse Perim ratio: ,1.02171, Inv Perim Contribution: ,0, Final Score: ,-131.096
Point: ,15,21,Repeat score:,1, Repeat contribution: ,-1,Dist:,27.3, Dist contribution: ,-136.5, New scanned ratio: ,1.19079, New Scanned Cells Contribution: ,0,Area ratio: ,0.969813, Area ratio Contribution: ,0,Perim diff: ,1.02194, Perim diff Contribution: ,0,Frontier diff: ,0, Frontier diff Contribution ,0,Inverse Area ratio: ,0.992075, Inv Area Ratio Contribution: ,0,Inverse Perim ratio: ,1.02001, Inv Perim Contribution: ,0, Final Score: ,-137.5
Point: ,14,20,Repeat score:,1, Repeat contribution: ,-1,Dist:,26.0192, Dist contribution: ,-130.096, New scanned ratio: ,1.09868, New Scanned Cells Contribution: ,0,Area ratio: ,0.9712, Area ratio Contribution: ,0,Perim diff: ,1.0238, Perim diff Contribution: ,0,Frontier diff: ,0, Frontier diff Contribution ,0,Inverse Area ratio: ,0.992717, Inv Area Ratio Contribution: ,0,Inverse Perim ratio: ,1.01814, Inv Perim Contribution: ,0, Final Score: ,-131.096
Point: ,9,20,Repeat score:,1, Repeat contribution: ,-1,Dist:,26.6833, Dist contribution: ,-133.417, New scanned ratio: ,0.909539, New Scanned Cells Contribution: ,0,Area ratio: ,0.969163, Area ratio Contribution: ,0,Perim diff: ,1.02162, Perim diff Contribution: ,0,Frontier diff: ,0, Frontier diff Contribution ,0,Inverse Area ratio: ,0.994652, Inv Area Ratio Contribution: ,0,Inverse Perim ratio: ,1.01173, Inv Perim Contribution: ,0, Final Score: ,-134.417
Point: ,3,17,Repeat score:,1, Repeat contribution: ,-1,Dist:,25.1478, Dist contribution: ,-125.739, New scanned ratio: ,0.578947, New Scanned Cells Contribution: ,0,Area ratio: ,0.965259, Area ratio Contribution: ,0,Perim diff: ,1.01951, Perim diff Contribution: ,0,Frontier diff: ,0, Frontier diff Contribution ,0,Inverse Area ratio: ,0.996743, Inv Area Ratio Contribution: ,0,Inverse Perim ratio: ,1.00626, Inv Perim Contribution: ,0, Final Score: ,-126.739
BEST Point:,35,1, Score: ,-101.211
COUNT COMMAND: 1
Total frontiers: ,21, Prioritised frontiers: ,18
At: ,34,0,
Point: ,0,14,Repeat score:,1, Repeat contribution: ,-1,Dist:,38.5648, Dist contribution: ,-192.824, New scanned ratio: ,0.244648, New Scanned Cells Contribution: ,0,Area ratio: ,0.899687, Area ratio Contribution: ,0,Perim diff: ,1.04003, Perim diff Contribution: ,0,Frontier diff: ,0, Frontier diff Contribution ,0,Inverse Area ratio: ,0.996514, Inv Area Ratio Contribution: ,0,Inverse Perim ratio: ,1.00881, Inv Perim Contribution: ,0, Final Score: ,-193.824
Point: ,55,0,Repeat score:,1, Repeat contribution: ,-1,Dist:,21, Dist contribution: ,-105, New scanned ratio: ,0.416922, New Scanned Cells Contribution: ,0,Area ratio: ,0.95304, Area ratio Contribution: ,0,Perim diff: ,1.02802, Perim diff Contribution: ,0,Frontier diff: ,0, Frontier diff Contribution ,0,Inverse Area ratio: ,0.990317, Inv Area Ratio Contribution: ,0,Inverse Perim ratio: ,1.01466, Inv Perim Contribution: ,0, Final Score: ,-106
Point: ,54,1,Repeat score:,1, Repeat contribution: ,-1,Dist:,20.0422, Dist contribution: ,-100.211, New scanned ratio: ,0.429154, New Scanned Cells Contribution: ,0,Area ratio: ,0.949372, Area ratio Contribution: ,0,Perim diff: ,1.02949, Perim diff Contribution: ,0,Frontier diff: ,0, Frontier diff Contribution ,0,Inverse Area ratio: ,0.990015, Inv Area Ratio Contribution: ,0,Inverse Perim ratio: ,1.01686, Inv Perim Contribution: ,0, Final Score: ,-101.211
Point: ,54,6,Repeat score:,1, Repeat contribution: ,-1,Dist:,21.4672, Dist contribution: ,-107.336, New scanned ratio: ,0.595311, New Scanned Cells Contribution: ,0,Area ratio: ,0.934803, Area ratio Contribution: ,0,Perim diff: ,1.03088, Perim diff Contribution: ,0,Frontier diff: ,0, Frontier diff Contribution ,0,Inverse Area ratio: ,0.988136, Inv Area Ratio Contribution: ,0,Inverse Perim ratio: ,1.02152, Inv Perim Contribution: ,0, Final Score: ,-108.336
Point: ,51,12,Repeat score:,1, Repeat contribution: ,-1,Dist:,23.0729, Dist contribution: ,-115.365, New scanned ratio: ,0.744139, New Scanned Cells Contribution: ,0,Area ratio: ,0.923338, Area ratio Contribution: ,0,Perim diff: ,1.03709, Perim diff Contribution: ,0,Frontier diff: ,0, Frontier diff Contribution ,0,Inverse Area ratio: ,0.985938, Inv Area Ratio Contribution: ,0,Inverse Perim ratio: ,1.03172, Inv Perim Contribution: ,0, Final Score: ,-116.365
Point: ,46,17,Repeat score:,1, Repeat contribution: ,-1,Dist:,25.1478, Dist contribution: ,-125.739, New scanned ratio: ,0.809378, New Scanned Cells Contribution: ,0,Area ratio: ,0.931271, Area ratio Contribution: ,0,Perim diff: ,1.05293, Perim diff Contribution: ,0,Frontier diff: ,0, Frontier diff Contribution ,0,Inverse Area ratio: ,0.984264, Inv Area Ratio Contribution: ,0,Inverse Perim ratio: ,1.04763, Inv Perim Contribution: ,0, Final Score: ,-126.739
Point: ,40,20,Repeat score:,1, Repeat contribution: ,-1,Dist:,26.6833, Dist contribution: ,-133.417, New scanned ratio: ,0.801223, New Scanned Cells Contribution: ,0,Area ratio: ,0.934861, Area ratio Contribution: ,0,Perim diff: ,1.05076, Perim diff Contribution: ,0,Frontier diff: ,0, Frontier diff Contribution ,0,Inverse Area ratio: ,0.984216, Inv Area Ratio Contribution: ,0,Inverse Perim ratio: ,1.04599, Inv Perim Contribution: ,0, Final Score: ,-134.417
Point: ,35,20,Repeat score:,1, Repeat contribution: ,-1,Dist:,26.0192, Dist contribution: ,-130.096, New scanned ratio: ,0.735984, New Scanned Cells Contribution: ,0,Area ratio: ,0.94604, Area ratio Contribution: ,0,Perim diff: ,1.04189, Perim diff Contribution: ,0,Frontier diff: ,0, Frontier diff Contribution ,0,Inverse Area ratio: ,0.98498, Inv Area Ratio Contribution: ,0,Inverse Perim ratio: ,1.04063, Inv Perim Contribution: ,0, Final Score: ,-131.096
Point: ,34,21,Repeat score:,1, Repeat contribution: ,-1,Dist:,27.3, Dist contribution: ,-136.5, New scanned ratio: ,0.763507, New Scanned Cells Contribution: ,0,Area ratio: ,0.943337, Area ratio Contribution: ,0,Perim diff: ,1.04878, Perim diff Contribution: ,0,Frontier diff: ,0, Frontier diff Contribution ,0,Inverse Area ratio: ,0.984666, Inv Area Ratio Contribution: ,0,Inverse Perim ratio: ,1.04248, Inv Perim Contribution: ,0, Final Score: ,-137.5
Point: ,33,20,Repeat score:,1, Repeat contribution: ,-1,Dist:,26.0192, Dist contribution: ,-130.096, New scanned ratio: ,0.716616, New Scanned Cells Contribution: ,0,Area ratio: ,0.949367, Area ratio Contribution: ,0,Perim diff: ,1.03839, Perim diff Contribution: ,0,Frontier diff: ,0, Frontier diff Contribution ,0,Inverse Area ratio: ,0.985205, Inv Area Ratio Contribution: ,0,Inverse Perim ratio: ,1.03894, Inv Perim Contribution: ,0, Final Score: ,-131.096
Point: ,28,20,Repeat score:,1, Repeat contribution: ,-1,Dist:,26.6833, Dist contribution: ,-133.417, New scanned ratio: ,0.683996, New Scanned Cells Contribution: ,0,Area ratio: ,0.958535, Area ratio Contribution: ,0,Perim diff: ,1.03692, Perim diff Contribution: ,0,Frontier diff: ,0, Frontier diff Contribution ,0,Inverse Area ratio: ,0.985581, Inv Area Ratio Contribution: ,0,Inverse Perim ratio: ,1.03692, Inv Perim Contribution: ,0, Final Score: ,-134.417
Point: ,24,18,Repeat score:,1, Repeat contribution: ,-1,Dist:,25.4472, Dist contribution: ,-127.236, New scanned ratio: ,0.598369, New Scanned Cells Contribution: ,0,Area ratio: ,0.970236, Area ratio Contribution: ,0,Perim diff: ,1.02812, Perim diff Contribution: ,0,Frontier diff: ,0, Frontier diff Contribution ,0,Inverse Area ratio: ,0.986559, Inv Area Ratio Contribution: ,0,Inverse Perim ratio: ,1.03257, Inv Perim Contribution: ,0, Final Score: ,-128.236
Point: ,21,20,Repeat score:,1, Repeat contribution: ,-1,Dist:,29.0689, Dist contribution: ,-145.344, New scanned ratio: ,0.683996, New Scanned Cells Contribution: ,0,Area ratio: ,0.966433, Area ratio Contribution: ,0,Perim diff: ,1.03457, Perim diff Contribution: ,0,Frontier diff: ,0, Frontier diff Contribution ,0,Inverse Area ratio: ,0.985581, Inv Area Ratio Contribution: ,0,Inverse Perim ratio: ,1.03692, Inv Perim Contribution: ,0, Final Score: ,-146.344
Point: ,16,20,Repeat score:,1, Repeat contribution: ,-1,Dist:,31.6228, Dist contribution: ,-158.114, New scanned ratio: ,0.666667, New Scanned Cells Contribution: ,0,Area ratio: ,0.963933, Area ratio Contribution: ,0,Perim diff: ,1.02453, Perim diff Contribution: ,0,Frontier diff: ,0, Frontier diff Contribution ,0,Inverse Area ratio: ,0.99179, Inv Area Ratio Contribution: ,0,Inverse Perim ratio: ,1.01523, Inv Perim Contribution: ,0, Final Score: ,-159.114
Point: ,15,21,Repeat score:,1, Repeat contribution: ,-1,Dist:,33.2609, Dist contribution: ,-166.305, New scanned ratio: ,0.689093, New Scanned Cells Contribution: ,0,Area ratio: ,0.958535, Area ratio Contribution: ,0,Perim diff: ,1.0364, Perim diff Contribution: ,0,Frontier diff: ,0, Frontier diff Contribution ,0,Inverse Area ratio: ,0.992158, Inv Area Ratio Contribution: ,0,Inverse Perim ratio: ,1.01606, Inv Perim Contribution: ,0, Final Score: ,-167.305
Point: ,14,20,Repeat score:,1, Repeat contribution: ,-1,Dist:,32.8024, Dist contribution: ,-164.012, New scanned ratio: ,0.639144, New Scanned Cells Contribution: ,0,Area ratio: ,0.959688, Area ratio Contribution: ,0,Perim diff: ,1.02827, Perim diff Contribution: ,0,Frontier diff: ,0, Frontier diff Contribution ,0,Inverse Area ratio: ,0.992724, Inv Area Ratio Contribution: ,0,Inverse Perim ratio: ,1.01364, Inv Perim Contribution: ,0, Final Score: ,-165.012
Point: ,9,20,Repeat score:,1, Repeat contribution: ,-1,Dist:,36.0694, Dist contribution: ,-180.347, New scanned ratio: ,0.555556, New Scanned Cells Contribution: ,0,Area ratio: ,0.936411, Area ratio Contribution: ,0,Perim diff: ,1.04092, Perim diff Contribution: ,0,Frontier diff: ,0, Frontier diff Contribution ,0,Inverse Area ratio: ,0.994613, Inv Area Ratio Contribution: ,0,Inverse Perim ratio: ,1.01215, Inv Perim Contribution: ,0, Final Score: ,-181.347
Point: ,3,17,Repeat score:,1, Repeat contribution: ,-1,Dist:,38.0711, Dist contribution: ,-190.356, New scanned ratio: ,0.358818, New Scanned Cells Contribution: ,0,Area ratio: ,0.91202, Area ratio Contribution: ,0,Perim diff: ,1.05484, Perim diff Contribution: ,0,Frontier diff: ,0, Frontier diff Contribution ,0,Inverse Area ratio: ,0.995591, Inv Area Ratio Contribution: ,0,Inverse Perim ratio: ,1.01151, Inv Perim Contribution: ,0, Final Score: ,-191.356
BEST Point:,54,1, Score: ,-101.211
COUNT COMMAND: 1
Total frontiers: ,27, Prioritised frontiers: ,18
At: ,53,0,
Point: ,74,0,Repeat score:,1, Repeat contribution: ,-1,Dist:,21, Dist contribution: ,-105, New scanned ratio: ,0.302068, New Scanned Cells Contribution: ,0,Area ratio: ,0.948959, Area ratio Contribution: ,0,Perim diff: ,1.03195, Perim diff Contribution: ,0,Frontier diff: ,0, Frontier diff Contribution ,0,Inverse Area ratio: ,0.987587, Inv Area Ratio Contribution: ,0,Inverse Perim ratio: ,1.01649, Inv Perim Contribution: ,0, Final Score: ,-106
Point: ,73,1,Repeat score:,1, Repeat contribution: ,-1,Dist:,20.0422, Dist contribution: ,-100.211, New scanned ratio: ,0.310931, New Scanned Cells Contribution: ,0,Area ratio: ,0.941077, Area ratio Contribution: ,0,Perim diff: ,1.03321, Perim diff Contribution: ,0,Frontier diff: ,0, Frontier diff Contribution ,0,Inverse Area ratio: ,0.987285, Inv Area Ratio Contribution: ,0,Inverse Perim ratio: ,1.0187, Inv Perim Contribution: ,0, Final Score: ,-101.211
Point: ,73,6,Repeat score:,1, Repeat contribution: ,-1,Dist:,21.4672, Dist contribution: ,-107.336, New scanned ratio: ,0.431315, New Scanned Cells Contribution: ,0,Area ratio: ,0.908372, Area ratio Contribution: ,0,Perim diff: ,1.03495, Perim diff Contribution: ,0,Frontier diff: ,0, Frontier diff Contribution ,0,Inverse Area ratio: ,0.985403, Inv Area Ratio Contribution: ,0,Inverse Perim ratio: ,1.02336, Inv Perim Contribution: ,0, Final Score: ,-108.336
Point: ,70,12,Repeat score:,1, Repeat contribution: ,-1,Dist:,23.0729, Dist contribution: ,-115.365, New scanned ratio: ,0.539143, New Scanned Cells Contribution: ,0,Area ratio: ,0.886065, Area ratio Contribution: ,0,Perim diff: ,1.04252, Perim diff Contribution: ,0,Frontier diff: ,0, Frontier diff Contribution ,0,Inverse Area ratio: ,0.983202, Inv Area Ratio Contribution: ,0,Inverse Perim ratio: ,1.0336, Inv Perim Contribution: ,0, Final Score: ,-116.365
Point: ,65,17,Repeat score:,1, Repeat contribution: ,-1,Dist:,25.1478, Dist contribution: ,-125.739, New scanned ratio: ,0.586411, New Scanned Cells Contribution: ,0,Area ratio: ,0.878607, Area ratio Contribution: ,0,Perim diff: ,1.06018, Perim diff Contribution: ,0,Frontier diff: ,0, Frontier diff Contribution ,0,Inverse Area ratio: ,0.981529, Inv Area Ratio Contribution: ,0,Inverse Perim ratio: ,1.04961, Inv Perim Contribution: ,0, Final Score: ,-126.739
Point: ,59,20,Repeat score:,1, Repeat contribution: ,-1,Dist:,26.6833, Dist contribution: ,-133.417, New scanned ratio: ,0.580502, New Scanned Cells Contribution: ,0,Area ratio: ,0.883927, Area ratio Contribution: ,0,Perim diff: ,1.0645, Perim diff Contribution: ,0,Frontier diff: ,0, Frontier diff Contribution ,0,Inverse Area ratio: ,0.981481, Inv Area Ratio Contribution: ,0,Inverse Perim ratio: ,1.04799, Inv Perim Contribution: ,0, Final Score: ,-134.417
Point: ,54,20,Repeat score:,1, Repeat contribution: ,-1,Dist:,26.0192, Dist contribution: ,-130.096, New scanned ratio: ,0.533235, New Scanned Cells Contribution: ,0,Area ratio: ,0.895378, Area ratio Contribution: ,0,Perim diff: ,1.06164, Perim diff Contribution: ,0,Frontier diff: ,0, Frontier diff Contribution ,0,Inverse Area ratio: ,0.982246, Inv Area Ratio Contribution: ,0,Inverse Perim ratio: ,1.04263, Inv Perim Contribution: ,0, Final Score: ,-131.096
Point: ,53,21,Repeat score:,1, Repeat contribution: ,-1,Dist:,27.3, Dist contribution: ,-136.5, New scanned ratio: ,0.553176, New Scanned Cells Contribution: ,0,Area ratio: ,0.893008, Area ratio Contribution: ,0,Perim diff: ,1.06965, Perim diff Contribution: ,0,Frontier diff: ,0, Frontier diff Contribution ,0,Inverse Area ratio: ,0.981931, Inv Area Ratio Contribution: ,0,Inverse Perim ratio: ,1.04448, Inv Perim Contribution: ,0, Final Score: ,-137.5
Point: ,52,20,Repeat score:,1, Repeat contribution: ,-1,Dist:,26.0192, Dist contribution: ,-130.096, New scanned ratio: ,0.519202, New Scanned Cells Contribution: ,0,Area ratio: ,0.900252, Area ratio Contribution: ,0,Perim diff: ,1.06102, Perim diff Contribution: ,0,Frontier diff: ,0, Frontier diff Contribution ,0,Inverse Area ratio: ,0.982471, Inv Area Ratio Contribution: ,0,Inverse Perim ratio: ,1.04094, Inv Perim Contribution: ,0, Final Score: ,-131.096
Point: ,47,20,Repeat score:,1, Repeat contribution: ,-1,Dist:,26.6833, Dist contribution: ,-133.417, New scanned ratio: ,0.495569, New Scanned Cells Contribution: ,0,Area ratio: ,0.91374, Area ratio Contribution: ,0,Perim diff: ,1.06721, Perim diff Contribution: ,0,Frontier diff: ,0, Frontier diff Contribution ,0,Inverse Area ratio: ,0.982843, Inv Area Ratio Contribution: ,0,Inverse Perim ratio: ,1.03892, Inv Perim Contribution: ,0, Final Score: ,-134.417
Point: ,43,18,Repeat score:,1, Repeat contribution: ,-1,Dist:,25.4472, Dist contribution: ,-127.236, New scanned ratio: ,0.432792, New Scanned Cells Contribution: ,0,Area ratio: ,0.934088, Area ratio Contribution: ,0,Perim diff: ,1.05052, Perim diff Contribution: ,0,Frontier diff: ,0, Frontier diff Contribution ,0,Inverse Area ratio: ,0.983838, Inv Area Ratio Contribution: ,0,Inverse Perim ratio: ,1.03206, Inv Perim Contribution: ,0, Final Score: ,-128.236
Point: ,40,20,Repeat score:,1, Repeat contribution: ,-1,Dist:,29.0689, Dist contribution: ,-145.344, New scanned ratio: ,0.48966, New Scanned Cells Contribution: ,0,Area ratio: ,0.934525, Area ratio Contribution: ,0,Perim diff: ,1.05131, Perim diff Contribution: ,0,Frontier diff: ,0, Frontier diff Contribution ,0,Inverse Area ratio: ,0.982966, Inv Area Ratio Contribution: ,0,Inverse Perim ratio: ,1.03388, Inv Perim Contribution: ,0, Final Score: ,-146.344
Point: ,35,20,Repeat score:,1, Repeat contribution: ,-1,Dist:,31.6228, Dist contribution: ,-158.114, New scanned ratio: ,0.488922, New Scanned Cells Contribution: ,0,Area ratio: ,0.943645, Area ratio Contribution: ,0,Perim diff: ,1.04015, Perim diff Contribution: ,0,Frontier diff: ,0, Frontier diff Contribution ,0,Inverse Area ratio: ,0.982972, Inv Area Ratio Contribution: ,0,Inverse Perim ratio: ,1.03141, Inv Perim Contribution: ,0, Final Score: ,-159.114
Point: ,34,21,Repeat score:,1, Repeat contribution: ,-1,Dist:,33.2609, Dist contribution: ,-166.305, New scanned ratio: ,0.517725, New Scanned Cells Contribution: ,0,Area ratio: ,0.938795, Area ratio Contribution: ,0,Perim diff: ,1.05754, Perim diff Contribution: ,0,Frontier diff: ,0, Frontier diff Contribution ,0,Inverse Area ratio: ,0.982511, Inv Area Ratio Contribution: ,0,Inverse Perim ratio: ,1.03549, Inv Perim Contribution: ,0, Final Score: ,-167.305
Point: ,33,20,Repeat score:,1, Repeat contribution: ,-1,Dist:,32.8024, Dist contribution: ,-164.012, New scanned ratio: ,0.488922, New Scanned Cells Contribution: ,0,Area ratio: ,0.944105, Area ratio Contribution: ,0,Perim diff: ,1.04013, Perim diff Contribution: ,0,Frontier diff: ,0, Frontier diff Contribution ,0,Inverse Area ratio: ,0.982972, Inv Area Ratio Contribution: ,0,Inverse Perim ratio: ,1.03141, Inv Perim Contribution: ,0, Final Score: ,-165.012
Point: ,28,20,Repeat score:,1, Repeat contribution: ,-1,Dist:,36.0694, Dist contribution: ,-180.347, New scanned ratio: ,0.48966, New Scanned Cells Contribution: ,0,Area ratio: ,0.936108, Area ratio Contribution: ,0,Perim diff: ,1.05113, Perim diff Contribution: ,0,Frontier diff: ,0, Frontier diff Contribution ,0,Inverse Area ratio: ,0.982966, Inv Area Ratio Contribution: ,0,Inverse Perim ratio: ,1.03388, Inv Perim Contribution: ,0, Final Score: ,-181.347
Point: ,24,18,Repeat score:,1, Repeat contribution: ,-1,Dist:,37.2634, Dist contribution: ,-186.317, New scanned ratio: ,0.43353, New Scanned Cells Contribution: ,0,Area ratio: ,0.933115, Area ratio Contribution: ,0,Perim diff: ,1.05695, Perim diff Contribution: ,0,Frontier diff: ,0, Frontier diff Contribution ,0,Inverse Area ratio: ,0.983821, Inv Area Ratio Contribution: ,0,Inverse Perim ratio: ,1.03356, Inv Perim Contribution: ,0, Final Score: ,-187.317
Point: ,21,20,Repeat score:,1, Repeat contribution: ,-1,Dist:,41.2311, Dist contribution: ,-206.155, New scanned ratio: ,0.495569, New Scanned Cells Contribution: ,0,Area ratio: ,0.920646, Area ratio Contribution: ,0,Perim diff: ,1.06557, Perim diff Contribution: ,0,Frontier diff: ,0, Frontier diff Contribution ,0,Inverse Area ratio: ,0.982843, Inv Area Ratio Contribution: ,0,Inverse Perim ratio: ,1.03892, Inv Perim Contribution: ,0, Final Score: ,-207.155
BEST Point:,73,1, Score: ,-101.211
COUNT COMMAND: 1
Total frontiers: ,33, Prioritised frontiers: ,18
At: ,72,0,
Point: ,93,0,Repeat score:,1, Repeat contribution: ,-1,Dist:,21, Dist contribution: ,-105, New scanned ratio: ,0.236827, New Scanned Cells Contribution: ,0,Area ratio: ,0.946332, Area ratio Contribution: ,0,Perim diff: ,1.03469, Perim diff Contribution: ,0,Frontier diff: ,0, Frontier diff Contribution ,0,Inverse Area ratio: ,0.984848, Inv Area Ratio Contribution: ,0,Inverse Perim ratio: ,1.01825, Inv Perim Contribution: ,0, Final Score: ,-106
Point: ,92,1,Repeat score:,1, Repeat contribution: ,-1,Dist:,20.0422, Dist contribution: ,-100.211, New scanned ratio: ,0.243775, New Scanned Cells Contribution: ,0,Area ratio: ,0.935759, Area ratio Contribution: ,0,Perim diff: ,1.03579, Perim diff Contribution: ,0,Frontier diff: ,0, Frontier diff Contribution ,0,Inverse Area ratio: ,0.984546, Inv Area Ratio Contribution: ,0,Inverse Perim ratio: ,1.02046, Inv Perim Contribution: ,0, Final Score: ,-101.211
Point: ,92,6,Repeat score:,1, Repeat contribution: ,-1,Dist:,21.4672, Dist contribution: ,-107.336, New scanned ratio: ,0.338159, New Scanned Cells Contribution: ,0,Area ratio: ,0.891326, Area ratio Contribution: ,0,Perim diff: ,1.03752, Perim diff Contribution: ,0,Frontier diff: ,0, Frontier diff Contribution ,0,Inverse Area ratio: ,0.982661, Inv Area Ratio Contribution: ,0,Inverse Perim ratio: ,1.02513, Inv Perim Contribution: ,0, Final Score: ,-108.336
Point: ,89,12,Repeat score:,1, Repeat contribution: ,-1,Dist:,23.0729, Dist contribution: ,-115.365, New scanned ratio: ,0.422698, New Scanned Cells Contribution: ,0,Area ratio: ,0.861188, Area ratio Contribution: ,0,Perim diff: ,1.04501, Perim diff Contribution: ,0,Frontier diff: ,0, Frontier diff Contribution ,0,Inverse Area ratio: ,0.980459, Inv Area Ratio Contribution: ,0,Inverse Perim ratio: ,1.03538, Inv Perim Contribution: ,0, Final Score: ,-116.365
Point: ,84,17,Repeat score:,1, Repeat contribution: ,-1,Dist:,25.1478, Dist contribution: ,-125.739, New scanned ratio: ,0.459757, New Scanned Cells Contribution: ,0,Area ratio: ,0.842243, Area ratio Contribution: ,0,Perim diff: ,1.06184, Perim diff Contribution: ,0,Frontier diff: ,0, Frontier diff Contribution ,0,Inverse Area ratio: ,0.978785, Inv Area Ratio Contribution: ,0,Inverse Perim ratio: ,1.05145, Inv Perim Contribution: ,0, Final Score: ,-126.739
Point: ,78,20,Repeat score:,1, Repeat contribution: ,-1,Dist:,26.6833, Dist contribution: ,-133.417, New scanned ratio: ,0.455124, New Scanned Cells Contribution: ,0,Area ratio: ,0.837894, Area ratio Contribution: ,0,Perim diff: ,1.0677, Perim diff Contribution: ,0,Frontier diff: ,0, Frontier diff Contribution ,0,Inverse Area ratio: ,0.978738, Inv Area Ratio Contribution: ,0,Inverse Perim ratio: ,1.04983, Inv Perim Contribution: ,0, Final Score: ,-134.417
Point: ,73,20,Repeat score:,1, Repeat contribution: ,-1,Dist:,26.0192, Dist contribution: ,-130.096, New scanned ratio: ,0.418066, New Scanned Cells Contribution: ,0,Area ratio: ,0.846321, Area ratio Contribution: ,0,Perim diff: ,1.06647, Perim diff Contribution: ,0,Frontier diff: ,0, Frontier diff Contribution ,0,Inverse Area ratio: ,0.979504, Inv Area Ratio Contribution: ,0,Inverse Perim ratio: ,1.04447, Inv Perim Contribution: ,0, Final Score: ,-131.096
Point: ,72,21,Repeat score:,1, Repeat contribution: ,-1,Dist:,27.3, Dist contribution: ,-136.5, New scanned ratio: ,0.4337, New Scanned Cells Contribution: ,0,Area ratio: ,0.844877, Area ratio Contribution: ,0,Perim diff: ,1.07411, Perim diff Contribution: ,0,Frontier diff: ,0, Frontier diff Contribution ,0,Inverse Area ratio: ,0.979189, Inv Area Ratio Contribution: ,0,Inverse Perim ratio: ,1.04632, Inv Perim Contribution: ,0, Final Score: ,-137.5
Point: ,71,20,Repeat score:,1, Repeat contribution: ,-1,Dist:,26.0192, Dist contribution: ,-130.096, New scanned ratio: ,0.407064, New Scanned Cells Contribution: ,0,Area ratio: ,0.851512, Area ratio Contribution: ,0,Perim diff: ,1.06652, Perim diff Contribution: ,0,Frontier diff: ,0, Frontier diff Contribution ,0,Inverse Area ratio: ,0.97973, Inv Area Ratio Contribution: ,0,Inverse Perim ratio: ,1.04278, Inv Perim Contribution: ,0, Final Score: ,-131.096
Point: ,66,20,Repeat score:,1, Repeat contribution: ,-1,Dist:,26.6833, Dist contribution: ,-133.417, New scanned ratio: ,0.388535, New Scanned Cells Contribution: ,0,Area ratio: ,0.865962, Area ratio Contribution: ,0,Perim diff: ,1.0735, Perim diff Contribution: ,0,Frontier diff: ,0, Frontier diff Contribution ,0,Inverse Area ratio: ,0.980096, Inv Area Ratio Contribution: ,0,Inverse Perim ratio: ,1.04072, Inv Perim Contribution: ,0, Final Score: ,-134.417
Point: ,63,18,Repeat score:,1, Repeat contribution: ,-1,Dist:,25.0711, Dist contribution: ,-125.355, New scanned ratio: ,0.339896, New Scanned Cells Contribution: ,0,Area ratio: ,0.883916, Area ratio Contribution: ,0,Perim diff: ,1.06531, Perim diff Contribution: ,0,Frontier diff: ,0, Frontier diff Contribution ,0,Inverse Area ratio: ,0.981082, Inv Area Ratio Contribution: ,0,Inverse Perim ratio: ,1.0354, Inv Perim Contribution: ,0, Final Score: ,-126.355
Point: ,59,20,Repeat score:,1, Repeat contribution: ,-1,Dist:,29.0689, Dist contribution: ,-145.344, New scanned ratio: ,0.383903, New Scanned Cells Contribution: ,0,Area ratio: ,0.888759, Area ratio Contribution: ,0,Perim diff: ,1.06363, Perim diff Contribution: ,0,Frontier diff: ,0, Frontier diff Contribution ,0,Inverse Area ratio: ,0.980225, Inv Area Ratio Contribution: ,0,Inverse Perim ratio: ,1.03572, Inv Perim Contribution: ,0, Final Score: ,-146.344
Point: ,54,20,Repeat score:,1, Repeat contribution: ,-1,Dist:,31.6228, Dist contribution: ,-158.114, New scanned ratio: ,0.383324, New Scanned Cells Contribution: ,0,Area ratio: ,0.899941, Area ratio Contribution: ,0,Perim diff: ,1.05789, Perim diff Contribution: ,0,Frontier diff: ,0, Frontier diff Contribution ,0,Inverse Area ratio: ,0.980231, Inv Area Ratio Contribution: ,0,Inverse Perim ratio: ,1.03326, Inv Perim Contribution: ,0, Final Score: ,-159.114
Point: ,53,21,Repeat score:,1, Repeat contribution: ,-1,Dist:,33.2609, Dist contribution: ,-166.305, New scanned ratio: ,0.405906, New Scanned Cells Contribution: ,0,Area ratio: ,0.895994, Area ratio Contribution: ,0,Perim diff: ,1.07465, Perim diff Contribution: ,0,Frontier diff: ,0, Frontier diff Contribution ,0,Inverse Area ratio: ,0.979769, Inv Area Ratio Contribution: ,0,Inverse Perim ratio: ,1.03734, Inv Perim Contribution: ,0, Final Score: ,-167.305
Point: ,52,20,Repeat score:,1, Repeat contribution: ,-1,Dist:,32.8024, Dist contribution: ,-164.012, New scanned ratio: ,0.383324, New Scanned Cells Contribution: ,0,Area ratio: ,0.902781, Area ratio Contribution: ,0,Perim diff: ,1.05975, Perim diff Contribution: ,0,Frontier diff: ,0, Frontier diff Contribution ,0,Inverse Area ratio: ,0.980231, Inv Area Ratio Contribution: ,0,Inverse Perim ratio: ,1.03326, Inv Perim Contribution: ,0, Final Score: ,-165.012
Point: ,47,20,Repeat score:,1, Repeat contribution: ,-1,Dist:,36.0694, Dist contribution: ,-180.347, New scanned ratio: ,0.383903, New Scanned Cells Contribution: ,0,Area ratio: ,0.902386, Area ratio Contribution: ,0,Perim diff: ,1.07571, Perim diff Contribution: ,0,Frontier diff: ,0, Frontier diff Contribution ,0,Inverse Area ratio: ,0.98022, Inv Area Ratio Contribution: ,0,Inverse Perim ratio: ,1.03573, Inv Perim Contribution: ,0, Final Score: ,-181.347
Point: ,44,18,Repeat score:,1, Repeat contribution: ,-1,Dist:,36.4905, Dist contribution: ,-182.453, New scanned ratio: ,0.339317, New Scanned Cells Contribution: ,0,Area ratio: ,0.910307, Area ratio Contribution: ,0,Perim diff: ,1.07185, Perim diff Contribution: ,0,Frontier diff: ,0, Frontier diff Contribution ,0,Inverse Area ratio: ,0.981093, Inv Area Ratio Contribution: ,0,Inverse Perim ratio: ,1.03289, Inv Perim Contribution: ,0, Final Score: ,-183.453
Point: ,40,20,Repeat score:,1, Repeat contribution: ,-1,Dist:,41.2311, Dist contribution: ,-206.155, New scanned ratio: ,0.383903, New Scanned Cells Contribution: ,0,Area ratio: ,0.902386, Area ratio Contribution: ,0,Perim diff: ,1.07571, Perim diff Contribution: ,0,Frontier diff: ,0, Frontier diff Contribution ,0,Inverse Area ratio: ,0.98022, Inv Area Ratio Contribution: ,0,Inverse Perim ratio: ,1.03573, Inv Perim Contribution: ,0, Final Score: ,-207.155
BEST Point:,92,1, Score: ,-101.211
COUNT COMMAND: 1
Total frontiers: ,39, Prioritised frontiers: ,18
At: ,91,0,
Point: ,112,0,Repeat score:,1, Repeat contribution: ,-1,Dist:,21, Dist contribution: ,-105, New scanned ratio: ,0.194762, New Scanned Cells Contribution: ,0,Area ratio: ,0.9445, Area ratio Contribution: ,0,Perim diff: ,1.03672, Perim diff Contribution: ,0,Frontier diff: ,0, Frontier diff Contribution ,0,Inverse Area ratio: ,0.982101, Inv Area Ratio Contribution: ,0,Inverse Perim ratio: ,1.01996, Inv Perim Contribution: ,0, Final Score: ,-106
Point: ,111,1,Repeat score:,1, Repeat contribution: ,-1,Dist:,20.0422, Dist contribution: ,-100.211, New scanned ratio: ,0.200476, New Scanned Cells Contribution: ,0,Area ratio: ,0.932058, Area ratio Contribution: ,0,Perim diff: ,1.03768, Perim diff Contribution: ,0,Frontier diff: ,0, Frontier diff Contribution ,0,Inverse Area ratio: ,0.981799, Inv Area Ratio Contribution: ,0,Inverse Perim ratio: ,1.02218, Inv Perim Contribution: ,0, Final Score: ,-101.211
Point: ,111,6,Repeat score:,1, Repeat contribution: ,-1,Dist:,21.4672, Dist contribution: ,-107.336, New scanned ratio: ,0.278095, New Scanned Cells Contribution: ,0,Area ratio: ,0.87942, Area ratio Contribution: ,0,Perim diff: ,1.03932, Perim diff Contribution: ,0,Frontier diff: ,0, Frontier diff Contribution ,0,Inverse Area ratio: ,0.979912, Inv Area Ratio Contribution: ,0,Inverse Perim ratio: ,1.02685, Inv Perim Contribution: ,0, Final Score: ,-108.336
Point: ,108,12,Repeat score:,1, Repeat contribution: ,-1,Dist:,23.0729, Dist contribution: ,-115.365, New scanned ratio: ,0.347619, New Scanned Cells Contribution: ,0,Area ratio: ,0.839272, Area ratio Contribution: ,0,Perim diff: ,1.04638, Perim diff Contribution: ,0,Frontier diff: ,0, Frontier diff Contribution ,0,Inverse Area ratio: ,0.977707, Inv Area Ratio Contribution: ,0,Inverse Perim ratio: ,1.03711, Inv Perim Contribution: ,0, Final Score: ,-116.365
Point: ,103,17,Repeat score:,1, Repeat contribution: ,-1,Dist:,25.1478, Dist contribution: ,-125.739, New scanned ratio: ,0.378095, New Scanned Cells Contribution: ,0,Area ratio: ,0.817107, Area ratio Contribution: ,0,Perim diff: ,1.06191, Perim diff Contribution: ,0,Frontier diff: ,0, Frontier diff Contribution ,0,Inverse Area ratio: ,0.976034, Inv Area Ratio Contribution: ,0,Inverse Perim ratio: ,1.05321, Inv Perim Contribution: ,0, Final Score: ,-126.739
Point: ,97,20,Repeat score:,1, Repeat contribution: ,-1,Dist:,26.6833, Dist contribution: ,-133.417, New scanned ratio: ,0.374286, New Scanned Cells Contribution: ,0,Area ratio: ,0.806697, Area ratio Contribution: ,0,Perim diff: ,1.06797, Perim diff Contribution: ,0,Frontier diff: ,0, Frontier diff Contribution ,0,Inverse Area ratio: ,0.975987, Inv Area Ratio Contribution: ,0,Inverse Perim ratio: ,1.0516, Inv Perim Contribution: ,0, Final Score: ,-134.417
Point: ,92,20,Repeat score:,1, Repeat contribution: ,-1,Dist:,26.0192, Dist contribution: ,-130.096, New scanned ratio: ,0.34381, New Scanned Cells Contribution: ,0,Area ratio: ,0.812754, Area ratio Contribution: ,0,Perim diff: ,1.06731, Perim diff Contribution: ,0,Frontier diff: ,0, Frontier diff Contribution ,0,Inverse Area ratio: ,0.976754, Inv Area Ratio Contribution: ,0,Inverse Perim ratio: ,1.04624, Inv Perim Contribution: ,0, Final Score: ,-131.096
Point: ,91,21,Repeat score:,1, Repeat contribution: ,-1,Dist:,27.3, Dist contribution: ,-136.5, New scanned ratio: ,0.356667, New Scanned Cells Contribution: ,0,Area ratio: ,0.809609, Area ratio Contribution: ,0,Perim diff: ,1.07431, Perim diff Contribution: ,0,Frontier diff: ,0, Frontier diff Contribution ,0,Inverse Area ratio: ,0.976438, Inv Area Ratio Contribution: ,0,Inverse Perim ratio: ,1.04809, Inv Perim Contribution: ,0, Final Score: ,-137.5
Point: ,90,20,Repeat score:,1, Repeat contribution: ,-1,Dist:,26.0192, Dist contribution: ,-130.096, New scanned ratio: ,0.334762, New Scanned Cells Contribution: ,0,Area ratio: ,0.816684, Area ratio Contribution: ,0,Perim diff: ,1.06755, Perim diff Contribution: ,0,Frontier diff: ,0, Frontier diff Contribution ,0,Inverse Area ratio: ,0.97698, Inv Area Ratio Contribution: ,0,Inverse Perim ratio: ,1.04455, Inv Perim Contribution: ,0, Final Score: ,-131.096
Point: ,85,20,Repeat score:,1, Repeat contribution: ,-1,Dist:,26.6833, Dist contribution: ,-133.417, New scanned ratio: ,0.319524, New Scanned Cells Contribution: ,0,Area ratio: ,0.827786, Area ratio Contribution: ,0,Perim diff: ,1.07412, Perim diff Contribution: ,0,Frontier diff: ,0, Frontier diff Contribution ,0,Inverse Area ratio: ,0.977346, Inv Area Ratio Contribution: ,0,Inverse Perim ratio: ,1.04248, Inv Perim Contribution: ,0, Final Score: ,-134.417
Point: ,82,18,Repeat score:,1, Repeat contribution: ,-1,Dist:,25.0711, Dist contribution: ,-125.355, New scanned ratio: ,0.279524, New Scanned Cells Contribution: ,0,Area ratio: ,0.845938, Area ratio Contribution: ,0,Perim diff: ,1.06672, Perim diff Contribution: ,0,Frontier diff: ,0, Frontier diff Contribution ,0,Inverse Area ratio: ,0.978334, Inv Area Ratio Contribution: ,0,Inverse Perim ratio: ,1.03716, Inv Perim Contribution: ,0, Final Score: ,-126.355
Point: ,78,20,Repeat score:,1, Repeat contribution: ,-1,Dist:,29.0689, Dist contribution: ,-145.344, New scanned ratio: ,0.315714, New Scanned Cells Contribution: ,0,Area ratio: ,0.845674, Area ratio Contribution: ,0,Perim diff: ,1.06668, Perim diff Contribution: ,0,Frontier diff: ,0, Frontier diff Contribution ,0,Inverse Area ratio: ,0.977476, Inv Area Ratio Contribution: ,0,Inverse Perim ratio: ,1.03749, Inv Perim Contribution: ,0, Final Score: ,-146.344
Point: ,73,20,Repeat score:,1, Repeat contribution: ,-1,Dist:,31.6228, Dist contribution: ,-158.114, New scanned ratio: ,0.315238, New Scanned Cells Contribution: ,0,Area ratio: ,0.855248, Area ratio Contribution: ,0,Perim diff: ,1.06276, Perim diff Contribution: ,0,Frontier diff: ,0, Frontier diff Contribution ,0,Inverse Area ratio: ,0.977482, Inv Area Ratio Contribution: ,0,Inverse Perim ratio: ,1.03502, Inv Perim Contribution: ,0, Final Score: ,-159.114
Point: ,72,21,Repeat score:,1, Repeat contribution: ,-1,Dist:,33.2609, Dist contribution: ,-166.305, New scanned ratio: ,0.33381, New Scanned Cells Contribution: ,0,Area ratio: ,0.8526, Area ratio Contribution: ,0,Perim diff: ,1.07796, Perim diff Contribution: ,0,Frontier diff: ,0, Frontier diff Contribution ,0,Inverse Area ratio: ,0.977019, Inv Area Ratio Contribution: ,0,Inverse Perim ratio: ,1.0391, Inv Perim Contribution: ,0, Final Score: ,-167.305
Point: ,71,20,Repeat score:,1, Repeat contribution: ,-1,Dist:,32.8024, Dist contribution: ,-164.012, New scanned ratio: ,0.315238, New Scanned Cells Contribution: ,0,Area ratio: ,0.859139, Area ratio Contribution: ,0,Perim diff: ,1.06485, Perim diff Contribution: ,0,Frontier diff: ,0, Frontier diff Contribution ,0,Inverse Area ratio: ,0.977482, Inv Area Ratio Contribution: ,0,Inverse Perim ratio: ,1.03502, Inv Perim Contribution: ,0, Final Score: ,-165.012
Point: ,66,20,Repeat score:,1, Repeat contribution: ,-1,Dist:,36.0694, Dist contribution: ,-180.347, New scanned ratio: ,0.315714, New Scanned Cells Contribution: ,0,Area ratio: ,0.863347, Area ratio Contribution: ,0,Perim diff: ,1.07968, Perim diff Contribution: ,0,Frontier diff: ,0, Frontier diff Contribution ,0,Inverse Area ratio: ,0.977465, Inv Area Ratio Contribution: ,0,Inverse Perim ratio: ,1.03745, Inv Perim Contribution: ,0, Final Score: ,-181.347
Point: ,63,18,Repeat score:,1, Repeat contribution: ,-1,Dist:,36.4905, Dist contribution: ,-182.453, New scanned ratio: ,0.279048, New Scanned Cells Contribution: ,0,Area ratio: ,0.872854, Area ratio Contribution: ,0,Perim diff: ,1.07644, Perim diff Contribution: ,0,Frontier diff: ,0, Frontier diff Contribution ,0,Inverse Area ratio: ,0.978345, Inv Area Ratio Contribution: ,0,Inverse Perim ratio: ,1.03466, Inv Perim Contribution: ,0, Final Score: ,-183.453
Point: ,59,20,Repeat score:,1, Repeat contribution: ,-1,Dist:,41.2311, Dist contribution: ,-206.155, New scanned ratio: ,0.315714, New Scanned Cells Contribution: ,0,Area ratio: ,0.868979, Area ratio Contribution: ,0,Perim diff: ,1.08313, Perim diff Contribution: ,0,Frontier diff: ,0, Frontier diff Contribution ,0,Inverse Area ratio: ,0.97747, Inv Area Ratio Contribution: ,0,Inverse Perim ratio: ,1.0375, Inv Perim Contribution: ,0, Final Score: ,-207.155
BEST Point:,111,1, Score: ,-101.211
COUNT COMMAND: 1
Total frontiers: ,45, Prioritised frontiers: ,18
At: ,110,0,
Point: ,131,0,Repeat score:,1, Repeat contribution: ,-1,Dist:,21, Dist contribution: ,-105, New scanned ratio: ,0.165386, New Scanned Cells Contribution: ,0,Area ratio: ,0.943148, Area ratio Contribution: ,0,Perim diff: ,1.03827, Perim diff Contribution: ,0,Frontier diff: ,0, Frontier diff Contribution ,0,Inverse Area ratio: ,0.979346, Inv Area Ratio Contribution: ,0,Inverse Perim ratio: ,1.02165, Inv Perim Contribution: ,0, Final Score: ,-106
Point: ,130,1,Repeat score:,1, Repeat contribution: ,-1,Dist:,20.0422, Dist contribution: ,-100.211, New scanned ratio: ,0.170239, New Scanned Cells Contribution: ,0,Area ratio: ,0.929334, Area ratio Contribution: ,0,Perim diff: ,1.03914, Perim diff Contribution: ,0,Frontier diff: ,0, Frontier diff Contribution ,0,Inverse Area ratio: ,0.979044, Inv Area Ratio Contribution: ,0,Inverse Perim ratio: ,1.02388, Inv Perim Contribution: ,0, Final Score: ,-101.211
Point: ,130,6,Repeat score:,1, Repeat contribution: ,-1,Dist:,21.4672, Dist contribution: ,-107.336, New scanned ratio: ,0.23615, New Scanned Cells Contribution: ,0,Area ratio: ,0.870634, Area ratio Contribution: ,0,Perim diff: ,1.04066, Perim diff Contribution: ,0,Frontier diff: ,0, Frontier diff Contribution ,0,Inverse Area ratio: ,0.977154, Inv Area Ratio Contribution: ,0,Inverse Perim ratio: ,1.02854, Inv Perim Contribution: ,0, Final Score: ,-108.336
Point: ,127,12,Repeat score:,1, Repeat contribution: ,-1,Dist:,23.0729, Dist contribution: ,-115.365, New scanned ratio: ,0.295188, New Scanned Cells Contribution: ,0,Area ratio: ,0.823196, Area ratio Contribution: ,0,Perim diff: ,1.04723, Perim diff Contribution: ,0,Frontier diff: ,0, Frontier diff Contribution ,0,Inverse Area ratio: ,0.974947, Inv Area Ratio Contribution: ,0,Inverse Perim ratio: ,1.03882, Inv Perim Contribution: ,0, Final Score: ,-116.365
Point: ,122,17,Repeat score:,1, Repeat contribution: ,-1,Dist:,25.1478, Dist contribution: ,-125.739, New scanned ratio: ,0.321068, New Scanned Cells Contribution: ,0,Area ratio: ,0.797674, Area ratio Contribution: ,0,Perim diff: ,1.06147, Perim diff Contribution: ,0,Frontier diff: ,0, Frontier diff Contribution ,0,Inverse Area ratio: ,0.973273, Inv Area Ratio Contribution: ,0,Inverse Perim ratio: ,1.05493, Inv Perim Contribution: ,0, Final Score: ,-126.739
Point: ,116,20,Repeat score:,1, Repeat contribution: ,-1,Dist:,26.6833, Dist contribution: ,-133.417, New scanned ratio: ,0.317833, New Scanned Cells Contribution: ,0,Area ratio: ,0.784158, Area ratio Contribution: ,0,Perim diff: ,1.06732, Perim diff Contribution: ,0,Frontier diff: ,0, Frontier diff Contribution ,0,Inverse Area ratio: ,0.973227, Inv Area Ratio Contribution: ,0,Inverse Perim ratio: ,1.05332, Inv Perim Contribution: ,0, Final Score: ,-134.417
Point: ,111,20,Repeat score:,1, Repeat contribution: ,-1,Dist:,26.0192, Dist contribution: ,-130.096, New scanned ratio: ,0.291953, New Scanned Cells Contribution: ,0,Area ratio: ,0.788752, Area ratio Contribution: ,0,Perim diff: ,1.06691, Perim diff Contribution: ,0,Frontier diff: ,0, Frontier diff Contribution ,0,Inverse Area ratio: ,0.973995, Inv Area Ratio Contribution: ,0,Inverse Perim ratio: ,1.04796, Inv Perim Contribution: ,0, Final Score: ,-131.096
Point: ,110,21,Repeat score:,1, Repeat contribution: ,-1,Dist:,27.3, Dist contribution: ,-136.5, New scanned ratio: ,0.302871, New Scanned Cells Contribution: ,0,Area ratio: ,0.784421, Area ratio Contribution: ,0,Perim diff: ,1.07327, Perim diff Contribution: ,0,Frontier diff: ,0, Frontier diff Contribution ,0,Inverse Area ratio: ,0.973679, Inv Area Ratio Contribution: ,0,Inverse Perim ratio: ,1.04981, Inv Perim Contribution: ,0, Final Score: ,-137.5
Point: ,109,20,Repeat score:,1, Repeat contribution: ,-1,Dist:,26.0192, Dist contribution: ,-130.096, New scanned ratio: ,0.28427, New Scanned Cells Contribution: ,0,Area ratio: ,0.791879, Area ratio Contribution: ,0,Perim diff: ,1.0672, Perim diff Contribution: ,0,Frontier diff: ,0, Frontier diff Contribution ,0,Inverse Area ratio: ,0.974221, Inv Area Ratio Contribution: ,0,Inverse Perim ratio: ,1.04627, Inv Perim Contribution: ,0, Final Score: ,-131.096
Point: ,104,20,Repeat score:,1, Repeat contribution: ,-1,Dist:,26.6833, Dist contribution: ,-133.417, New scanned ratio: ,0.27133, New Scanned Cells Contribution: ,0,Area ratio: ,0.800827, Area ratio Contribution: ,0,Perim diff: ,1.07318, Perim diff Contribution: ,0,Frontier diff: ,0, Frontier diff Contribution ,0,Inverse Area ratio: ,0.974589, Inv Area Ratio Contribution: ,0,Inverse Perim ratio: ,1.04421, Inv Perim Contribution: ,0, Final Score: ,-134.417
Point: ,101,18,Repeat score:,1, Repeat contribution: ,-1,Dist:,25.0711, Dist contribution: ,-125.355, New scanned ratio: ,0.237364, New Scanned Cells Contribution: ,0,Area ratio: ,0.819291, Area ratio Contribution: ,0,Perim diff: ,1.06644, Perim diff Contribution: ,0,Frontier diff: ,0, Frontier diff Contribution ,0,Inverse Area ratio: ,0.975578, Inv Area Ratio Contribution: ,0,Inverse Perim ratio: ,1.03889, Inv Perim Contribution: ,0, Final Score: ,-126.355
Point: ,97,20,Repeat score:,1, Repeat contribution: ,-1,Dist:,29.0689, Dist contribution: ,-145.344, New scanned ratio: ,0.268095, New Scanned Cells Contribution: ,0,Area ratio: ,0.8155, Area ratio Contribution: ,0,Perim diff: ,1.06706, Perim diff Contribution: ,0,Frontier diff: ,0, Frontier diff Contribution ,0,Inverse Area ratio: ,0.974719, Inv Area Ratio Contribution: ,0,Inverse Perim ratio: ,1.03921, Inv Perim Contribution: ,0, Final Score: ,-146.344
Point: ,92,20,Repeat score:,1, Repeat contribution: ,-1,Dist:,31.6228, Dist contribution: ,-158.114, New scanned ratio: ,0.267691, New Scanned Cells Contribution: ,0,Area ratio: ,0.823336, Area ratio Contribution: ,0,Perim diff: ,1.064, Perim diff Contribution: ,0,Frontier diff: ,0, Frontier diff Contribution ,0,Inverse Area ratio: ,0.974724, Inv Area Ratio Contribution: ,0,Inverse Perim ratio: ,1.03674, Inv Perim Contribution: ,0, Final Score: ,-159.114
Point: ,91,21,Repeat score:,1, Repeat contribution: ,-1,Dist:,33.2609, Dist contribution: ,-166.305, New scanned ratio: ,0.283461, New Scanned Cells Contribution: ,0,Area ratio: ,0.819433, Area ratio Contribution: ,0,Perim diff: ,1.07766, Perim diff Contribution: ,0,Frontier diff: ,0, Frontier diff Contribution ,0,Inverse Area ratio: ,0.974261, Inv Area Ratio Contribution: ,0,Inverse Perim ratio: ,1.04082, Inv Perim Contribution: ,0, Final Score: ,-167.305
Point: ,90,20,Repeat score:,1, Repeat contribution: ,-1,Dist:,32.8024, Dist contribution: ,-164.012, New scanned ratio: ,0.267691, New Scanned Cells Contribution: ,0,Area ratio: ,0.826512, Area ratio Contribution: ,0,Perim diff: ,1.06599, Perim diff Contribution: ,0,Frontier diff: ,0, Frontier diff Contribution ,0,Inverse Area ratio: ,0.974724, Inv Area Ratio Contribution: ,0,Inverse Perim ratio: ,1.03674, Inv Perim Contribution: ,0, Final Score: ,-165.012
Point: ,85,20,Repeat score:,1, Repeat contribution: ,-1,Dist:,36.0694, Dist contribution: ,-180.347, New scanned ratio: ,0.268095, New Scanned Cells Contribution: ,0,Area ratio: ,0.829943, Area ratio Contribution: ,0,Perim diff: ,1.07946, Perim diff Contribution: ,0,Frontier diff: ,0, Frontier diff Contribution ,0,Inverse Area ratio: ,0.974707, Inv Area Ratio Contribution: ,0,Inverse Perim ratio: ,1.03917, Inv Perim Contribution: ,0, Final Score: ,-181.347
Point: ,82,18,Repeat score:,1, Repeat contribution: ,-1,Dist:,36.4905, Dist contribution: ,-182.453, New scanned ratio: ,0.236959, New Scanned Cells Contribution: ,0,Area ratio: ,0.84137, Area ratio Contribution: ,0,Perim diff: ,1.0763, Perim diff Contribution: ,0,Frontier diff: ,0, Frontier diff Contribution ,0,Inverse Area ratio: ,0.975589, Inv Area Ratio Contribution: ,0,Inverse Perim ratio: ,1.03638, Inv Perim Contribution: ,0, Final Score: ,-183.453
Point: ,78,20,Repeat score:,1, Repeat contribution: ,-1,Dist:,41.2311, Dist contribution: ,-206.155, New scanned ratio: ,0.268095, New Scanned Cells Contribution: ,0,Area ratio: ,0.834516, Area ratio Contribution: ,0,Perim diff: ,1.08341, Perim diff Contribution: ,0,Frontier diff: ,0, Frontier diff Contribution ,0,Inverse Area ratio: ,0.974713, Inv Area Ratio Contribution: ,0,Inverse Perim ratio: ,1.03922, Inv Perim Contribution: ,0, Final Score: ,-207.155
BEST Point:,130,1, Score: ,-101.211
COUNT COMMAND: 1
Total frontiers: ,51, Prioritised frontiers: ,18
At: ,129,0,
Point: ,150,0,Repeat score:,1, Repeat contribution: ,-1,Dist:,21, Dist contribution: ,-105, New scanned ratio: ,0.14371, New Scanned Cells Contribution: ,0,Area ratio: ,0.942111, Area ratio Contribution: ,0,Perim diff: ,1.03951, Perim diff Contribution: ,0,Frontier diff: ,0, Frontier diff Contribution ,0,Inverse Area ratio: ,0.976583, Inv Area Ratio Contribution: ,0,Inverse Perim ratio: ,1.02333, Inv Perim Contribution: ,0, Final Score: ,-106
Point: ,149,1,Repeat score:,1, Repeat contribution: ,-1,Dist:,20.0422, Dist contribution: ,-100.211, New scanned ratio: ,0.147927, New Scanned Cells Contribution: ,0,Area ratio: ,0.927246, Area ratio Contribution: ,0,Perim diff: ,1.04029, Perim diff Contribution: ,0,Frontier diff: ,0, Frontier diff Contribution ,0,Inverse Area ratio: ,0.97628, Inv Area Ratio Contribution: ,0,Inverse Perim ratio: ,1.02555, Inv Perim Contribution: ,0, Final Score: ,-101.211
Point: ,149,6,Repeat score:,1, Repeat contribution: ,-1,Dist:,21.4672, Dist contribution: ,-107.336, New scanned ratio: ,0.2052, New Scanned Cells Contribution: ,0,Area ratio: ,0.863883, Area ratio Contribution: ,0,Perim diff: ,1.0417, Perim diff Contribution: ,0,Frontier diff: ,0, Frontier diff Contribution ,0,Inverse Area ratio: ,0.974387, Inv Area Ratio Contribution: ,0,Inverse Perim ratio: ,1.03022, Inv Perim Contribution: ,0, Final Score: ,-108.336
Point: ,146,12,Repeat score:,1, Repeat contribution: ,-1,Dist:,23.0729, Dist contribution: ,-115.365, New scanned ratio: ,0.2565, New Scanned Cells Contribution: ,0,Area ratio: ,0.810901, Area ratio Contribution: ,0,Perim diff: ,1.04779, Perim diff Contribution: ,0,Frontier diff: ,0, Frontier diff Contribution ,0,Inverse Area ratio: ,0.972179, Inv Area Ratio Contribution: ,0,Inverse Perim ratio: ,1.0405, Inv Perim Contribution: ,0, Final Score: ,-116.365
Point: ,141,17,Repeat score:,1, Repeat contribution: ,-1,Dist:,25.1478, Dist contribution: ,-125.739, New scanned ratio: ,0.278988, New Scanned Cells Contribution: ,0,Area ratio: ,0.780397, Area ratio Contribution: ,0,Perim diff: ,1.06086, Perim diff Contribution: ,0,Frontier diff: ,0, Frontier diff Contribution ,0,Inverse Area ratio: ,0.970505, Inv Area Ratio Contribution: ,0,Inverse Perim ratio: ,1.05662, Inv Perim Contribution: ,0, Final Score: ,-126.739
Point: ,135,20,Repeat score:,1, Repeat contribution: ,-1,Dist:,26.6833, Dist contribution: ,-133.417, New scanned ratio: ,0.276177, New Scanned Cells Contribution: ,0,Area ratio: ,0.767113, Area ratio Contribution: ,0,Perim diff: ,1.0664, Perim diff Contribution: ,0,Frontier diff: ,0, Frontier diff Contribution ,0,Inverse Area ratio: ,0.970459, Inv Area Ratio Contribution: ,0,Inverse Perim ratio: ,1.05502, Inv Perim Contribution: ,0, Final Score: ,-134.417
Point: ,130,20,Repeat score:,1, Repeat contribution: ,-1,Dist:,26.0192, Dist contribution: ,-130.096, New scanned ratio: ,0.253689, New Scanned Cells Contribution: ,0,Area ratio: ,0.770737, Area ratio Contribution: ,0,Perim diff: ,1.06611, Perim diff Contribution: ,0,Frontier diff: ,0, Frontier diff Contribution ,0,Inverse Area ratio: ,0.971228, Inv Area Ratio Contribution: ,0,Inverse Perim ratio: ,1.04966, Inv Perim Contribution: ,0, Final Score: ,-131.096
Point: ,129,21,Repeat score:,1, Repeat contribution: ,-1,Dist:,27.3, Dist contribution: ,-136.5, New scanned ratio: ,0.263176, New Scanned Cells Contribution: ,0,Area ratio: ,0.765533, Area ratio Contribution: ,0,Perim diff: ,1.0719, Perim diff Contribution: ,0,Frontier diff: ,0, Frontier diff Contribution ,0,Inverse Area ratio: ,0.970911, Inv Area Ratio Contribution: ,0,Inverse Perim ratio: ,1.05151, Inv Perim Contribution: ,0, Final Score: ,-137.5
Point: ,128,20,Repeat score:,1, Repeat contribution: ,-1,Dist:,26.0192, Dist contribution: ,-130.096, New scanned ratio: ,0.247013, New Scanned Cells Contribution: ,0,Area ratio: ,0.773314, Area ratio Contribution: ,0,Perim diff: ,1.0664, Perim diff Contribution: ,0,Frontier diff: ,0, Frontier diff Contribution ,0,Inverse Area ratio: ,0.971455, Inv Area Ratio Contribution: ,0,Inverse Perim ratio: ,1.04797, Inv Perim Contribution: ,0, Final Score: ,-131.096
Point: ,123,20,Repeat score:,1, Repeat contribution: ,-1,Dist:,26.6833, Dist contribution: ,-133.417, New scanned ratio: ,0.23577, New Scanned Cells Contribution: ,0,Area ratio: ,0.780774, Area ratio Contribution: ,0,Perim diff: ,1.07182, Perim diff Contribution: ,0,Frontier diff: ,0, Frontier diff Contribution ,0,Inverse Area ratio: ,0.971823, Inv Area Ratio Contribution: ,0,Inverse Perim ratio: ,1.0459, Inv Perim Contribution: ,0, Final Score: ,-134.417
Point: ,120,18,Repeat score:,1, Repeat contribution: ,-1,Dist:,25.0711, Dist contribution: ,-125.355, New scanned ratio: ,0.206254, New Scanned Cells Contribution: ,0,Area ratio: ,0.799561, Area ratio Contribution: ,0,Perim diff: ,1.06566, Perim diff Contribution: ,0,Frontier diff: ,0, Frontier diff Contribution ,0,Inverse Area ratio: ,0.972813, Inv Area Ratio Contribution: ,0,Inverse Perim ratio: ,1.04058, Inv Perim Contribution: ,0, Final Score: ,-126.355
Point: ,116,20,Repeat score:,1, Repeat contribution: ,-1,Dist:,29.0689, Dist contribution: ,-145.344, New scanned ratio: ,0.232959, New Scanned Cells Contribution: ,0,Area ratio: ,0.793189, Area ratio Contribution: ,0,Perim diff: ,1.06656, Perim diff Contribution: ,0,Frontier diff: ,0, Frontier diff Contribution ,0,Inverse Area ratio: ,0.971953, Inv Area Ratio Contribution: ,0,Inverse Perim ratio: ,1.04091, Inv Perim Contribution: ,0, Final Score: ,-146.344
Point: ,111,20,Repeat score:,1, Repeat contribution: ,-1,Dist:,31.6228, Dist contribution: ,-158.114, New scanned ratio: ,0.232607, New Scanned Cells Contribution: ,0,Area ratio: ,0.799809, Area ratio Contribution: ,0,Perim diff: ,1.06399, Perim diff Contribution: ,0,Frontier diff: ,0, Frontier diff Contribution ,0,Inverse Area ratio: ,0.971958, Inv Area Ratio Contribution: ,0,Inverse Perim ratio: ,1.03844, Inv Perim Contribution: ,0, Final Score: ,-159.114
Point: ,110,21,Repeat score:,1, Repeat contribution: ,-1,Dist:,33.2609, Dist contribution: ,-166.305, New scanned ratio: ,0.246311, New Scanned Cells Contribution: ,0,Area ratio: ,0.794983, Area ratio Contribution: ,0,Perim diff: ,1.07633, Perim diff Contribution: ,0,Frontier diff: ,0, Frontier diff Contribution ,0,Inverse Area ratio: ,0.971494, Inv Area Ratio Contribution: ,0,Inverse Perim ratio: ,1.04252, Inv Perim Contribution: ,0, Final Score: ,-167.305
Point: ,109,20,Repeat score:,1, Repeat contribution: ,-1,Dist:,32.8024, Dist contribution: ,-164.012, New scanned ratio: ,0.232607, New Scanned Cells Contribution: ,0,Area ratio: ,0.802488, Area ratio Contribution: ,0,Perim diff: ,1.06584, Perim diff Contribution: ,0,Frontier diff: ,0, Frontier diff Contribution ,0,Inverse Area ratio: ,0.971958, Inv Area Ratio Contribution: ,0,Inverse Perim ratio: ,1.03844, Inv Perim Contribution: ,0, Final Score: ,-165.012
Point: ,104,20,Repeat score:,1, Repeat contribution: ,-1,Dist:,36.0694, Dist contribution: ,-180.347, New scanned ratio: ,0.232959, New Scanned Cells Contribution: ,0,Area ratio: ,0.805379, Area ratio Contribution: ,0,Perim diff: ,1.07801, Perim diff Contribution: ,0,Frontier diff: ,0, Frontier diff Contribution ,0,Inverse Area ratio: ,0.971941, Inv Area Ratio Contribution: ,0,Inverse Perim ratio: ,1.04087, Inv Perim Contribution: ,0, Final Score: ,-181.347
Point: ,101,18,Repeat score:,1, Repeat contribution: ,-1,Dist:,36.4905, Dist contribution: ,-182.453, New scanned ratio: ,0.205903, New Scanned Cells Contribution: ,0,Area ratio: ,0.81825, Area ratio Contribution: ,0,Perim diff: ,1.07496, Perim diff Contribution: ,0,Frontier diff: ,0, Frontier diff Contribution ,0,Inverse Area ratio: ,0.972824, Inv Area Ratio Contribution: ,0,Inverse Perim ratio: ,1.03808, Inv Perim Contribution: ,0, Final Score: ,-183.453
Point: ,97,20,Repeat score:,1, Repeat contribution: ,-1,Dist:,41.2311, Dist contribution: ,-206.155, New scanned ratio: ,0.232959, New Scanned Cells Contribution: ,0,Area ratio: ,0.809219, Area ratio Contribution: ,0,Perim diff: ,1.08187, Perim diff Contribution: ,0,Frontier diff: ,0, Frontier diff Contribution ,0,Inverse Area ratio: ,0.971947, Inv Area Ratio Contribution: ,0,Inverse Perim ratio: ,1.04092, Inv Perim Contribution: ,0, Final Score: ,-207.155
BEST Point:,149,1, Score: ,-101.211
COUNT COMMAND: 1
Total frontiers: ,57, Prioritised frontiers: ,18
At: ,148,0,
Point: ,169,0,Repeat score:,1, Repeat contribution: ,-1,Dist:,21, Dist contribution: ,-105, New scanned ratio: ,0.127058, New Scanned Cells Contribution: ,0,Area ratio: ,0.941289, Area ratio Contribution: ,0,Perim diff: ,1.04051, Perim diff Contribution: ,0,Frontier diff: ,0, Frontier diff Contribution ,0,Inverse Area ratio: ,0.973811, Inv Area Ratio Contribution: ,0,Inverse Perim ratio: ,1.02499, Inv Perim Contribution: ,0, Final Score: ,-106
Point: ,168,1,Repeat score:,1, Repeat contribution: ,-1,Dist:,20.0422, Dist contribution: ,-100.211, New scanned ratio: ,0.130786, New Scanned Cells Contribution: ,0,Area ratio: ,0.925593, Area ratio Contribution: ,0,Perim diff: ,1.04122, Perim diff Contribution: ,0,Frontier diff: ,0, Frontier diff Contribution ,0,Inverse Area ratio: ,0.973509, Inv Area Ratio Contribution: ,0,Inverse Perim ratio: ,1.02722, Inv Perim Contribution: ,0, Final Score: ,-101.211
Point: ,168,6,Repeat score:,1, Repeat contribution: ,-1,Dist:,21.4672, Dist contribution: ,-107.336, New scanned ratio: ,0.181423, New Scanned Cells Contribution: ,0,Area ratio: ,0.858534, Area ratio Contribution: ,0,Perim diff: ,1.04253, Perim diff Contribution: ,0,Frontier diff: ,0, Frontier diff Contribution ,0,Inverse Area ratio: ,0.971613, Inv Area Ratio Contribution: ,0,Inverse Perim ratio: ,1.03188, Inv Perim Contribution: ,0, Final Score: ,-108.336
Point: ,165,12,Repeat score:,1, Repeat contribution: ,-1,Dist:,23.0729, Dist contribution: ,-115.365, New scanned ratio: ,0.226779, New Scanned Cells Contribution: ,0,Area ratio: ,0.801193, Area ratio Contribution: ,0,Perim diff: ,1.0482, Perim diff Contribution: ,0,Frontier diff: ,0, Frontier diff Contribution ,0,Inverse Area ratio: ,0.969402, Inv Area Ratio Contribution: ,0,Inverse Perim ratio: ,1.04216, Inv Perim Contribution: ,0, Final Score: ,-116.365
Point: ,160,17,Repeat score:,1, Repeat contribution: ,-1,Dist:,25.1478, Dist contribution: ,-125.739, New scanned ratio: ,0.24666, New Scanned Cells Contribution: ,0,Area ratio: ,0.766867, Area ratio Contribution: ,0,Perim diff: ,1.06024, Perim diff Contribution: ,0,Frontier diff: ,0, Frontier diff Contribution ,0,Inverse Area ratio: ,0.967728, Inv Area Ratio Contribution: ,0,Inverse Perim ratio: ,1.0583, Inv Perim Contribution: ,0, Final Score: ,-126.739
Point: ,154,20,Repeat score:,1, Repeat contribution: ,-1,Dist:,26.6833, Dist contribution: ,-133.417, New scanned ratio: ,0.244175, New Scanned Cells Contribution: ,0,Area ratio: ,0.750957, Area ratio Contribution: ,0,Perim diff: ,1.06543, Perim diff Contribution: ,0,Frontier diff: ,0, Frontier diff Contribution ,0,Inverse Area ratio: ,0.967682, Inv Area Ratio Contribution: ,0,Inverse Perim ratio: ,1.0567, Inv Perim Contribution: ,0, Final Score: ,-134.417
Point: ,149,20,Repeat score:,1, Repeat contribution: ,-1,Dist:,26.0192, Dist contribution: ,-130.096, New scanned ratio: ,0.224293, New Scanned Cells Contribution: ,0,Area ratio: ,0.75459, Area ratio Contribution: ,0,Perim diff: ,1.0652, Perim diff Contribution: ,0,Frontier diff: ,0, Frontier diff Contribution ,0,Inverse Area ratio: ,0.968453, Inv Area Ratio Contribution: ,0,Inverse Perim ratio: ,1.05133, Inv Perim Contribution: ,0, Final Score: ,-131.096
Point: ,148,21,Repeat score:,1, Repeat contribution: ,-1,Dist:,27.3, Dist contribution: ,-136.5, New scanned ratio: ,0.232681, New Scanned Cells Contribution: ,0,Area ratio: ,0.749802, Area ratio Contribution: ,0,Perim diff: ,1.0705, Perim diff Contribution: ,0,Frontier diff: ,0, Frontier diff Contribution ,0,Inverse Area ratio: ,0.968136, Inv Area Ratio Contribution: ,0,Inverse Perim ratio: ,1.05318, Inv Perim Contribution: ,0, Final Score: ,-137.5
Point: ,147,20,Repeat score:,1, Repeat contribution: ,-1,Dist:,26.0192, Dist contribution: ,-130.096, New scanned ratio: ,0.218391, New Scanned Cells Contribution: ,0,Area ratio: ,0.757055, Area ratio Contribution: ,0,Perim diff: ,1.06548, Perim diff Contribution: ,0,Frontier diff: ,0, Frontier diff Contribution ,0,Inverse Area ratio: ,0.96868, Inv Area Ratio Contribution: ,0,Inverse Perim ratio: ,1.04964, Inv Perim Contribution: ,0, Final Score: ,-131.096
Point: ,142,20,Repeat score:,1, Repeat contribution: ,-1,Dist:,26.6833, Dist contribution: ,-133.417, New scanned ratio: ,0.20845, New Scanned Cells Contribution: ,0,Area ratio: ,0.764173, Area ratio Contribution: ,0,Perim diff: ,1.07041, Perim diff Contribution: ,0,Frontier diff: ,0, Frontier diff Contribution ,0,Inverse Area ratio: ,0.969048, Inv Area Ratio Contribution: ,0,Inverse Perim ratio: ,1.04758, Inv Perim Contribution: ,0, Final Score: ,-134.417
Point: ,139,18,Repeat score:,1, Repeat contribution: ,-1,Dist:,25.0711, Dist contribution: ,-125.355, New scanned ratio: ,0.182355, New Scanned Cells Contribution: ,0,Area ratio: ,0.781664, Area ratio Contribution: ,0,Perim diff: ,1.06475, Perim diff Contribution: ,0,Frontier diff: ,0, Frontier diff Contribution ,0,Inverse Area ratio: ,0.97004, Inv Area Ratio Contribution: ,0,Inverse Perim ratio: ,1.04226, Inv Perim Contribution: ,0, Final Score: ,-126.355
Point: ,135,20,Repeat score:,1, Repeat contribution: ,-1,Dist:,29.0689, Dist contribution: ,-145.344, New scanned ratio: ,0.205965, New Scanned Cells Contribution: ,0,Area ratio: ,0.776023, Area ratio Contribution: ,0,Perim diff: ,1.06577, Perim diff Contribution: ,0,Frontier diff: ,0, Frontier diff Contribution ,0,Inverse Area ratio: ,0.969179, Inv Area Ratio Contribution: ,0,Inverse Perim ratio: ,1.04258, Inv Perim Contribution: ,0, Final Score: ,-146.344
Point: ,130,20,Repeat score:,1, Repeat contribution: ,-1,Dist:,31.6228, Dist contribution: ,-158.114, New scanned ratio: ,0.205654, New Scanned Cells Contribution: ,0,Area ratio: ,0.781747, Area ratio Contribution: ,0,Perim diff: ,1.06354, Perim diff Contribution: ,0,Frontier diff: ,0, Frontier diff Contribution ,0,Inverse Area ratio: ,0.969184, Inv Area Ratio Contribution: ,0,Inverse Perim ratio: ,1.04011, Inv Perim Contribution: ,0, Final Score: ,-159.114
Point: ,129,21,Repeat score:,1, Repeat contribution: ,-1,Dist:,33.2609, Dist contribution: ,-166.305, New scanned ratio: ,0.217769, New Scanned Cells Contribution: ,0,Area ratio: ,0.776212, Area ratio Contribution: ,0,Perim diff: ,1.07475, Perim diff Contribution: ,0,Frontier diff: ,0, Frontier diff Contribution ,0,Inverse Area ratio: ,0.96872, Inv Area Ratio Contribution: ,0,Inverse Perim ratio: ,1.0442, Inv Perim Contribution: ,0, Final Score: ,-167.305
Point: ,128,20,Repeat score:,1, Repeat contribution: ,-1,Dist:,32.8024, Dist contribution: ,-164.012, New scanned ratio: ,0.205654, New Scanned Cells Contribution: ,0,Area ratio: ,0.784061, Area ratio Contribution: ,0,Perim diff: ,1.06523, Perim diff Contribution: ,0,Frontier diff: ,0, Frontier diff Contribution ,0,Inverse Area ratio: ,0.969184, Inv Area Ratio Contribution: ,0,Inverse Perim ratio: ,1.04011, Inv Perim Contribution: ,0, Final Score: ,-165.012
Point: ,123,20,Repeat score:,1, Repeat contribution: ,-1,Dist:,36.0694, Dist contribution: ,-180.347, New scanned ratio: ,0.205965, New Scanned Cells Contribution: ,0,Area ratio: ,0.786555, Area ratio Contribution: ,0,Perim diff: ,1.07627, Perim diff Contribution: ,0,Frontier diff: ,0, Frontier diff Contribution ,0,Inverse Area ratio: ,0.969167, Inv Area Ratio Contribution: ,0,Inverse Perim ratio: ,1.04254, Inv Perim Contribution: ,0, Final Score: ,-181.347
Point: ,120,18,Repeat score:,1, Repeat contribution: ,-1,Dist:,36.4905, Dist contribution: ,-182.453, New scanned ratio: ,0.182044, New Scanned Cells Contribution: ,0,Area ratio: ,0.800551, Area ratio Contribution: ,0,Perim diff: ,1.07338, Perim diff Contribution: ,0,Frontier diff: ,0, Frontier diff Contribution ,0,Inverse Area ratio: ,0.970051, Inv Area Ratio Contribution: ,0,Inverse Perim ratio: ,1.03975, Inv Perim Contribution: ,0, Final Score: ,-183.453
Point: ,116,20,Repeat score:,1, Repeat contribution: ,-1,Dist:,41.2311, Dist contribution: ,-206.155, New scanned ratio: ,0.205965, New Scanned Cells Contribution: ,0,Area ratio: ,0.78986, Area ratio Contribution: ,0,Perim diff: ,1.07991, Perim diff Contribution: ,0,Frontier diff: ,0, Frontier diff Contribution ,0,Inverse Area ratio: ,0.969173, Inv Area Ratio Contribution: ,0,Inverse Perim ratio: ,1.04259, Inv Perim Contribution: ,0, Final Score: ,-207.155
BEST Point:,168,1, Score: ,-101.211
COUNT COMMAND: 1
Total frontiers: ,63, Prioritised frontiers: ,18
At: ,167,0,
Point: ,188,0,Repeat score:,1, Repeat contribution: ,-1,Dist:,21, Dist contribution: ,-105, New scanned ratio: ,0.113864, New Scanned Cells Contribution: ,0,Area ratio: ,0.940622, Area ratio Contribution: ,0,Perim diff: ,1.04134, Perim diff Contribution: ,0,Frontier diff: ,0, Frontier diff Contribution ,0,Inverse Area ratio: ,0.971031, Inv Area Ratio Contribution: ,0,Inverse Perim ratio: ,1.02664, Inv Perim Contribution: ,0, Final Score: ,-106
Point: ,187,1,Repeat score:,1, Repeat contribution: ,-1,Dist:,20.0422, Dist contribution: ,-100.211, New scanned ratio: ,0.117205, New Scanned Cells Contribution: ,0,Area ratio: ,0.924253, Area ratio Contribution: ,0,Perim diff: ,1.04199, Perim diff Contribution: ,0,Frontier diff: ,0, Frontier diff Contribution ,0,Inverse Area ratio: ,0.970728, Inv Area Ratio Contribution: ,0,Inverse Perim ratio: ,1.02887, Inv Perim Contribution: ,0, Final Score: ,-101.211
Point: ,187,6,Repeat score:,1, Repeat contribution: ,-1,Dist:,21.4672, Dist contribution: ,-107.336, New scanned ratio: ,0.162584, New Scanned Cells Contribution: ,0,Area ratio: ,0.854191, Area ratio Contribution: ,0,Perim diff: ,1.04321, Perim diff Contribution: ,0,Frontier diff: ,0, Frontier diff Contribution ,0,Inverse Area ratio: ,0.96883, Inv Area Ratio Contribution: ,0,Inverse Perim ratio: ,1.03353, Inv Perim Contribution: ,0, Final Score: ,-108.336
Point: ,184,12,Repeat score:,1, Repeat contribution: ,-1,Dist:,23.0729, Dist contribution: ,-115.365, New scanned ratio: ,0.203229, New Scanned Cells Contribution: ,0,Area ratio: ,0.793333, Area ratio Contribution: ,0,Perim diff: ,1.04849, Perim diff Contribution: ,0,Frontier diff: ,0, Frontier diff Contribution ,0,Inverse Area ratio: ,0.966617, Inv Area Ratio Contribution: ,0,Inverse Perim ratio: ,1.04382, Inv Perim Contribution: ,0, Final Score: ,-116.365
Point: ,179,17,Repeat score:,1, Repeat contribution: ,-1,Dist:,25.1478, Dist contribution: ,-125.739, New scanned ratio: ,0.221047, New Scanned Cells Contribution: ,0,Area ratio: ,0.755983, Area ratio Contribution: ,0,Perim diff: ,1.05964, Perim diff Contribution: ,0,Frontier diff: ,0, Frontier diff Contribution ,0,Inverse Area ratio: ,0.964943, Inv Area Ratio Contribution: ,0,Inverse Perim ratio: ,1.05996, Inv Perim Contribution: ,0, Final Score: ,-126.739
Point: ,173,20,Repeat score:,1, Repeat contribution: ,-1,Dist:,26.6833, Dist contribution: ,-133.417, New scanned ratio: ,0.21882, New Scanned Cells Contribution: ,0,Area ratio: ,0.738055, Area ratio Contribution: ,0,Perim diff: ,1.0645, Perim diff Contribution: ,0,Frontier diff: ,0, Frontier diff Contribution ,0,Inverse Area ratio: ,0.964898, Inv Area Ratio Contribution: ,0,Inverse Perim ratio: ,1.05836, Inv Perim Contribution: ,0, Final Score: ,-134.417
Point: ,168,20,Repeat score:,1, Repeat contribution: ,-1,Dist:,26.0192, Dist contribution: ,-130.096, New scanned ratio: ,0.201002, New Scanned Cells Contribution: ,0,Area ratio: ,0.741064, Area ratio Contribution: ,0,Perim diff: ,1.06431, Perim diff Contribution: ,0,Frontier diff: ,0, Frontier diff Contribution ,0,Inverse Area ratio: ,0.96567, Inv Area Ratio Contribution: ,0,Inverse Perim ratio: ,1.053, Inv Perim Contribution: ,0, Final Score: ,-131.096
Point: ,167,21,Repeat score:,1, Repeat contribution: ,-1,Dist:,27.3, Dist contribution: ,-136.5, New scanned ratio: ,0.208519, New Scanned Cells Contribution: ,0,Area ratio: ,0.735678, Area ratio Contribution: ,0,Perim diff: ,1.06919, Perim diff Contribution: ,0,Frontier diff: ,0, Frontier diff Contribution ,0,Inverse Area ratio: ,0.965352, Inv Area Ratio Contribution: ,0,Inverse Perim ratio: ,1.05485, Inv Perim Contribution: ,0, Final Score: ,-137.5
Point: ,166,20,Repeat score:,1, Repeat contribution: ,-1,Dist:,26.0192, Dist contribution: ,-130.096, New scanned ratio: ,0.195713, New Scanned Cells Contribution: ,0,Area ratio: ,0.743176, Area ratio Contribution: ,0,Perim diff: ,1.06457, Perim diff Contribution: ,0,Frontier diff: ,0, Frontier diff Contribution ,0,Inverse Area ratio: ,0.965897, Inv Area Ratio Contribution: ,0,Inverse Perim ratio: ,1.05131, Inv Perim Contribution: ,0, Final Score: ,-131.096
Point: ,161,20,Repeat score:,1, Repeat contribution: ,-1,Dist:,26.6833, Dist contribution: ,-133.417, New scanned ratio: ,0.186804, New Scanned Cells Contribution: ,0,Area ratio: ,0.749332, Area ratio Contribution: ,0,Perim diff: ,1.06908, Perim diff Contribution: ,0,Frontier diff: ,0, Frontier diff Contribution ,0,Inverse Area ratio: ,0.966266, Inv Area Ratio Contribution: ,0,Inverse Perim ratio: ,1.04924, Inv Perim Contribution: ,0, Final Score: ,-134.417
Point: ,158,18,Repeat score:,1, Repeat contribution: ,-1,Dist:,25.0711, Dist contribution: ,-125.355, New scanned ratio: ,0.163419, New Scanned Cells Contribution: ,0,Area ratio: ,0.7671, Area ratio Contribution: ,0,Perim diff: ,1.06384, Perim diff Contribution: ,0,Frontier diff: ,0, Frontier diff Contribution ,0,Inverse Area ratio: ,0.967259, Inv Area Ratio Contribution: ,0,Inverse Perim ratio: ,1.04392, Inv Perim Contribution: ,0, Final Score: ,-126.355
Point: ,154,20,Repeat score:,1, Repeat contribution: ,-1,Dist:,29.0689, Dist contribution: ,-145.344, New scanned ratio: ,0.184577, New Scanned Cells Contribution: ,0,Area ratio: ,0.759697, Area ratio Contribution: ,0,Perim diff: ,1.06491, Perim diff Contribution: ,0,Frontier diff: ,0, Frontier diff Contribution ,0,Inverse Area ratio: ,0.966396, Inv Area Ratio Contribution: ,0,Inverse Perim ratio: ,1.04424, Inv Perim Contribution: ,0, Final Score: ,-146.344
Point: ,149,20,Repeat score:,1, Repeat contribution: ,-1,Dist:,31.6228, Dist contribution: ,-158.114, New scanned ratio: ,0.184298, New Scanned Cells Contribution: ,0,Area ratio: ,0.76542, Area ratio Contribution: ,0,Perim diff: ,1.06293, Perim diff Contribution: ,0,Frontier diff: ,0, Frontier diff Contribution ,0,Inverse Area ratio: ,0.966402, Inv Area Ratio Contribution: ,0,Inverse Perim ratio: ,1.04178, Inv Perim Contribution: ,0, Final Score: ,-159.114
Point: ,148,21,Repeat score:,1, Repeat contribution: ,-1,Dist:,33.2609, Dist contribution: ,-166.305, New scanned ratio: ,0.195156, New Scanned Cells Contribution: ,0,Area ratio: ,0.76036, Area ratio Contribution: ,0,Perim diff: ,1.07318, Perim diff Contribution: ,0,Frontier diff: ,0, Frontier diff Contribution ,0,Inverse Area ratio: ,0.965936, Inv Area Ratio Contribution: ,0,Inverse Perim ratio: ,1.04586, Inv Perim Contribution: ,0, Final Score: ,-167.305
Point: ,147,20,Repeat score:,1, Repeat contribution: ,-1,Dist:,32.8024, Dist contribution: ,-164.012, New scanned ratio: ,0.184298, New Scanned Cells Contribution: ,0,Area ratio: ,0.767734, Area ratio Contribution: ,0,Perim diff: ,1.06449, Perim diff Contribution: ,0,Frontier diff: ,0, Frontier diff Contribution ,0,Inverse Area ratio: ,0.966402, Inv Area Ratio Contribution: ,0,Inverse Perim ratio: ,1.04178, Inv Perim Contribution: ,0, Final Score: ,-165.012
Point: ,142,20,Repeat score:,1, Repeat contribution: ,-1,Dist:,36.0694, Dist contribution: ,-180.347, New scanned ratio: ,0.184577, New Scanned Cells Contribution: ,0,Area ratio: ,0.770646, Area ratio Contribution: ,0,Perim diff: ,1.07456, Perim diff Contribution: ,0,Frontier diff: ,0, Frontier diff Contribution ,0,Inverse Area ratio: ,0.966385, Inv Area Ratio Contribution: ,0,Inverse Perim ratio: ,1.04421, Inv Perim Contribution: ,0, Final Score: ,-181.347
Point: ,139,18,Repeat score:,1, Repeat contribution: ,-1,Dist:,36.4905, Dist contribution: ,-182.453, New scanned ratio: ,0.16314, New Scanned Cells Contribution: ,0,Area ratio: ,0.784092, Area ratio Contribution: ,0,Perim diff: ,1.07182, Perim diff Contribution: ,0,Frontier diff: ,0, Frontier diff Contribution ,0,Inverse Area ratio: ,0.96727, Inv Area Ratio Contribution: ,0,Inverse Perim ratio: ,1.04141, Inv Perim Contribution: ,0, Final Score: ,-183.453
Point: ,135,20,Repeat score:,1, Repeat contribution: ,-1,Dist:,41.2311, Dist contribution: ,-206.155, New scanned ratio: ,0.184577, New Scanned Cells Contribution: ,0,Area ratio: ,0.774569, Area ratio Contribution: ,0,Perim diff: ,1.07795, Perim diff Contribution: ,0,Frontier diff: ,0, Frontier diff Contribution ,0,Inverse Area ratio: ,0.96639, Inv Area Ratio Contribution: ,0,Inverse Perim ratio: ,1.04426, Inv Perim Contribution: ,0, Final Score: ,-207.155
BEST Point:,187,1, Score: ,-101.211
COUNT COMMAND: 1
Total frontiers: ,69, Prioritised frontiers: ,18
At: ,186,0,
Point: ,207,0,Repeat score:,1, Repeat contribution: ,-1,Dist:,21, Dist contribution: ,-105, New scanned ratio: ,0.103153, New Scanned Cells Contribution: ,0,Area ratio: ,0.94007, Area ratio Contribution: ,0,Perim diff: ,1.04204, Perim diff Contribution: ,0,Frontier diff: ,0, Frontier diff Contribution ,0,Inverse Area ratio: ,0.968242, Inv Area Ratio Contribution: ,0,Inverse Perim ratio: ,1.02829, Inv Perim Contribution: ,0, Final Score: ,-106
Point: ,206,1,Repeat score:,1, Repeat contribution: ,-1,Dist:,20.0422, Dist contribution: ,-100.211, New scanned ratio: ,0.106179, New Scanned Cells Contribution: ,0,Area ratio: ,0.923145, Area ratio Contribution: ,0,Perim diff: ,1.04264, Perim diff Contribution: ,0,Frontier diff: ,0, Frontier diff Contribution ,0,Inverse Area ratio: ,0.96794, Inv Area Ratio Contribution: ,0,Inverse Perim ratio: ,1.03051, Inv Perim Contribution: ,0, Final Score: ,-101.211
Point: ,206,6,Repeat score:,1, Repeat contribution: ,-1,Dist:,21.4672, Dist contribution: ,-107.336, New scanned ratio: ,0.147289, New Scanned Cells Contribution: ,0,Area ratio: ,0.850595, Area ratio Contribution: ,0,Perim diff: ,1.04378, Perim diff Contribution: ,0,Frontier diff: ,0, Frontier diff Contribution ,0,Inverse Area ratio: ,0.966038, Inv Area Ratio Contribution: ,0,Inverse Perim ratio: ,1.03518, Inv Perim Contribution: ,0, Final Score: ,-108.336
Point: ,203,12,Repeat score:,1, Repeat contribution: ,-1,Dist:,23.0729, Dist contribution: ,-115.365, New scanned ratio: ,0.184111, New Scanned Cells Contribution: ,0,Area ratio: ,0.786839, Area ratio Contribution: ,0,Perim diff: ,1.04872, Perim diff Contribution: ,0,Frontier diff: ,0, Frontier diff Contribution ,0,Inverse Area ratio: ,0.963824, Inv Area Ratio Contribution: ,0,Inverse Perim ratio: ,1.04547, Inv Perim Contribution: ,0, Final Score: ,-116.365
Point: ,198,17,Repeat score:,1, Repeat contribution: ,-1,Dist:,25.1478, Dist contribution: ,-125.739, New scanned ratio: ,0.200252, New Scanned Cells Contribution: ,0,Area ratio: ,0.747038, Area ratio Contribution: ,0,Perim diff: ,1.05908, Perim diff Contribution: ,0,Frontier diff: ,0, Frontier diff Contribution ,0,Inverse Area ratio: ,0.962149, Inv Area Ratio Contribution: ,0,Inverse Perim ratio: ,1.06161, Inv Perim Contribution: ,0, Final Score: ,-126.739
Point: ,192,20,Repeat score:,1, Repeat contribution: ,-1,Dist:,26.6833, Dist contribution: ,-133.417, New scanned ratio: ,0.198235, New Scanned Cells Contribution: ,0,Area ratio: ,0.727513, Area ratio Contribution: ,0,Perim diff: ,1.06364, Perim diff Contribution: ,0,Frontier diff: ,0, Frontier diff Contribution ,0,Inverse Area ratio: ,0.962104, Inv Area Ratio Contribution: ,0,Inverse Perim ratio: ,1.06002, Inv Perim Contribution: ,0, Final Score: ,-134.417
Point: ,187,20,Repeat score:,1, Repeat contribution: ,-1,Dist:,26.0192, Dist contribution: ,-130.096, New scanned ratio: ,0.182093, New Scanned Cells Contribution: ,0,Area ratio: ,0.730056, Area ratio Contribution: ,0,Perim diff: ,1.06347, Perim diff Contribution: ,0,Frontier diff: ,0, Frontier diff Contribution ,0,Inverse Area ratio: ,0.962877, Inv Area Ratio Contribution: ,0,Inverse Perim ratio: ,1.05465, Inv Perim Contribution: ,0, Final Score: ,-131.096
Point: ,186,21,Repeat score:,1, Repeat contribution: ,-1,Dist:,27.3, Dist contribution: ,-136.5, New scanned ratio: ,0.188903, New Scanned Cells Contribution: ,0,Area ratio: ,0.724191, Area ratio Contribution: ,0,Perim diff: ,1.06799, Perim diff Contribution: ,0,Frontier diff: ,0, Frontier diff Contribution ,0,Inverse Area ratio: ,0.962559, Inv Area Ratio Contribution: ,0,Inverse Perim ratio: ,1.0565, Inv Perim Contribution: ,0, Final Score: ,-137.5
Point: ,185,20,Repeat score:,1, Repeat contribution: ,-1,Dist:,26.0192, Dist contribution: ,-130.096, New scanned ratio: ,0.177301, New Scanned Cells Contribution: ,0,Area ratio: ,0.731898, Area ratio Contribution: ,0,Perim diff: ,1.06372, Perim diff Contribution: ,0,Frontier diff: ,0, Frontier diff Contribution ,0,Inverse Area ratio: ,0.963105, Inv Area Ratio Contribution: ,0,Inverse Perim ratio: ,1.05296, Inv Perim Contribution: ,0, Final Score: ,-131.096
Point: ,180,20,Repeat score:,1, Repeat contribution: ,-1,Dist:,26.6833, Dist contribution: ,-133.417, New scanned ratio: ,0.169231, New Scanned Cells Contribution: ,0,Area ratio: ,0.737311, Area ratio Contribution: ,0,Perim diff: ,1.06787, Perim diff Contribution: ,0,Frontier diff: ,0, Frontier diff Contribution ,0,Inverse Area ratio: ,0.963474, Inv Area Ratio Contribution: ,0,Inverse Perim ratio: ,1.0509, Inv Perim Contribution: ,0, Final Score: ,-134.417
Point: ,177,18,Repeat score:,1, Repeat contribution: ,-1,Dist:,25.0711, Dist contribution: ,-125.355, New scanned ratio: ,0.148045, New Scanned Cells Contribution: ,0,Area ratio: ,0.755327, Area ratio Contribution: ,0,Perim diff: ,1.063, Perim diff Contribution: ,0,Frontier diff: ,0, Frontier diff Contribution ,0,Inverse Area ratio: ,0.964469, Inv Area Ratio Contribution: ,0,Inverse Perim ratio: ,1.04557, Inv Perim Contribution: ,0, Final Score: ,-126.355
Point: ,173,20,Repeat score:,1, Repeat contribution: ,-1,Dist:,29.0689, Dist contribution: ,-145.344, New scanned ratio: ,0.167213, New Scanned Cells Contribution: ,0,Area ratio: ,0.746516, Area ratio Contribution: ,0,Perim diff: ,1.06407, Perim diff Contribution: ,0,Frontier diff: ,0, Frontier diff Contribution ,0,Inverse Area ratio: ,0.963605, Inv Area Ratio Contribution: ,0,Inverse Perim ratio: ,1.0459, Inv Perim Contribution: ,0, Final Score: ,-146.344
Point: ,168,20,Repeat score:,1, Repeat contribution: ,-1,Dist:,31.6228, Dist contribution: ,-158.114, New scanned ratio: ,0.166961, New Scanned Cells Contribution: ,0,Area ratio: ,0.751595, Area ratio Contribution: ,0,Perim diff: ,1.06228, Perim diff Contribution: ,0,Frontier diff: ,0, Frontier diff Contribution ,0,Inverse Area ratio: ,0.963611, Inv Area Ratio Contribution: ,0,Inverse Perim ratio: ,1.04343, Inv Perim Contribution: ,0, Final Score: ,-159.114
Point: ,167,21,Repeat score:,1, Repeat contribution: ,-1,Dist:,33.2609, Dist contribution: ,-166.305, New scanned ratio: ,0.176797, New Scanned Cells Contribution: ,0,Area ratio: ,0.746024, Area ratio Contribution: ,0,Perim diff: ,1.07172, Perim diff Contribution: ,0,Frontier diff: ,0, Frontier diff Contribution ,0,Inverse Area ratio: ,0.963145, Inv Area Ratio Contribution: ,0,Inverse Perim ratio: ,1.04751, Inv Perim Contribution: ,0, Final Score: ,-167.305
Point: ,166,20,Repeat score:,1, Repeat contribution: ,-1,Dist:,32.8024, Dist contribution: ,-164.012, New scanned ratio: ,0.166961, New Scanned Cells Contribution: ,0,Area ratio: ,0.753645, Area ratio Contribution: ,0,Perim diff: ,1.06372, Perim diff Contribution: ,0,Frontier diff: ,0, Frontier diff Contribution ,0,Inverse Area ratio: ,0.963611, Inv Area Ratio Contribution: ,0,Inverse Perim ratio: ,1.04343, Inv Perim Contribution: ,0, Final Score: ,-165.012
Point: ,161,20,Repeat score:,1, Repeat contribution: ,-1,Dist:,36.0694, Dist contribution: ,-180.347, New scanned ratio: ,0.167213, New Scanned Cells Contribution: ,0,Area ratio: ,0.756225, Area ratio Contribution: ,0,Perim diff: ,1.07296, Perim diff Contribution: ,0,Frontier diff: ,0, Frontier diff Contribution ,0,Inverse Area ratio: ,0.963594, Inv Area Ratio Contribution: ,0,Inverse Perim ratio: ,1.04586, Inv Perim Contribution: ,0, Final Score: ,-181.347
Point: ,158,18,Repeat score:,1, Repeat contribution: ,-1,Dist:,36.4905, Dist contribution: ,-182.453, New scanned ratio: ,0.147793, New Scanned Cells Contribution: ,0,Area ratio: ,0.770425, Area ratio Contribution: ,0,Perim diff: ,1.07038, Perim diff Contribution: ,0,Frontier diff: ,0, Frontier diff Contribution ,0,Inverse Area ratio: ,0.964481, Inv Area Ratio Contribution: ,0,Inverse Perim ratio: ,1.04307, Inv Perim Contribution: ,0, Final Score: ,-183.453
Point: ,154,20,Repeat score:,1, Repeat contribution: ,-1,Dist:,41.2311, Dist contribution: ,-206.155, New scanned ratio: ,0.167213, New Scanned Cells Contribution: ,0,Area ratio: ,0.759694, Area ratio Contribution: ,0,Perim diff: ,1.07612, Perim diff Contribution: ,0,Frontier diff: ,0, Frontier diff Contribution ,0,Inverse Area ratio: ,0.963599, Inv Area Ratio Contribution: ,0,Inverse Perim ratio: ,1.04591, Inv Perim Contribution: ,0, Final Score: ,-207.155
BEST Point:,206,1, Score: ,-101.211
COUNT COMMAND: 1
Total frontiers: ,75, Prioritised frontiers: ,18
At: ,205,0,
Point: ,226,0,Repeat score:,1, Repeat contribution: ,-1,Dist:,21, Dist contribution: ,-105, New scanned ratio: ,0.0942831, New Scanned Cells Contribution: ,0,Area ratio: ,0.939606, Area ratio Contribution: ,0,Perim diff: ,1.04263, Perim diff Contribution: ,0,Frontier diff: ,0, Frontier diff Contribution ,0,Inverse Area ratio: ,0.965445, Inv Area Ratio Contribution: ,0,Inverse Perim ratio: ,1.02993, Inv Perim Contribution: ,0, Final Score: ,-106
Point: ,225,1,Repeat score:,1, Repeat contribution: ,-1,Dist:,20.0422, Dist contribution: ,-100.211, New scanned ratio: ,0.0970493, New Scanned Cells Contribution: ,0,Area ratio: ,0.922213, Area ratio Contribution: ,0,Perim diff: ,1.04319, Perim diff Contribution: ,0,Frontier diff: ,0, Frontier diff Contribution ,0,Inverse Area ratio: ,0.965143, Inv Area Ratio Contribution: ,0,Inverse Perim ratio: ,1.03216, Inv Perim Contribution: ,0, Final Score: ,-101.211
Point: ,225,6,Repeat score:,1, Repeat contribution: ,-1,Dist:,21.4672, Dist contribution: ,-107.336, New scanned ratio: ,0.134624, New Scanned Cells Contribution: ,0,Area ratio: ,0.847568, Area ratio Contribution: ,0,Perim diff: ,1.04426, Perim diff Contribution: ,0,Frontier diff: ,0, Frontier diff Contribution ,0,Inverse Area ratio: ,0.963238, Inv Area Ratio Contribution: ,0,Inverse Perim ratio: ,1.03682, Inv Perim Contribution: ,0, Final Score: ,-108.336
Point: ,222,12,Repeat score:,1, Repeat contribution: ,-1,Dist:,23.0729, Dist contribution: ,-115.365, New scanned ratio: ,0.16828, New Scanned Cells Contribution: ,0,Area ratio: ,0.781384, Area ratio Contribution: ,0,Perim diff: ,1.04889, Perim diff Contribution: ,0,Frontier diff: ,0, Frontier diff Contribution ,0,Inverse Area ratio: ,0.961022, Inv Area Ratio Contribution: ,0,Inverse Perim ratio: ,1.04711, Inv Perim Contribution: ,0, Final Score: ,-116.365
Point: ,217,17,Repeat score:,1, Repeat contribution: ,-1,Dist:,25.1478, Dist contribution: ,-125.739, New scanned ratio: ,0.183034, New Scanned Cells Contribution: ,0,Area ratio: ,0.739557, Area ratio Contribution: ,0,Perim diff: ,1.05857, Perim diff Contribution: ,0,Frontier diff: ,0, Frontier diff Contribution ,0,Inverse Area ratio: ,0.959347, Inv Area Ratio Contribution: ,0,Inverse Perim ratio: ,1.06326, Inv Perim Contribution: ,0, Final Score: ,-126.739
Point: ,211,20,Repeat score:,1, Repeat contribution: ,-1,Dist:,26.6833, Dist contribution: ,-133.417, New scanned ratio: ,0.181189, New Scanned Cells Contribution: ,0,Area ratio: ,0.718739, Area ratio Contribution: ,0,Perim diff: ,1.06285, Perim diff Contribution: ,0,Frontier diff: ,0, Frontier diff Contribution ,0,Inverse Area ratio: ,0.959303, Inv Area Ratio Contribution: ,0,Inverse Perim ratio: ,1.06166, Inv Perim Contribution: ,0, Final Score: ,-134.417
Point: ,206,20,Repeat score:,1, Repeat contribution: ,-1,Dist:,26.0192, Dist contribution: ,-130.096, New scanned ratio: ,0.166436, New Scanned Cells Contribution: ,0,Area ratio: ,0.720923, Area ratio Contribution: ,0,Perim diff: ,1.0627, Perim diff Contribution: ,0,Frontier diff: ,0, Frontier diff Contribution ,0,Inverse Area ratio: ,0.960077, Inv Area Ratio Contribution: ,0,Inverse Perim ratio: ,1.0563, Inv Perim Contribution: ,0, Final Score: ,-131.096
Point: ,205,21,Repeat score:,1, Repeat contribution: ,-1,Dist:,27.3, Dist contribution: ,-136.5, New scanned ratio: ,0.17266, New Scanned Cells Contribution: ,0,Area ratio: ,0.714665, Area ratio Contribution: ,0,Perim diff: ,1.06691, Perim diff Contribution: ,0,Frontier diff: ,0, Frontier diff Contribution ,0,Inverse Area ratio: ,0.959758, Inv Area Ratio Contribution: ,0,Inverse Perim ratio: ,1.05815, Inv Perim Contribution: ,0, Final Score: ,-137.5
Point: ,204,20,Repeat score:,1, Repeat contribution: ,-1,Dist:,26.0192, Dist contribution: ,-130.096, New scanned ratio: ,0.162056, New Scanned Cells Contribution: ,0,Area ratio: ,0.722552, Area ratio Contribution: ,0,Perim diff: ,1.06293, Perim diff Contribution: ,0,Frontier diff: ,0, Frontier diff Contribution ,0,Inverse Area ratio: ,0.960305, Inv Area Ratio Contribution: ,0,Inverse Perim ratio: ,1.05461, Inv Perim Contribution: ,0, Final Score: ,-131.096
Point: ,199,20,Repeat score:,1, Repeat contribution: ,-1,Dist:,26.6833, Dist contribution: ,-133.417, New scanned ratio: ,0.15468, New Scanned Cells Contribution: ,0,Area ratio: ,0.727377, Area ratio Contribution: ,0,Perim diff: ,1.06677, Perim diff Contribution: ,0,Frontier diff: ,0, Frontier diff Contribution ,0,Inverse Area ratio: ,0.960675, Inv Area Ratio Contribution: ,0,Inverse Perim ratio: ,1.05254, Inv Perim Contribution: ,0, Final Score: ,-134.417
Point: ,196,18,Repeat score:,1, Repeat contribution: ,-1,Dist:,25.0711, Dist contribution: ,-125.355, New scanned ratio: ,0.135316, New Scanned Cells Contribution: ,0,Area ratio: ,0.745615, Area ratio Contribution: ,0,Perim diff: ,1.06223, Perim diff Contribution: ,0,Frontier diff: ,0, Frontier diff Contribution ,0,Inverse Area ratio: ,0.961671, Inv Area Ratio Contribution: ,0,Inverse Perim ratio: ,1.04722, Inv Perim Contribution: ,0, Final Score: ,-126.355
Point: ,192,20,Repeat score:,1, Repeat contribution: ,-1,Dist:,29.0689, Dist contribution: ,-145.344, New scanned ratio: ,0.152835, New Scanned Cells Contribution: ,0,Area ratio: ,0.73565, Area ratio Contribution: ,0,Perim diff: ,1.06328, Perim diff Contribution: ,0,Frontier diff: ,0, Frontier diff Contribution ,0,Inverse Area ratio: ,0.960806, Inv Area Ratio Contribution: ,0,Inverse Perim ratio: ,1.04755, Inv Perim Contribution: ,0, Final Score: ,-146.344
Point: ,187,20,Repeat score:,1, Repeat contribution: ,-1,Dist:,31.6228, Dist contribution: ,-158.114, New scanned ratio: ,0.152605, New Scanned Cells Contribution: ,0,Area ratio: ,0.740212, Area ratio Contribution: ,0,Perim diff: ,1.06165, Perim diff Contribution: ,0,Frontier diff: ,0, Frontier diff Contribution ,0,Inverse Area ratio: ,0.960811, Inv Area Ratio Contribution: ,0,Inverse Perim ratio: ,1.04508, Inv Perim Contribution: ,0, Final Score: ,-159.114
Point: ,186,21,Repeat score:,1, Repeat contribution: ,-1,Dist:,33.2609, Dist contribution: ,-166.305, New scanned ratio: ,0.161595, New Scanned Cells Contribution: ,0,Area ratio: ,0.734224, Area ratio Contribution: ,0,Perim diff: ,1.07039, Perim diff Contribution: ,0,Frontier diff: ,0, Frontier diff Contribution ,0,Inverse Area ratio: ,0.960345, Inv Area Ratio Contribution: ,0,Inverse Perim ratio: ,1.04916, Inv Perim Contribution: ,0, Final Score: ,-167.305
Point: ,185,20,Repeat score:,1, Repeat contribution: ,-1,Dist:,32.8024, Dist contribution: ,-164.012, New scanned ratio: ,0.152605, New Scanned Cells Contribution: ,0,Area ratio: ,0.742053, Area ratio Contribution: ,0,Perim diff: ,1.06298, Perim diff Contribution: ,0,Frontier diff: ,0, Frontier diff Contribution ,0,Inverse Area ratio: ,0.960811, Inv Area Ratio Contribution: ,0,Inverse Perim ratio: ,1.04508, Inv Perim Contribution: ,0, Final Score: ,-165.012
Point: ,180,20,Repeat score:,1, Repeat contribution: ,-1,Dist:,36.0694, Dist contribution: ,-180.347, New scanned ratio: ,0.152835, New Scanned Cells Contribution: ,0,Area ratio: ,0.744367, Area ratio Contribution: ,0,Perim diff: ,1.07152, Perim diff Contribution: ,0,Frontier diff: ,0, Frontier diff Contribution ,0,Inverse Area ratio: ,0.960794, Inv Area Ratio Contribution: ,0,Inverse Perim ratio: ,1.04751, Inv Perim Contribution: ,0, Final Score: ,-181.347
Point: ,177,18,Repeat score:,1, Repeat contribution: ,-1,Dist:,36.4905, Dist contribution: ,-182.453, New scanned ratio: ,0.135085, New Scanned Cells Contribution: ,0,Area ratio: ,0.759192, Area ratio Contribution: ,0,Perim diff: ,1.06908, Perim diff Contribution: ,0,Frontier diff: ,0, Frontier diff Contribution ,0,Inverse Area ratio: ,0.961683, Inv Area Ratio Contribution: ,0,Inverse Perim ratio: ,1.04472, Inv Perim Contribution: ,0, Final Score: ,-183.453
Point: ,173,20,Repeat score:,1, Repeat contribution: ,-1,Dist:,41.2311, Dist contribution: ,-206.155, New scanned ratio: ,0.152835, New Scanned Cells Contribution: ,0,Area ratio: ,0.747475, Area ratio Contribution: ,0,Perim diff: ,1.07446, Perim diff Contribution: ,0,Frontier diff: ,0, Frontier diff Contribution ,0,Inverse Area ratio: ,0.9608, Inv Area Ratio Contribution: ,0,Inverse Perim ratio: ,1.04756, Inv Perim Contribution: ,0, Final Score: ,-207.155
BEST Point:,225,1, Score: ,-101.211
COUNT COMMAND: 1
Total frontiers: ,81, Prioritised frontiers: ,18
At: ,224,0,
Point: ,245,0,Repeat score:,1, Repeat contribution: ,-1,Dist:,21, Dist contribution: ,-105, New scanned ratio: ,0.0868181, New Scanned Cells Contribution: ,0,Area ratio: ,0.939209, Area ratio Contribution: ,0,Perim diff: ,1.04315, Perim diff Contribution: ,0,Frontier diff: ,0, Frontier diff Contribution ,0,Inverse Area ratio: ,0.96264, Inv Area Ratio Contribution: ,0,Inverse Perim ratio: ,1.03156, Inv Perim Contribution: ,0, Final Score: ,-106
Point: ,244,1,Repeat score:,1, Repeat contribution: ,-1,Dist:,20.0422, Dist contribution: ,-100.211, New scanned ratio: ,0.0893653, New Scanned Cells Contribution: ,0,Area ratio: ,0.921418, Area ratio Contribution: ,0,Perim diff: ,1.04367, Perim diff Contribution: ,0,Frontier diff: ,0, Frontier diff Contribution ,0,Inverse Area ratio: ,0.962337, Inv Area Ratio Contribution: ,0,Inverse Perim ratio: ,1.03379, Inv Perim Contribution: ,0, Final Score: ,-101.211
Point: ,244,6,Repeat score:,1, Repeat contribution: ,-1,Dist:,21.4672, Dist contribution: ,-107.336, New scanned ratio: ,0.123965, New Scanned Cells Contribution: ,0,Area ratio: ,0.844985, Area ratio Contribution: ,0,Perim diff: ,1.04468, Perim diff Contribution: ,0,Frontier diff: ,0, Frontier diff Contribution ,0,Inverse Area ratio: ,0.96043, Inv Area Ratio Contribution: ,0,Inverse Perim ratio: ,1.03846, Inv Perim Contribution: ,0, Final Score: ,-108.336
Point: ,241,12,Repeat score:,1, Repeat contribution: ,-1,Dist:,23.0729, Dist contribution: ,-115.365, New scanned ratio: ,0.154956, New Scanned Cells Contribution: ,0,Area ratio: ,0.776737, Area ratio Contribution: ,0,Perim diff: ,1.04903, Perim diff Contribution: ,0,Frontier diff: ,0, Frontier diff Contribution ,0,Inverse Area ratio: ,0.958211, Inv Area Ratio Contribution: ,0,Inverse Perim ratio: ,1.04875, Inv Perim Contribution: ,0, Final Score: ,-116.365
Point: ,236,17,Repeat score:,1, Repeat contribution: ,-1,Dist:,25.1478, Dist contribution: ,-125.739, New scanned ratio: ,0.168542, New Scanned Cells Contribution: ,0,Area ratio: ,0.733208, Area ratio Contribution: ,0,Perim diff: ,1.05811, Perim diff Contribution: ,0,Frontier diff: ,0, Frontier diff Contribution ,0,Inverse Area ratio: ,0.956537, Inv Area Ratio Contribution: ,0,Inverse Perim ratio: ,1.0649, Inv Perim Contribution: ,0, Final Score: ,-126.739
Point: ,230,20,Repeat score:,1, Repeat contribution: ,-1,Dist:,26.6833, Dist contribution: ,-133.417, New scanned ratio: ,0.166844, New Scanned Cells Contribution: ,0,Area ratio: ,0.711321, Area ratio Contribution: ,0,Perim diff: ,1.06214, Perim diff Contribution: ,0,Frontier diff: ,0, Frontier diff Contribution ,0,Inverse Area ratio: ,0.956492, Inv Area Ratio Contribution: ,0,Inverse Perim ratio: ,1.06331, Inv Perim Contribution: ,0, Final Score: ,-134.417
Point: ,225,20,Repeat score:,1, Repeat contribution: ,-1,Dist:,26.0192, Dist contribution: ,-130.096, New scanned ratio: ,0.153258, New Scanned Cells Contribution: ,0,Area ratio: ,0.713224, Area ratio Contribution: ,0,Perim diff: ,1.062, Perim diff Contribution: ,0,Frontier diff: ,0, Frontier diff Contribution ,0,Inverse Area ratio: ,0.957268, Inv Area Ratio Contribution: ,0,Inverse Perim ratio: ,1.05794, Inv Perim Contribution: ,0, Final Score: ,-131.096
Point: ,224,21,Repeat score:,1, Repeat contribution: ,-1,Dist:,27.3, Dist contribution: ,-136.5, New scanned ratio: ,0.15899, New Scanned Cells Contribution: ,0,Area ratio: ,0.706637, Area ratio Contribution: ,0,Perim diff: ,1.06593, Perim diff Contribution: ,0,Frontier diff: ,0, Frontier diff Contribution ,0,Inverse Area ratio: ,0.956949, Inv Area Ratio Contribution: ,0,Inverse Perim ratio: ,1.05979, Inv Perim Contribution: ,0, Final Score: ,-137.5
Point: ,223,20,Repeat score:,1, Repeat contribution: ,-1,Dist:,26.0192, Dist contribution: ,-130.096, New scanned ratio: ,0.149225, New Scanned Cells Contribution: ,0,Area ratio: ,0.714681, Area ratio Contribution: ,0,Perim diff: ,1.06221, Perim diff Contribution: ,0,Frontier diff: ,0, Frontier diff Contribution ,0,Inverse Area ratio: ,0.957496, Inv Area Ratio Contribution: ,0,Inverse Perim ratio: ,1.05625, Inv Perim Contribution: ,0, Final Score: ,-131.096
Point: ,218,20,Repeat score:,1, Repeat contribution: ,-1,Dist:,26.6833, Dist contribution: ,-133.417, New scanned ratio: ,0.142433, New Scanned Cells Contribution: ,0,Area ratio: ,0.719028, Area ratio Contribution: ,0,Perim diff: ,1.06578, Perim diff Contribution: ,0,Frontier diff: ,0, Frontier diff Contribution ,0,Inverse Area ratio: ,0.957867, Inv Area Ratio Contribution: ,0,Inverse Perim ratio: ,1.05418, Inv Perim Contribution: ,0, Final Score: ,-134.417
Point: ,215,18,Repeat score:,1, Repeat contribution: ,-1,Dist:,25.0711, Dist contribution: ,-125.355, New scanned ratio: ,0.124602, New Scanned Cells Contribution: ,0,Area ratio: ,0.737464, Area ratio Contribution: ,0,Perim diff: ,1.06153, Perim diff Contribution: ,0,Frontier diff: ,0, Frontier diff Contribution ,0,Inverse Area ratio: ,0.958865, Inv Area Ratio Contribution: ,0,Inverse Perim ratio: ,1.04886, Inv Perim Contribution: ,0, Final Score: ,-126.355
Point: ,211,20,Repeat score:,1, Repeat contribution: ,-1,Dist:,29.0689, Dist contribution: ,-145.344, New scanned ratio: ,0.140734, New Scanned Cells Contribution: ,0,Area ratio: ,0.726539, Area ratio Contribution: ,0,Perim diff: ,1.06255, Perim diff Contribution: ,0,Frontier diff: ,0, Frontier diff Contribution ,0,Inverse Area ratio: ,0.957998, Inv Area Ratio Contribution: ,0,Inverse Perim ratio: ,1.04919, Inv Perim Contribution: ,0, Final Score: ,-146.344
Point: ,206,20,Repeat score:,1, Repeat contribution: ,-1,Dist:,31.6228, Dist contribution: ,-158.114, New scanned ratio: ,0.140522, New Scanned Cells Contribution: ,0,Area ratio: ,0.730679, Area ratio Contribution: ,0,Perim diff: ,1.06104, Perim diff Contribution: ,0,Frontier diff: ,0, Frontier diff Contribution ,0,Inverse Area ratio: ,0.958004, Inv Area Ratio Contribution: ,0,Inverse Perim ratio: ,1.04672, Inv Perim Contribution: ,0, Final Score: ,-159.114
Point: ,205,21,Repeat score:,1, Repeat contribution: ,-1,Dist:,33.2609, Dist contribution: ,-166.305, New scanned ratio: ,0.148801, New Scanned Cells Contribution: ,0,Area ratio: ,0.724341, Area ratio Contribution: ,0,Perim diff: ,1.06918, Perim diff Contribution: ,0,Frontier diff: ,0, Frontier diff Contribution ,0,Inverse Area ratio: ,0.957536, Inv Area Ratio Contribution: ,0,Inverse Perim ratio: ,1.0508, Inv Perim Contribution: ,0, Final Score: ,-167.305
Point: ,204,20,Repeat score:,1, Repeat contribution: ,-1,Dist:,32.8024, Dist contribution: ,-164.012, New scanned ratio: ,0.140522, New Scanned Cells Contribution: ,0,Area ratio: ,0.732348, Area ratio Contribution: ,0,Perim diff: ,1.06229, Perim diff Contribution: ,0,Frontier diff: ,0, Frontier diff Contribution ,0,Inverse Area ratio: ,0.958004, Inv Area Ratio Contribution: ,0,Inverse Perim ratio: ,1.04672, Inv Perim Contribution: ,0, Final Score: ,-165.012
Point: ,199,20,Repeat score:,1, Repeat contribution: ,-1,Dist:,36.0694, Dist contribution: ,-180.347, New scanned ratio: ,0.140734, New Scanned Cells Contribution: ,0,Area ratio: ,0.734445, Area ratio Contribution: ,0,Perim diff: ,1.07022, Perim diff Contribution: ,0,Frontier diff: ,0, Frontier diff Contribution ,0,Inverse Area ratio: ,0.957986, Inv Area Ratio Contribution: ,0,Inverse Perim ratio: ,1.04915, Inv Perim Contribution: ,0, Final Score: ,-181.347
Point: ,196,18,Repeat score:,1, Repeat contribution: ,-1,Dist:,36.4905, Dist contribution: ,-182.453, New scanned ratio: ,0.12439, New Scanned Cells Contribution: ,0,Area ratio: ,0.749796, Area ratio Contribution: ,0,Perim diff: ,1.06791, Perim diff Contribution: ,0,Frontier diff: ,0, Frontier diff Contribution ,0,Inverse Area ratio: ,0.958876, Inv Area Ratio Contribution: ,0,Inverse Perim ratio: ,1.04636, Inv Perim Contribution: ,0, Final Score: ,-183.453
Point: ,192,20,Repeat score:,1, Repeat contribution: ,-1,Dist:,41.2311, Dist contribution: ,-206.155, New scanned ratio: ,0.140734, New Scanned Cells Contribution: ,0,Area ratio: ,0.737258, Area ratio Contribution: ,0,Perim diff: ,1.07296, Perim diff Contribution: ,0,Frontier diff: ,0, Frontier diff Contribution ,0,Inverse Area ratio: ,0.957992, Inv Area Ratio Contribution: ,0,Inverse Perim ratio: ,1.0492, Inv Perim Contribution: ,0, Final Score: ,-207.155
BEST Point:,244,1, Score: ,-101.211
COUNT COMMAND: 1
Total frontiers: ,87, Prioritised frontiers: ,18
At: ,243,0,
Point: ,264,0,Repeat score:,1, Repeat contribution: ,-1,Dist:,21, Dist contribution: ,-105, New scanned ratio: ,0.0804485, New Scanned Cells Contribution: ,0,Area ratio: ,0.938867, Area ratio Contribution: ,0,Perim diff: ,1.04359, Perim diff Contribution: ,0,Frontier diff: ,0, Frontier diff Contribution ,0,Inverse Area ratio: ,0.959825, Inv Area Ratio Contribution: ,0,Inverse Perim ratio: ,1.0332, Inv Perim Contribution: ,0, Final Score: ,-106
Point: ,263,1,Repeat score:,1, Repeat contribution: ,-1,Dist:,20.0422, Dist contribution: ,-100.211, New scanned ratio: ,0.0828088, New Scanned Cells Contribution: ,0,Area ratio: ,0.920733, Area ratio Contribution: ,0,Perim diff: ,1.04409, Perim diff Contribution: ,0,Frontier diff: ,0, Frontier diff Contribution ,0,Inverse Area ratio: ,0.959523, Inv Area Ratio Contribution: ,0,Inverse Perim ratio: ,1.03543, Inv Perim Contribution: ,0, Final Score: ,-101.211
Point: ,263,6,Repeat score:,1, Repeat contribution: ,-1,Dist:,21.4672, Dist contribution: ,-107.336, New scanned ratio: ,0.11487, New Scanned Cells Contribution: ,0,Area ratio: ,0.842755, Area ratio Contribution: ,0,Perim diff: ,1.04504, Perim diff Contribution: ,0,Frontier diff: ,0, Frontier diff Contribution ,0,Inverse Area ratio: ,0.957613, Inv Area Ratio Contribution: ,0,Inverse Perim ratio: ,1.04009, Inv Perim Contribution: ,0, Final Score: ,-108.336
Point: ,260,12,Repeat score:,1, Repeat contribution: ,-1,Dist:,23.0729, Dist contribution: ,-115.365, New scanned ratio: ,0.143588, New Scanned Cells Contribution: ,0,Area ratio: ,0.77273, Area ratio Contribution: ,0,Perim diff: ,1.04915, Perim diff Contribution: ,0,Frontier diff: ,0, Frontier diff Contribution ,0,Inverse Area ratio: ,0.955392, Inv Area Ratio Contribution: ,0,Inverse Perim ratio: ,1.05039, Inv Perim Contribution: ,0, Final Score: ,-116.365
Point: ,255,17,Repeat score:,1, Repeat contribution: ,-1,Dist:,25.1478, Dist contribution: ,-125.739, New scanned ratio: ,0.156176, New Scanned Cells Contribution: ,0,Area ratio: ,0.727751, Area ratio Contribution: ,0,Perim diff: ,1.05769, Perim diff Contribution: ,0,Frontier diff: ,0, Frontier diff Contribution ,0,Inverse Area ratio: ,0.953718, Inv Area Ratio Contribution: ,0,Inverse Perim ratio: ,1.06654, Inv Perim Contribution: ,0, Final Score: ,-126.739
Point: ,249,20,Repeat score:,1, Repeat contribution: ,-1,Dist:,26.6833, Dist contribution: ,-133.417, New scanned ratio: ,0.154603, New Scanned Cells Contribution: ,0,Area ratio: ,0.704968, Area ratio Contribution: ,0,Perim diff: ,1.06149, Perim diff Contribution: ,0,Frontier diff: ,0, Frontier diff Contribution ,0,Inverse Area ratio: ,0.953674, Inv Area Ratio Contribution: ,0,Inverse Perim ratio: ,1.06494, Inv Perim Contribution: ,0, Final Score: ,-134.417
Point: ,244,20,Repeat score:,1, Repeat contribution: ,-1,Dist:,26.0192, Dist contribution: ,-130.096, New scanned ratio: ,0.142014, New Scanned Cells Contribution: ,0,Area ratio: ,0.706645, Area ratio Contribution: ,0,Perim diff: ,1.06136, Perim diff Contribution: ,0,Frontier diff: ,0, Frontier diff Contribution ,0,Inverse Area ratio: ,0.95445, Inv Area Ratio Contribution: ,0,Inverse Perim ratio: ,1.05958, Inv Perim Contribution: ,0, Final Score: ,-131.096
Point: ,243,21,Repeat score:,1, Repeat contribution: ,-1,Dist:,27.3, Dist contribution: ,-136.5, New scanned ratio: ,0.147325, New Scanned Cells Contribution: ,0,Area ratio: ,0.69978, Area ratio Contribution: ,0,Perim diff: ,1.06505, Perim diff Contribution: ,0,Frontier diff: ,0, Frontier diff Contribution ,0,Inverse Area ratio: ,0.954131, Inv Area Ratio Contribution: ,0,Inverse Perim ratio: ,1.06143, Inv Perim Contribution: ,0, Final Score: ,-137.5
Point: ,242,20,Repeat score:,1, Repeat contribution: ,-1,Dist:,26.0192, Dist contribution: ,-130.096, New scanned ratio: ,0.138277, New Scanned Cells Contribution: ,0,Area ratio: ,0.707962, Area ratio Contribution: ,0,Perim diff: ,1.06156, Perim diff Contribution: ,0,Frontier diff: ,0, Frontier diff Contribution ,0,Inverse Area ratio: ,0.954679, Inv Area Ratio Contribution: ,0,Inverse Perim ratio: ,1.05789, Inv Perim Contribution: ,0, Final Score: ,-131.096
Point: ,237,20,Repeat score:,1, Repeat contribution: ,-1,Dist:,26.6833, Dist contribution: ,-133.417, New scanned ratio: ,0.131983, New Scanned Cells Contribution: ,0,Area ratio: ,0.711914, Area ratio Contribution: ,0,Perim diff: ,1.06489, Perim diff Contribution: ,0,Frontier diff: ,0, Frontier diff Contribution ,0,Inverse Area ratio: ,0.95505, Inv Area Ratio Contribution: ,0,Inverse Perim ratio: ,1.05582, Inv Perim Contribution: ,0, Final Score: ,-134.417
Point: ,234,18,Repeat score:,1, Repeat contribution: ,-1,Dist:,25.0711, Dist contribution: ,-125.355, New scanned ratio: ,0.11546, New Scanned Cells Contribution: ,0,Area ratio: ,0.730528, Area ratio Contribution: ,0,Perim diff: ,1.06089, Perim diff Contribution: ,0,Frontier diff: ,0, Frontier diff Contribution ,0,Inverse Area ratio: ,0.956049, Inv Area Ratio Contribution: ,0,Inverse Perim ratio: ,1.0505, Inv Perim Contribution: ,0, Final Score: ,-126.355
Point: ,230,20,Repeat score:,1, Repeat contribution: ,-1,Dist:,29.0689, Dist contribution: ,-145.344, New scanned ratio: ,0.130409, New Scanned Cells Contribution: ,0,Area ratio: ,0.718789, Area ratio Contribution: ,0,Perim diff: ,1.06188, Perim diff Contribution: ,0,Frontier diff: ,0, Frontier diff Contribution ,0,Inverse Area ratio: ,0.955181, Inv Area Ratio Contribution: ,0,Inverse Perim ratio: ,1.05083, Inv Perim Contribution: ,0, Final Score: ,-146.344
Point: ,225,20,Repeat score:,1, Repeat contribution: ,-1,Dist:,31.6228, Dist contribution: ,-158.114, New scanned ratio: ,0.130212, New Scanned Cells Contribution: ,0,Area ratio: ,0.722577, Area ratio Contribution: ,0,Perim diff: ,1.06049, Perim diff Contribution: ,0,Frontier diff: ,0, Frontier diff Contribution ,0,Inverse Area ratio: ,0.955187, Inv Area Ratio Contribution: ,0,Inverse Perim ratio: ,1.04836, Inv Perim Contribution: ,0, Final Score: ,-159.114
Point: ,224,21,Repeat score:,1, Repeat contribution: ,-1,Dist:,33.2609, Dist contribution: ,-166.305, New scanned ratio: ,0.137884, New Scanned Cells Contribution: ,0,Area ratio: ,0.715944, Area ratio Contribution: ,0,Perim diff: ,1.0681, Perim diff Contribution: ,0,Frontier diff: ,0, Frontier diff Contribution ,0,Inverse Area ratio: ,0.954719, Inv Area Ratio Contribution: ,0,Inverse Perim ratio: ,1.05244, Inv Perim Contribution: ,0, Final Score: ,-167.305
Point: ,223,20,Repeat score:,1, Repeat contribution: ,-1,Dist:,32.8024, Dist contribution: ,-164.012, New scanned ratio: ,0.130212, New Scanned Cells Contribution: ,0,Area ratio: ,0.724104, Area ratio Contribution: ,0,Perim diff: ,1.06165, Perim diff Contribution: ,0,Frontier diff: ,0, Frontier diff Contribution ,0,Inverse Area ratio: ,0.955187, Inv Area Ratio Contribution: ,0,Inverse Perim ratio: ,1.04836, Inv Perim Contribution: ,0, Final Score: ,-165.012
Point: ,218,20,Repeat score:,1, Repeat contribution: ,-1,Dist:,36.0694, Dist contribution: ,-180.347, New scanned ratio: ,0.130409, New Scanned Cells Contribution: ,0,Area ratio: ,0.726021, Area ratio Contribution: ,0,Perim diff: ,1.06905, Perim diff Contribution: ,0,Frontier diff: ,0, Frontier diff Contribution ,0,Inverse Area ratio: ,0.95517, Inv Area Ratio Contribution: ,0,Inverse Perim ratio: ,1.05079, Inv Perim Contribution: ,0, Final Score: ,-181.347
Point: ,215,18,Repeat score:,1, Repeat contribution: ,-1,Dist:,36.4905, Dist contribution: ,-182.453, New scanned ratio: ,0.115264, New Scanned Cells Contribution: ,0,Area ratio: ,0.74182, Area ratio Contribution: ,0,Perim diff: ,1.06687, Perim diff Contribution: ,0,Frontier diff: ,0, Frontier diff Contribution ,0,Inverse Area ratio: ,0.956061, Inv Area Ratio Contribution: ,0,Inverse Perim ratio: ,1.04799, Inv Perim Contribution: ,0, Final Score: ,-183.453
Point: ,211,20,Repeat score:,1, Repeat contribution: ,-1,Dist:,41.2311, Dist contribution: ,-206.155, New scanned ratio: ,0.130409, New Scanned Cells Contribution: ,0,Area ratio: ,0.728589, Area ratio Contribution: ,0,Perim diff: ,1.07162, Perim diff Contribution: ,0,Frontier diff: ,0, Frontier diff Contribution ,0,Inverse Area ratio: ,0.955176, Inv Area Ratio Contribution: ,0,Inverse Perim ratio: ,1.05084, Inv Perim Contribution: ,0, Final Score: ,-207.155
BEST Point:,263,1, Score: ,-101.211
COUNT COMMAND: 1
Total frontiers: ,93, Prioritised frontiers: ,18
At: ,262,0,
Point: ,283,0,Repeat score:,1, Repeat contribution: ,-1,Dist:,21, Dist contribution: ,-105, New scanned ratio: ,0.0698186, New Scanned Cells Contribution: ,0,Area ratio: ,0.93868, Area ratio Contribution: ,0,Perim diff: ,1.0438, Perim diff Contribution: ,0,Frontier diff: ,0, Frontier diff Contribution ,0,Inverse Area ratio: ,0.978867, Inv Area Ratio Contribution: ,0,Inverse Perim ratio: ,1.02734, Inv Perim Contribution: ,0, Final Score: ,-106
Point: ,282,1,Repeat score:,1, Repeat contribution: ,-1,Dist:,20.0422, Dist contribution: ,-100.211, New scanned ratio: ,0.0736668, New Scanned Cells Contribution: ,0,Area ratio: ,0.920265, Area ratio Contribution: ,0,Perim diff: ,1.04414, Perim diff Contribution: ,0,Frontier diff: ,0, Frontier diff Contribution ,0,Inverse Area ratio: ,0.976899, Inv Area Ratio Contribution: ,0,Inverse Perim ratio: ,1.02871, Inv Perim Contribution: ,0, Final Score: ,-101.211
Point: ,282,6,Repeat score:,1, Repeat contribution: ,-1,Dist:,21.4672, Dist contribution: ,-107.336, New scanned ratio: ,0.101704, New Scanned Cells Contribution: ,0,Area ratio: ,0.84075, Area ratio Contribution: ,0,Perim diff: ,1.04449, Perim diff Contribution: ,0,Frontier diff: ,0, Frontier diff Contribution ,0,Inverse Area ratio: ,0.98372, Inv Area Ratio Contribution: ,0,Inverse Perim ratio: ,1.02927, Inv Perim Contribution: ,0, Final Score: ,-108.336
Point: ,279,12,Repeat score:,1, Repeat contribution: ,-1,Dist:,23.0729, Dist contribution: ,-115.365, New scanned ratio: ,0.133773, New Scanned Cells Contribution: ,0,Area ratio: ,0.769241, Area ratio Contribution: ,0,Perim diff: ,1.04924, Perim diff Contribution: ,0,Frontier diff: ,-1, Frontier diff Contribution ,-0,Inverse Area ratio: ,0.974309, Inv Area Ratio Contribution: ,0,Inverse Perim ratio: ,1.03734, Inv Perim Contribution: ,0, Final Score: ,-116.365
Point: ,274,17,Repeat score:,1, Repeat contribution: ,-1,Dist:,25.1478, Dist contribution: ,-125.739, New scanned ratio: ,0.145501, New Scanned Cells Contribution: ,0,Area ratio: ,0.723011, Area ratio Contribution: ,0,Perim diff: ,1.0573, Perim diff Contribution: ,0,Frontier diff: ,0, Frontier diff Contribution ,0,Inverse Area ratio: ,0.95089, Inv Area Ratio Contribution: ,0,Inverse Perim ratio: ,1.06818, Inv Perim Contribution: ,0, Final Score: ,-126.739
Point: ,268,20,Repeat score:,1, Repeat contribution: ,-1,Dist:,26.6833, Dist contribution: ,-133.417, New scanned ratio: ,0.144035, New Scanned Cells Contribution: ,0,Area ratio: ,0.699465, Area ratio Contribution: ,0,Perim diff: ,1.0609, Perim diff Contribution: ,0,Frontier diff: ,0, Frontier diff Contribution ,0,Inverse Area ratio: ,0.950846, Inv Area Ratio Contribution: ,0,Inverse Perim ratio: ,1.06658, Inv Perim Contribution: ,0, Final Score: ,-134.417
Point: ,263,20,Repeat score:,1, Repeat contribution: ,-1,Dist:,26.0192, Dist contribution: ,-130.096, New scanned ratio: ,0.132307, New Scanned Cells Contribution: ,0,Area ratio: ,0.700958, Area ratio Contribution: ,0,Perim diff: ,1.06078, Perim diff Contribution: ,0,Frontier diff: ,0, Frontier diff Contribution ,0,Inverse Area ratio: ,0.951624, Inv Area Ratio Contribution: ,0,Inverse Perim ratio: ,1.06121, Inv Perim Contribution: ,0, Final Score: ,-131.096
Point: ,262,21,Repeat score:,1, Repeat contribution: ,-1,Dist:,27.3, Dist contribution: ,-136.5, New scanned ratio: ,0.137255, New Scanned Cells Contribution: ,0,Area ratio: ,0.693855, Area ratio Contribution: ,0,Perim diff: ,1.06425, Perim diff Contribution: ,0,Frontier diff: ,0, Frontier diff Contribution ,0,Inverse Area ratio: ,0.951304, Inv Area Ratio Contribution: ,0,Inverse Perim ratio: ,1.06306, Inv Perim Contribution: ,0, Final Score: ,-137.5
Point: ,261,20,Repeat score:,1, Repeat contribution: ,-1,Dist:,26.0192, Dist contribution: ,-130.096, New scanned ratio: ,0.128825, New Scanned Cells Contribution: ,0,Area ratio: ,0.702158, Area ratio Contribution: ,0,Perim diff: ,1.06097, Perim diff Contribution: ,0,Frontier diff: ,0, Frontier diff Contribution ,0,Inverse Area ratio: ,0.951853, Inv Area Ratio Contribution: ,0,Inverse Perim ratio: ,1.05952, Inv Perim Contribution: ,0, Final Score: ,-131.096
Point: ,256,20,Repeat score:,1, Repeat contribution: ,-1,Dist:,26.6833, Dist contribution: ,-133.417, New scanned ratio: ,0.122961, New Scanned Cells Contribution: ,0,Area ratio: ,0.705779, Area ratio Contribution: ,0,Perim diff: ,1.06409, Perim diff Contribution: ,0,Frontier diff: ,0, Frontier diff Contribution ,0,Inverse Area ratio: ,0.952225, Inv Area Ratio Contribution: ,0,Inverse Perim ratio: ,1.05746, Inv Perim Contribution: ,0, Final Score: ,-134.417
Point: ,253,18,Repeat score:,1, Repeat contribution: ,-1,Dist:,25.0711, Dist contribution: ,-125.355, New scanned ratio: ,0.107568, New Scanned Cells Contribution: ,0,Area ratio: ,0.724552, Area ratio Contribution: ,0,Perim diff: ,1.06032, Perim diff Contribution: ,0,Frontier diff: ,0, Frontier diff Contribution ,0,Inverse Area ratio: ,0.953226, Inv Area Ratio Contribution: ,0,Inverse Perim ratio: ,1.05213, Inv Perim Contribution: ,0, Final Score: ,-126.355
Point: ,249,20,Repeat score:,1, Repeat contribution: ,-1,Dist:,29.0689, Dist contribution: ,-145.344, New scanned ratio: ,0.121495, New Scanned Cells Contribution: ,0,Area ratio: ,0.712117, Area ratio Contribution: ,0,Perim diff: ,1.06128, Perim diff Contribution: ,0,Frontier diff: ,0, Frontier diff Contribution ,0,Inverse Area ratio: ,0.952356, Inv Area Ratio Contribution: ,0,Inverse Perim ratio: ,1.05246, Inv Perim Contribution: ,0, Final Score: ,-146.344
Point: ,244,20,Repeat score:,1, Repeat contribution: ,-1,Dist:,31.6228, Dist contribution: ,-158.114, New scanned ratio: ,0.121312, New Scanned Cells Contribution: ,0,Area ratio: ,0.715608, Area ratio Contribution: ,0,Perim diff: ,1.05997, Perim diff Contribution: ,0,Frontier diff: ,0, Frontier diff Contribution ,0,Inverse Area ratio: ,0.952362, Inv Area Ratio Contribution: ,0,Inverse Perim ratio: ,1.04999, Inv Perim Contribution: ,0, Final Score: ,-159.114
Point: ,243,21,Repeat score:,1, Repeat contribution: ,-1,Dist:,33.2609, Dist contribution: ,-166.305, New scanned ratio: ,0.128459, New Scanned Cells Contribution: ,0,Area ratio: ,0.70872, Area ratio Contribution: ,0,Perim diff: ,1.06712, Perim diff Contribution: ,0,Frontier diff: ,0, Frontier diff Contribution ,0,Inverse Area ratio: ,0.951893, Inv Area Ratio Contribution: ,0,Inverse Perim ratio: ,1.05407, Inv Perim Contribution: ,0, Final Score: ,-167.305
Point: ,242,20,Repeat score:,1, Repeat contribution: ,-1,Dist:,32.8024, Dist contribution: ,-164.012, New scanned ratio: ,0.121312, New Scanned Cells Contribution: ,0,Area ratio: ,0.717014, Area ratio Contribution: ,0,Perim diff: ,1.06106, Perim diff Contribution: ,0,Frontier diff: ,0, Frontier diff Contribution ,0,Inverse Area ratio: ,0.952362, Inv Area Ratio Contribution: ,0,Inverse Perim ratio: ,1.04999, Inv Perim Contribution: ,0, Final Score: ,-165.012
Point: ,237,20,Repeat score:,1, Repeat contribution: ,-1,Dist:,36.0694, Dist contribution: ,-180.347, New scanned ratio: ,0.121495, New Scanned Cells Contribution: ,0,Area ratio: ,0.718779, Area ratio Contribution: ,0,Perim diff: ,1.068, Perim diff Contribution: ,0,Frontier diff: ,0, Frontier diff Contribution ,0,Inverse Area ratio: ,0.952345, Inv Area Ratio Contribution: ,0,Inverse Perim ratio: ,1.05242, Inv Perim Contribution: ,0, Final Score: ,-181.347
Point: ,234,18,Repeat score:,1, Repeat contribution: ,-1,Dist:,36.4905, Dist contribution: ,-182.453, New scanned ratio: ,0.107385, New Scanned Cells Contribution: ,0,Area ratio: ,0.734966, Area ratio Contribution: ,0,Perim diff: ,1.06593, Perim diff Contribution: ,0,Frontier diff: ,0, Frontier diff Contribution ,0,Inverse Area ratio: ,0.953237, Inv Area Ratio Contribution: ,0,Inverse Perim ratio: ,1.04963, Inv Perim Contribution: ,0, Final Score: ,-183.453
Point: ,230,20,Repeat score:,1, Repeat contribution: ,-1,Dist:,41.2311, Dist contribution: ,-206.155, New scanned ratio: ,0.121495, New Scanned Cells Contribution: ,0,Area ratio: ,0.721141, Area ratio Contribution: ,0,Perim diff: ,1.07042, Perim diff Contribution: ,0,Frontier diff: ,0, Frontier diff Contribution ,0,Inverse Area ratio: ,0.952351, Inv Area Ratio Contribution: ,0,Inverse Perim ratio: ,1.05247, Inv Perim Contribution: ,0, Final Score: ,-207.155
BEST Point:,282,1, Score: ,-101.211
COUNT COMMAND: 1
Total frontiers: ,96, Prioritised frontiers: ,16
At: ,281,0,
Point: ,299,9,Repeat score:,1, Repeat contribution: ,-1,Dist:,21.4683, Dist contribution: ,-107.342, New scanned ratio: ,0.0298866, New Scanned Cells Contribution: ,0,Area ratio: ,0.787984, Area ratio Contribution: ,0,Perim diff: ,1.04875, Perim diff Contribution: ,0,Frontier diff: ,0, Frontier diff Contribution ,0,Inverse Area ratio: ,0.987825, Inv Area Ratio Contribution: ,0,Inverse Perim ratio: ,1.02654, Inv Perim Contribution: ,0, Final Score: ,-108.342
Point: ,298,12,Repeat score:,1, Repeat contribution: ,-1,Dist:,23.0729, Dist contribution: ,-115.365, New scanned ratio: ,0.0412229, New Scanned Cells Contribution: ,0,Area ratio: ,0.751927, Area ratio Contribution: ,0,Perim diff: ,1.04982, Perim diff Contribution: ,0,Frontier diff: ,0, Frontier diff Contribution ,0,Inverse Area ratio: ,0.987523, Inv Area Ratio Contribution: ,0,Inverse Perim ratio: ,1.02694, Inv Perim Contribution: ,0, Final Score: ,-116.365
Point: ,293,17,Repeat score:,1, Repeat contribution: ,-1,Dist:,25.1478, Dist contribution: ,-125.739, New scanned ratio: ,0.0738578, New Scanned Cells Contribution: ,0,Area ratio: ,0.706809, Area ratio Contribution: ,0,Perim diff: ,1.05715, Perim diff Contribution: ,0,Frontier diff: ,0, Frontier diff Contribution ,0,Inverse Area ratio: ,0.986312, Inv Area Ratio Contribution: ,0,Inverse Perim ratio: ,1.02929, Inv Perim Contribution: ,0, Final Score: ,-126.739
Point: ,287,20,Repeat score:,1, Repeat contribution: ,-1,Dist:,26.6833, Dist contribution: ,-133.417, New scanned ratio: ,0.10718, New Scanned Cells Contribution: ,0,Area ratio: ,0.690464, Area ratio Contribution: ,0,Perim diff: ,1.05755, Perim diff Contribution: ,0,Frontier diff: ,0, Frontier diff Contribution ,0,Inverse Area ratio: ,0.985647, Inv Area Ratio Contribution: ,0,Inverse Perim ratio: ,1.03192, Inv Perim Contribution: ,0, Final Score: ,-134.417
Point: ,282,20,Repeat score:,1, Repeat contribution: ,-1,Dist:,26.0192, Dist contribution: ,-130.096, New scanned ratio: ,0.118688, New Scanned Cells Contribution: ,0,Area ratio: ,0.697007, Area ratio Contribution: ,0,Perim diff: ,1.0578, Perim diff Contribution: ,0,Frontier diff: ,-1, Frontier diff Contribution ,-0,Inverse Area ratio: ,0.98402, Inv Area Ratio Contribution: ,0,Inverse Perim ratio: ,1.03591, Inv Perim Contribution: ,0, Final Score: ,-131.096
Point: ,281,21,Repeat score:,1, Repeat contribution: ,-1,Dist:,27.3, Dist contribution: ,-136.5, New scanned ratio: ,0.126245, New Scanned Cells Contribution: ,0,Area ratio: ,0.690265, Area ratio Contribution: ,0,Perim diff: ,1.06138, Perim diff Contribution: ,0,Frontier diff: ,-1, Frontier diff Contribution ,-0,Inverse Area ratio: ,0.983217, Inv Area Ratio Contribution: ,0,Inverse Perim ratio: ,1.03902, Inv Perim Contribution: ,0, Final Score: ,-137.5
Point: ,280,20,Repeat score:,1, Repeat contribution: ,-1,Dist:,26.0192, Dist contribution: ,-130.096, New scanned ratio: ,0.120577, New Scanned Cells Contribution: ,0,Area ratio: ,0.698781, Area ratio Contribution: ,0,Perim diff: ,1.05852, Perim diff Contribution: ,0,Frontier diff: ,-1, Frontier diff Contribution ,-0,Inverse Area ratio: ,0.982792, Inv Area Ratio Contribution: ,0,Inverse Perim ratio: ,1.03841, Inv Perim Contribution: ,0, Final Score: ,-131.096
Point: ,275,20,Repeat score:,1, Repeat contribution: ,-1,Dist:,26.6833, Dist contribution: ,-133.417, New scanned ratio: ,0.115252, New Scanned Cells Contribution: ,0,Area ratio: ,0.700696, Area ratio Contribution: ,0,Perim diff: ,1.06302, Perim diff Contribution: ,0,Frontier diff: ,0, Frontier diff Contribution ,0,Inverse Area ratio: ,0.964217, Inv Area Ratio Contribution: ,0,Inverse Perim ratio: ,1.05386, Inv Perim Contribution: ,0, Final Score: ,-134.417
Point: ,272,18,Repeat score:,1, Repeat contribution: ,-1,Dist:,25.0711, Dist contribution: ,-125.355, New scanned ratio: ,0.100824, New Scanned Cells Contribution: ,0,Area ratio: ,0.719315, Area ratio Contribution: ,0,Perim diff: ,1.0595, Perim diff Contribution: ,0,Frontier diff: ,0, Frontier diff Contribution ,0,Inverse Area ratio: ,0.965235, Inv Area Ratio Contribution: ,0,Inverse Perim ratio: ,1.0485, Inv Perim Contribution: ,0, Final Score: ,-126.355
Point: ,268,20,Repeat score:,1, Repeat contribution: ,-1,Dist:,29.0689, Dist contribution: ,-145.344, New scanned ratio: ,0.113878, New Scanned Cells Contribution: ,0,Area ratio: ,0.706262, Area ratio Contribution: ,0,Perim diff: ,1.06042, Perim diff Contribution: ,0,Frontier diff: ,0, Frontier diff Contribution ,0,Inverse Area ratio: ,0.964351, Inv Area Ratio Contribution: ,0,Inverse Perim ratio: ,1.04883, Inv Perim Contribution: ,0, Final Score: ,-146.344
Point: ,263,20,Repeat score:,1, Repeat contribution: ,-1,Dist:,31.6228, Dist contribution: ,-158.114, New scanned ratio: ,0.113707, New Scanned Cells Contribution: ,0,Area ratio: ,0.709502, Area ratio Contribution: ,0,Perim diff: ,1.05919, Perim diff Contribution: ,0,Frontier diff: ,0, Frontier diff Contribution ,0,Inverse Area ratio: ,0.964357, Inv Area Ratio Contribution: ,0,Inverse Perim ratio: ,1.04634, Inv Perim Contribution: ,0, Final Score: ,-159.114
Point: ,262,21,Repeat score:,1, Repeat contribution: ,-1,Dist:,33.2609, Dist contribution: ,-166.305, New scanned ratio: ,0.120405, New Scanned Cells Contribution: ,0,Area ratio: ,0.702387, Area ratio Contribution: ,0,Perim diff: ,1.06595, Perim diff Contribution: ,0,Frontier diff: ,0, Frontier diff Contribution ,0,Inverse Area ratio: ,0.96388, Inv Area Ratio Contribution: ,0,Inverse Perim ratio: ,1.05045, Inv Perim Contribution: ,0, Final Score: ,-167.305
Point: ,261,20,Repeat score:,1, Repeat contribution: ,-1,Dist:,32.8024, Dist contribution: ,-164.012, New scanned ratio: ,0.113707, New Scanned Cells Contribution: ,0,Area ratio: ,0.710806, Area ratio Contribution: ,0,Perim diff: ,1.06022, Perim diff Contribution: ,0,Frontier diff: ,0, Frontier diff Contribution ,0,Inverse Area ratio: ,0.964357, Inv Area Ratio Contribution: ,0,Inverse Perim ratio: ,1.04634, Inv Perim Contribution: ,0, Final Score: ,-165.012
Point: ,256,20,Repeat score:,1, Repeat contribution: ,-1,Dist:,36.0694, Dist contribution: ,-180.347, New scanned ratio: ,0.113878, New Scanned Cells Contribution: ,0,Area ratio: ,0.712443, Area ratio Contribution: ,0,Perim diff: ,1.06678, Perim diff Contribution: ,0,Frontier diff: ,0, Frontier diff Contribution ,0,Inverse Area ratio: ,0.964339, Inv Area Ratio Contribution: ,0,Inverse Perim ratio: ,1.04879, Inv Perim Contribution: ,0, Final Score: ,-181.347
Point: ,253,18,Repeat score:,1, Repeat contribution: ,-1,Dist:,36.4905, Dist contribution: ,-182.453, New scanned ratio: ,0.100653, New Scanned Cells Contribution: ,0,Area ratio: ,0.728986, Area ratio Contribution: ,0,Perim diff: ,1.0648, Perim diff Contribution: ,0,Frontier diff: ,0, Frontier diff Contribution ,0,Inverse Area ratio: ,0.965246, Inv Area Ratio Contribution: ,0,Inverse Perim ratio: ,1.04597, Inv Perim Contribution: ,0, Final Score: ,-183.453
Point: ,249,20,Repeat score:,1, Repeat contribution: ,-1,Dist:,41.2311, Dist contribution: ,-206.155, New scanned ratio: ,0.113878, New Scanned Cells Contribution: ,0,Area ratio: ,0.714632, Area ratio Contribution: ,0,Perim diff: ,1.06906, Perim diff Contribution: ,0,Frontier diff: ,0, Frontier diff Contribution ,0,Inverse Area ratio: ,0.964345, Inv Area Ratio Contribution: ,0,Inverse Perim ratio: ,1.04884, Inv Perim Contribution: ,0, Final Score: ,-207.155
BEST Point:,299,9, Score: ,-108.342
COUNT COMMAND: 1
Total frontiers: ,96, Prioritised frontiers: ,13
At: ,298,8,
Point: ,299,28,Repeat score:,1, Repeat contribution: ,-1,Dist:,26.0192, Dist contribution: ,-130.096, New scanned ratio: ,0.0636379, New Scanned Cells Contribution: ,0,Area ratio: ,0.609535, Area ratio Contribution: ,0,Perim diff: ,1.07275, Perim diff Contribution: ,0,Frontier diff: ,0, Frontier diff Contribution ,0,Inverse Area ratio: ,0.985731, Inv Area Ratio Contribution: ,0,Inverse Perim ratio: ,1.03106, Inv Perim Contribution: ,0, Final Score: ,-131.096
Point: ,298,29,Repeat score:,1, Repeat contribution: ,-1,Dist:,27.3, Dist contribution: ,-136.5, New scanned ratio: ,0.0714882, New Scanned Cells Contribution: ,0,Area ratio: ,0.604614, Area ratio Contribution: ,0,Perim diff: ,1.07611, Perim diff Contribution: ,0,Frontier diff: ,0, Frontier diff Contribution ,0,Inverse Area ratio: ,0.985167, Inv Area Ratio Contribution: ,0,Inverse Perim ratio: ,1.03348, Inv Perim Contribution: ,0, Final Score: ,-137.5
Point: ,297,28,Repeat score:,1, Repeat contribution: ,-1,Dist:,26.0192, Dist contribution: ,-130.096, New scanned ratio: ,0.0729915, New Scanned Cells Contribution: ,0,Area ratio: ,0.61361, Area ratio Contribution: ,0,Perim diff: ,1.07282, Perim diff Contribution: ,0,Frontier diff: ,0, Frontier diff Contribution ,0,Inverse Area ratio: ,0.985294, Inv Area Ratio Contribution: ,0,Inverse Perim ratio: ,1.03268, Inv Perim Contribution: ,0, Final Score: ,-131.096
Point: ,292,28,Repeat score:,1, Repeat contribution: ,-1,Dist:,26.6833, Dist contribution: ,-133.417, New scanned ratio: ,0.0962085, New Scanned Cells Contribution: ,0,Area ratio: ,0.623265, Area ratio Contribution: ,0,Perim diff: ,1.07632, Perim diff Contribution: ,0,Frontier diff: ,0, Frontier diff Contribution ,0,Inverse Area ratio: ,0.984041, Inv Area Ratio Contribution: ,0,Inverse Perim ratio: ,1.03639, Inv Perim Contribution: ,0, Final Score: ,-134.417
Point: ,286,25,Repeat score:,1, Repeat contribution: ,-1,Dist:,25.1478, Dist contribution: ,-125.739, New scanned ratio: ,0.106898, New Scanned Cells Contribution: ,0,Area ratio: ,0.655076, Area ratio Contribution: ,0,Perim diff: ,1.06628, Perim diff Contribution: ,0,Frontier diff: ,0, Frontier diff Contribution ,0,Inverse Area ratio: ,0.984275, Inv Area Ratio Contribution: ,0,Inverse Perim ratio: ,1.03614, Inv Perim Contribution: ,0, Final Score: ,-126.739
Point: ,282,21,Repeat score:,1, Repeat contribution: ,-1,Dist:,23.2725, Dist contribution: ,-116.363, New scanned ratio: ,0.0943711, New Scanned Cells Contribution: ,0,Area ratio: ,0.689619, Area ratio Contribution: ,0,Perim diff: ,1.05751, Perim diff Contribution: ,0,Frontier diff: ,0, Frontier diff Contribution ,0,Inverse Area ratio: ,0.983797, Inv Area Ratio Contribution: ,0,Inverse Perim ratio: ,1.0364, Inv Perim Contribution: ,0, Final Score: ,-117.363
Point: ,280,20,Repeat score:,1, Repeat contribution: ,-1,Dist:,23.8193, Dist contribution: ,-119.097, New scanned ratio: ,0.0908635, New Scanned Cells Contribution: ,0,Area ratio: ,0.699281, Area ratio Contribution: ,0,Perim diff: ,1.05688, Perim diff Contribution: ,0,Frontier diff: ,0, Frontier diff Contribution ,0,Inverse Area ratio: ,0.983048, Inv Area Ratio Contribution: ,0,Inverse Perim ratio: ,1.03775, Inv Perim Contribution: ,0, Final Score: ,-120.097
Point: ,275,20,Repeat score:,1, Repeat contribution: ,-1,Dist:,27.7914, Dist contribution: ,-138.957, New scanned ratio: ,0.0977117, New Scanned Cells Contribution: ,0,Area ratio: ,0.703379, Area ratio Contribution: ,0,Perim diff: ,1.06366, Perim diff Contribution: ,0,Frontier diff: ,0, Frontier diff Contribution ,0,Inverse Area ratio: ,0.982555, Inv Area Ratio Contribution: ,0,Inverse Perim ratio: ,1.04024, Inv Perim Contribution: ,0, Final Score: ,-139.957
Point: ,272,18,Repeat score:,1, Repeat contribution: ,-1,Dist:,29.0689, Dist contribution: ,-145.344, New scanned ratio: ,0.0895273, New Scanned Cells Contribution: ,0,Area ratio: ,0.721204, Area ratio Contribution: ,0,Perim diff: ,1.06094, Perim diff Contribution: ,0,Frontier diff: ,0, Frontier diff Contribution ,0,Inverse Area ratio: ,0.984071, Inv Area Ratio Contribution: ,0,Inverse Perim ratio: ,1.03764, Inv Perim Contribution: ,0, Final Score: ,-146.344
Point: ,268,20,Repeat score:,1, Repeat contribution: ,-1,Dist:,33.8136, Dist contribution: ,-169.068, New scanned ratio: ,0.107232, New Scanned Cells Contribution: ,0,Area ratio: ,0.708483, Area ratio Contribution: ,0,Perim diff: ,1.06298, Perim diff Contribution: ,0,Frontier diff: ,0, Frontier diff Contribution ,0,Inverse Area ratio: ,0.983308, Inv Area Ratio Contribution: ,0,Inverse Perim ratio: ,1.03929, Inv Perim Contribution: ,0, Final Score: ,-170.068
Point: ,263,20,Repeat score:,1, Repeat contribution: ,-1,Dist:,38.3192, Dist contribution: ,-191.596, New scanned ratio: ,0.110239, New Scanned Cells Contribution: ,0,Area ratio: ,0.709109, Area ratio Contribution: ,0,Perim diff: ,1.07068, Perim diff Contribution: ,0,Frontier diff: ,0, Frontier diff Contribution ,0,Inverse Area ratio: ,0.98184, Inv Area Ratio Contribution: ,0,Inverse Perim ratio: ,1.04288, Inv Perim Contribution: ,0, Final Score: ,-192.596
Point: ,262,21,Repeat score:,1, Repeat contribution: ,-1,Dist:,39.7695, Dist contribution: ,-198.847, New scanned ratio: ,0.117087, New Scanned Cells Contribution: ,0,Area ratio: ,0.701909, Area ratio Contribution: ,0,Perim diff: ,1.07535, Perim diff Contribution: ,0,Frontier diff: ,0, Frontier diff Contribution ,0,Inverse Area ratio: ,0.981335, Inv Area Ratio Contribution: ,0,Inverse Perim ratio: ,1.04583, Inv Perim Contribution: ,0, Final Score: ,-199.847
Point: ,261,20,Repeat score:,1, Repeat contribution: ,-1,Dist:,40.1542, Dist contribution: ,-200.771, New scanned ratio: ,0.110573, New Scanned Cells Contribution: ,0,Area ratio: ,0.708722, Area ratio Contribution: ,0,Perim diff: ,1.07307, Perim diff Contribution: ,0,Frontier diff: ,0, Frontier diff Contribution ,0,Inverse Area ratio: ,0.98149, Inv Area Ratio Contribution: ,0,Inverse Perim ratio: ,1.0439, Inv Perim Contribution: ,0, Final Score: ,-201.771
BEST Point:,282,21, Score: ,-117.363
COUNT COMMAND: 1
Total frontiers: ,96, Prioritised frontiers: ,19
At: ,282,20,
Point: ,299,31,Repeat score:,1, Repeat contribution: ,-1,Dist:,22.2146, Dist contribution: ,-111.073, New scanned ratio: ,0.0303961, New Scanned Cells Contribution: ,0,Area ratio: ,0.618024, Area ratio Contribution: ,0,Perim diff: ,1.06033, Perim diff Contribution: ,0,Frontier diff: ,0, Frontier diff Contribution ,0,Inverse Area ratio: ,0.986426, Inv Area Ratio Contribution: ,0,Inverse Perim ratio: ,1.02804, Inv Perim Contribution: ,0, Final Score: ,-112.073
Point: ,299,32,Repeat score:,1, Repeat contribution: ,-1,Dist:,23.0729, Dist contribution: ,-115.365, New scanned ratio: ,0.0333129, New Scanned Cells Contribution: ,0,Area ratio: ,0.611326, Area ratio Contribution: ,0,Perim diff: ,1.06084, Perim diff Contribution: ,0,Frontier diff: ,0, Frontier diff Contribution ,0,Inverse Area ratio: ,0.986423, Inv Area Ratio Contribution: ,0,Inverse Perim ratio: ,1.02776, Inv Perim Contribution: ,0, Final Score: ,-116.365
Point: ,294,37,Repeat score:,1, Repeat contribution: ,-1,Dist:,25.1478, Dist contribution: ,-125.739, New scanned ratio: ,0.0617132, New Scanned Cells Contribution: ,0,Area ratio: ,0.583994, Area ratio Contribution: ,0,Perim diff: ,1.06737, Perim diff Contribution: ,0,Frontier diff: ,0, Frontier diff Contribution ,0,Inverse Area ratio: ,0.985167, Inv Area Ratio Contribution: ,0,Inverse Perim ratio: ,1.03019, Inv Perim Contribution: ,0, Final Score: ,-126.739
Point: ,288,40,Repeat score:,1, Repeat contribution: ,-1,Dist:,26.6833, Dist contribution: ,-133.417, New scanned ratio: ,0.0927234, New Scanned Cells Contribution: ,0,Area ratio: ,0.574091, Area ratio Contribution: ,0,Perim diff: ,1.07611, Perim diff Contribution: ,0,Frontier diff: ,0, Frontier diff Contribution ,0,Inverse Area ratio: ,0.982725, Inv Area Ratio Contribution: ,0,Inverse Perim ratio: ,1.03664, Inv Perim Contribution: ,0, Final Score: ,-134.417
Point: ,283,40,Repeat score:,1, Repeat contribution: ,-1,Dist:,26.0192, Dist contribution: ,-130.096, New scanned ratio: ,0.10915, New Scanned Cells Contribution: ,0,Area ratio: ,0.579493, Area ratio Contribution: ,0,Perim diff: ,1.08299, Perim diff Contribution: ,0,Frontier diff: ,0, Frontier diff Contribution ,0,Inverse Area ratio: ,0.980469, Inv Area Ratio Contribution: ,0,Inverse Perim ratio: ,1.04422, Inv Perim Contribution: ,0, Final Score: ,-131.096
Point: ,282,41,Repeat score:,1, Repeat contribution: ,-1,Dist:,27.3, Dist contribution: ,-136.5, New scanned ratio: ,0.117593, New Scanned Cells Contribution: ,0,Area ratio: ,0.576254, Area ratio Contribution: ,0,Perim diff: ,1.08535, Perim diff Contribution: ,0,Frontier diff: ,0, Frontier diff Contribution ,0,Inverse Area ratio: ,0.979567, Inv Area Ratio Contribution: ,0,Inverse Perim ratio: ,1.04757, Inv Perim Contribution: ,0, Final Score: ,-137.5
Point: ,281,40,Repeat score:,1, Repeat contribution: ,-1,Dist:,26.0192, Dist contribution: ,-130.096, New scanned ratio: ,0.114983, New Scanned Cells Contribution: ,0,Area ratio: ,0.581792, Area ratio Contribution: ,0,Perim diff: ,1.08737, Perim diff Contribution: ,0,Frontier diff: ,-1, Frontier diff Contribution ,-0,Inverse Area ratio: ,0.979068, Inv Area Ratio Contribution: ,0,Inverse Perim ratio: ,1.05038, Inv Perim Contribution: ,0, Final Score: ,-131.096
Point: ,276,40,Repeat score:,1, Repeat contribution: ,-1,Dist:,26.6833, Dist contribution: ,-133.417, New scanned ratio: ,0.121891, New Scanned Cells Contribution: ,0,Area ratio: ,0.585699, Area ratio Contribution: ,0,Perim diff: ,1.09751, Perim diff Contribution: ,0,Frontier diff: ,0, Frontier diff Contribution ,0,Inverse Area ratio: ,0.974321, Inv Area Ratio Contribution: ,0,Inverse Perim ratio: ,1.07543, Inv Perim Contribution: ,0, Final Score: ,-134.417
Point: ,270,37,Repeat score:,1, Repeat contribution: ,-1,Dist:,25.1478, Dist contribution: ,-125.739, New scanned ratio: ,0.121891, New Scanned Cells Contribution: ,0,Area ratio: ,0.609198, Area ratio Contribution: ,0,Perim diff: ,1.10215, Perim diff Contribution: ,0,Frontier diff: ,0, Frontier diff Contribution ,0,Inverse Area ratio: ,0.974408, Inv Area Ratio Contribution: ,0,Inverse Perim ratio: ,1.07187, Inv Perim Contribution: ,0, Final Score: ,-126.739
Point: ,265,32,Repeat score:,1, Repeat contribution: ,-1,Dist:,23.0729, Dist contribution: ,-115.365, New scanned ratio: ,0.113294, New Scanned Cells Contribution: ,0,Area ratio: ,0.645199, Area ratio Contribution: ,0,Perim diff: ,1.08097, Perim diff Contribution: ,0,Frontier diff: ,0, Frontier diff Contribution ,0,Inverse Area ratio: ,0.976792, Inv Area Ratio Contribution: ,0,Inverse Perim ratio: ,1.05484, Inv Perim Contribution: ,0, Final Score: ,-116.365
Point: ,262,26,Repeat score:,1, Repeat contribution: ,-1,Dist:,21.4672, Dist contribution: ,-107.336, New scanned ratio: ,0.0907277, New Scanned Cells Contribution: ,0,Area ratio: ,0.684927, Area ratio Contribution: ,0,Perim diff: ,1.06685, Perim diff Contribution: ,0,Frontier diff: ,0, Frontier diff Contribution ,0,Inverse Area ratio: ,0.978903, Inv Area Ratio Contribution: ,0,Inverse Perim ratio: ,1.04357, Inv Perim Contribution: ,0, Final Score: ,-108.336
Point: ,262,21,Repeat score:,1, Repeat contribution: ,-1,Dist:,20.0422, Dist contribution: ,-100.211, New scanned ratio: ,0.0657046, New Scanned Cells Contribution: ,0,Area ratio: ,0.718067, Area ratio Contribution: ,0,Perim diff: ,1.06053, Perim diff Contribution: ,0,Frontier diff: ,0, Frontier diff Contribution ,0,Inverse Area ratio: ,0.98089, Inv Area Ratio Contribution: ,0,Inverse Perim ratio: ,1.03878, Inv Perim Contribution: ,0, Final Score: ,-101.211
Point: ,261,20,Repeat score:,1, Repeat contribution: ,-1,Dist:,21, Dist contribution: ,-105, New scanned ratio: ,0.0638625, New Scanned Cells Contribution: ,0,Area ratio: ,0.72659, Area ratio Contribution: ,0,Perim diff: ,1.05662, Perim diff Contribution: ,0,Frontier diff: ,0, Frontier diff Contribution ,0,Inverse Area ratio: ,0.981044, Inv Area Ratio Contribution: ,0,Inverse Perim ratio: ,1.03649, Inv Perim Contribution: ,0, Final Score: ,-106
Point: ,256,20,Repeat score:,1, Repeat contribution: ,-1,Dist:,26, Dist contribution: ,-130, New scanned ratio: ,0.0767578, New Scanned Cells Contribution: ,0,Area ratio: ,0.731682, Area ratio Contribution: ,0,Perim diff: ,1.0611, Perim diff Contribution: ,0,Frontier diff: ,0, Frontier diff Contribution ,0,Inverse Area ratio: ,0.980039, Inv Area Ratio Contribution: ,0,Inverse Perim ratio: ,1.03906, Inv Perim Contribution: ,0, Final Score: ,-131
Point: ,253,18,Repeat score:,1, Repeat contribution: ,-1,Dist:,29.1163, Dist contribution: ,-145.582, New scanned ratio: ,0.074148, New Scanned Cells Contribution: ,0,Area ratio: ,0.749594, Area ratio Contribution: ,0,Perim diff: ,1.05766, Perim diff Contribution: ,0,Frontier diff: ,0, Frontier diff Contribution ,0,Inverse Area ratio: ,0.981256, Inv Area Ratio Contribution: ,0,Inverse Perim ratio: ,1.03718, Inv Perim Contribution: ,0, Final Score: ,-146.582
Point: ,249,20,Repeat score:,1, Repeat contribution: ,-1,Dist:,33, Dist contribution: ,-165, New scanned ratio: ,0.0933374, New Scanned Cells Contribution: ,0,Area ratio: ,0.738156, Area ratio Contribution: ,0,Perim diff: ,1.06033, Perim diff Contribution: ,0,Frontier diff: ,0, Frontier diff Contribution ,0,Inverse Area ratio: ,0.980615, Inv Area Ratio Contribution: ,0,Inverse Perim ratio: ,1.03887, Inv Perim Contribution: ,0, Final Score: ,-166
Point: ,244,20,Repeat score:,1, Repeat contribution: ,-1,Dist:,38, Dist contribution: ,-190, New scanned ratio: ,0.100399, New Scanned Cells Contribution: ,0,Area ratio: ,0.739135, Area ratio Contribution: ,0,Perim diff: ,1.07047, Perim diff Contribution: ,0,Frontier diff: ,0, Frontier diff Contribution ,0,Inverse Area ratio: ,0.980036, Inv Area Ratio Contribution: ,0,Inverse Perim ratio: ,1.04474, Inv Perim Contribution: ,0, Final Score: ,-191
Point: ,243,21,Repeat score:,1, Repeat contribution: ,-1,Dist:,39.0217, Dist contribution: ,-195.108, New scanned ratio: ,0.107461, New Scanned Cells Contribution: ,0,Area ratio: ,0.732499, Area ratio Contribution: ,0,Perim diff: ,1.0748, Perim diff Contribution: ,0,Frontier diff: ,0, Frontier diff Contribution ,0,Inverse Area ratio: ,0.979458, Inv Area Ratio Contribution: ,0,Inverse Perim ratio: ,1.04712, Inv Perim Contribution: ,0, Final Score: ,-196.108
Point: ,242,20,Repeat score:,1, Repeat contribution: ,-1,Dist:,40, Dist contribution: ,-200, New scanned ratio: ,0.101627, New Scanned Cells Contribution: ,0,Area ratio: ,0.737869, Area ratio Contribution: ,0,Perim diff: ,1.08718, Perim diff Contribution: ,0,Frontier diff: ,0, Frontier diff Contribution ,0,Inverse Area ratio: ,0.977754, Inv Area Ratio Contribution: ,0,Inverse Perim ratio: ,1.0536, Inv Perim Contribution: ,0, Final Score: ,-201
BEST Point:,262,21, Score: ,-101.211
COUNT COMMAND: 1
Total frontiers: ,97, Prioritised frontiers: ,26
At: ,262,20,
Point: ,299,31,Repeat score:,1, Repeat contribution: ,-1,Dist:,39.6672, Dist contribution: ,-198.336, New scanned ratio: ,0.0286458, New Scanned Cells Contribution: ,0,Area ratio: ,0.65639, Area ratio Contribution: ,0,Perim diff: ,1.06053, Perim diff Contribution: ,0,Frontier diff: ,0, Frontier diff Contribution ,0,Inverse Area ratio: ,0.985653, Inv Area Ratio Contribution: ,0,Inverse Perim ratio: ,1.03111, Inv Perim Contribution: ,0, Final Score: ,-199.336
Point: ,299,32,Repeat score:,1, Repeat contribution: ,-1,Dist:,40.1542, Dist contribution: ,-200.771, New scanned ratio: ,0.0313947, New Scanned Cells Contribution: ,0,Area ratio: ,0.649173, Area ratio Contribution: ,0,Perim diff: ,1.06104, Perim diff Contribution: ,0,Frontier diff: ,0, Frontier diff Contribution ,0,Inverse Area ratio: ,0.98572, Inv Area Ratio Contribution: ,0,Inverse Perim ratio: ,1.03096, Inv Perim Contribution: ,0, Final Score: ,-201.771
Point: ,294,37,Repeat score:,1, Repeat contribution: ,-1,Dist:,38.8897, Dist contribution: ,-194.449, New scanned ratio: ,0.0581597, New Scanned Cells Contribution: ,0,Area ratio: ,0.619292, Area ratio Contribution: ,0,Perim diff: ,1.06748, Perim diff Contribution: ,0,Frontier diff: ,0, Frontier diff Contribution ,0,Inverse Area ratio: ,0.984819, Inv Area Ratio Contribution: ,0,Inverse Perim ratio: ,1.03402, Inv Perim Contribution: ,0, Final Score: ,-195.449
Point: ,288,40,Repeat score:,1, Repeat contribution: ,-1,Dist:,36.7696, Dist contribution: ,-183.848, New scanned ratio: ,0.0865162, New Scanned Cells Contribution: ,0,Area ratio: ,0.607523, Area ratio Contribution: ,0,Perim diff: ,1.06725, Perim diff Contribution: ,0,Frontier diff: ,0, Frontier diff Contribution ,0,Inverse Area ratio: ,0.983288, Inv Area Ratio Contribution: ,0,Inverse Perim ratio: ,1.03521, Inv Perim Contribution: ,0, Final Score: ,-184.848
Point: ,283,40,Repeat score:,1, Repeat contribution: ,-1,Dist:,33.4215, Dist contribution: ,-167.108, New scanned ratio: ,0.0973669, New Scanned Cells Contribution: ,0,Area ratio: ,0.610367, Area ratio Contribution: ,0,Perim diff: ,1.06585, Perim diff Contribution: ,0,Frontier diff: ,0, Frontier diff Contribution ,0,Inverse Area ratio: ,0.980985, Inv Area Ratio Contribution: ,0,Inverse Perim ratio: ,1.03743, Inv Perim Contribution: ,0, Final Score: ,-168.108
Point: ,282,41,Repeat score:,1, Repeat contribution: ,-1,Dist:,33.8421, Dist contribution: ,-169.211, New scanned ratio: ,0.104311, New Scanned Cells Contribution: ,0,Area ratio: ,0.606175, Area ratio Contribution: ,0,Perim diff: ,1.06706, Perim diff Contribution: ,0,Frontier diff: ,0, Frontier diff Contribution ,0,Inverse Area ratio: ,0.980051, Inv Area Ratio Contribution: ,0,Inverse Perim ratio: ,1.03996, Inv Perim Contribution: ,0, Final Score: ,-170.211
Point: ,281,40,Repeat score:,1, Repeat contribution: ,-1,Dist:,32.2025, Dist contribution: ,-161.012, New scanned ratio: ,0.0999711, New Scanned Cells Contribution: ,0,Area ratio: ,0.61102, Area ratio Contribution: ,0,Perim diff: ,1.06754, Perim diff Contribution: ,0,Frontier diff: ,-1, Frontier diff Contribution ,-0,Inverse Area ratio: ,0.979353, Inv Area Ratio Contribution: ,0,Inverse Perim ratio: ,1.04143, Inv Perim Contribution: ,0, Final Score: ,-162.012
Point: ,276,40,Repeat score:,1, Repeat contribution: ,-1,Dist:,29.5296, Dist contribution: ,-147.648, New scanned ratio: ,0.0973669, New Scanned Cells Contribution: ,0,Area ratio: ,0.609646, Area ratio Contribution: ,0,Perim diff: ,1.06986, Perim diff Contribution: ,0,Frontier diff: ,0, Frontier diff Contribution ,0,Inverse Area ratio: ,0.973086, Inv Area Ratio Contribution: ,0,Inverse Perim ratio: ,1.06005, Inv Perim Contribution: ,0, Final Score: ,-148.648
Point: ,273,38,Repeat score:,1, Repeat contribution: ,-1,Dist:,25.8565, Dist contribution: ,-129.283, New scanned ratio: ,0.0849248, New Scanned Cells Contribution: ,0,Area ratio: ,0.61872, Area ratio Contribution: ,0,Perim diff: ,1.07008, Perim diff Contribution: ,0,Frontier diff: ,0, Frontier diff Contribution ,0,Inverse Area ratio: ,0.974151, Inv Area Ratio Contribution: ,0,Inverse Perim ratio: ,1.05637, Inv Perim Contribution: ,0, Final Score: ,-130.283
Point: ,271,38,Repeat score:,1, Repeat contribution: ,-1,Dist:,25.0711, Dist contribution: ,-125.355, New scanned ratio: ,0.0849248, New Scanned Cells Contribution: ,0,Area ratio: ,0.61855, Area ratio Contribution: ,0,Perim diff: ,1.07213, Perim diff Contribution: ,0,Frontier diff: ,0, Frontier diff Contribution ,0,Inverse Area ratio: ,0.974151, Inv Area Ratio Contribution: ,0,Inverse Perim ratio: ,1.05637, Inv Perim Contribution: ,0, Final Score: ,-126.355
Point: ,268,40,Repeat score:,1, Repeat contribution: ,-1,Dist:,26.6833, Dist contribution: ,-133.417, New scanned ratio: ,0.0973669, New Scanned Cells Contribution: ,0,Area ratio: ,0.609771, Area ratio Contribution: ,0,Perim diff: ,1.0772, Perim diff Contribution: ,0,Frontier diff: ,0, Frontier diff Contribution ,0,Inverse Area ratio: ,0.973086, Inv Area Ratio Contribution: ,0,Inverse Perim ratio: ,1.06005, Inv Perim Contribution: ,0, Final Score: ,-134.417
Point: ,263,40,Repeat score:,1, Repeat contribution: ,-1,Dist:,26.0192, Dist contribution: ,-130.096, New scanned ratio: ,0.101997, New Scanned Cells Contribution: ,0,Area ratio: ,0.611691, Area ratio Contribution: ,0,Perim diff: ,1.08628, Perim diff Contribution: ,0,Frontier diff: ,0, Frontier diff Contribution ,0,Inverse Area ratio: ,0.972676, Inv Area Ratio Contribution: ,0,Inverse Perim ratio: ,1.06351, Inv Perim Contribution: ,0, Final Score: ,-131.096
Point: ,262,41,Repeat score:,1, Repeat contribution: ,-1,Dist:,27.3, Dist contribution: ,-136.5, New scanned ratio: ,0.108796, New Scanned Cells Contribution: ,0,Area ratio: ,0.607787, Area ratio Contribution: ,0,Perim diff: ,1.08918, Perim diff Contribution: ,0,Frontier diff: ,0, Frontier diff Contribution ,0,Inverse Area ratio: ,0.972105, Inv Area Ratio Contribution: ,0,Inverse Perim ratio: ,1.06576, Inv Perim Contribution: ,0, Final Score: ,-137.5
Point: ,261,40,Repeat score:,1, Repeat contribution: ,-1,Dist:,26.0192, Dist contribution: ,-130.096, New scanned ratio: ,0.10489, New Scanned Cells Contribution: ,0,Area ratio: ,0.612872, Area ratio Contribution: ,0,Perim diff: ,1.0899, Perim diff Contribution: ,0,Frontier diff: ,0, Frontier diff Contribution ,0,Inverse Area ratio: ,0.972432, Inv Area Ratio Contribution: ,0,Inverse Perim ratio: ,1.06509, Inv Perim Contribution: ,0, Final Score: ,-131.096
Point: ,256,40,Repeat score:,1, Repeat contribution: ,-1,Dist:,26.6833, Dist contribution: ,-133.417, New scanned ratio: ,0.114005, New Scanned Cells Contribution: ,0,Area ratio: ,0.616516, Area ratio Contribution: ,0,Perim diff: ,1.10178, Perim diff Contribution: ,0,Frontier diff: ,0, Frontier diff Contribution ,0,Inverse Area ratio: ,0.971629, Inv Area Ratio Contribution: ,0,Inverse Perim ratio: ,1.07075, Inv Perim Contribution: ,0, Final Score: ,-134.417
Point: ,250,37,Repeat score:,1, Repeat contribution: ,-1,Dist:,25.1478, Dist contribution: ,-125.739, New scanned ratio: ,0.114873, New Scanned Cells Contribution: ,0,Area ratio: ,0.638332, Area ratio Contribution: ,0,Perim diff: ,1.10912, Perim diff Contribution: ,0,Frontier diff: ,0, Frontier diff Contribution ,0,Inverse Area ratio: ,0.971552, Inv Area Ratio Contribution: ,0,Inverse Perim ratio: ,1.0725, Inv Perim Contribution: ,0, Final Score: ,-126.739
Point: ,245,32,Repeat score:,1, Repeat contribution: ,-1,Dist:,23.0729, Dist contribution: ,-115.365, New scanned ratio: ,0.106771, New Scanned Cells Contribution: ,0,Area ratio: ,0.672181, Area ratio Contribution: ,0,Perim diff: ,1.08406, Perim diff Contribution: ,0,Frontier diff: ,0, Frontier diff Contribution ,0,Inverse Area ratio: ,0.974237, Inv Area Ratio Contribution: ,0,Inverse Perim ratio: ,1.05524, Inv Perim Contribution: ,0, Final Score: ,-116.365
Point: ,242,26,Repeat score:,1, Repeat contribution: ,-1,Dist:,21.4672, Dist contribution: ,-107.336, New scanned ratio: ,0.0855035, New Scanned Cells Contribution: ,0,Area ratio: ,0.711741, Area ratio Contribution: ,0,Perim diff: ,1.06758, Perim diff Contribution: ,0,Frontier diff: ,0, Frontier diff Contribution ,0,Inverse Area ratio: ,0.976056, Inv Area Ratio Contribution: ,0,Inverse Perim ratio: ,1.04394, Inv Perim Contribution: ,0, Final Score: ,-108.336
Point: ,242,21,Repeat score:,1, Repeat contribution: ,-1,Dist:,20.0422, Dist contribution: ,-100.211, New scanned ratio: ,0.0619213, New Scanned Cells Contribution: ,0,Area ratio: ,0.744914, Area ratio Contribution: ,0,Perim diff: ,1.06063, Perim diff Contribution: ,0,Frontier diff: ,0, Frontier diff Contribution ,0,Inverse Area ratio: ,0.978046, Inv Area Ratio Contribution: ,0,Inverse Perim ratio: ,1.03916, Inv Perim Contribution: ,0, Final Score: ,-101.211
Point: ,241,20,Repeat score:,1, Repeat contribution: ,-1,Dist:,21, Dist contribution: ,-105, New scanned ratio: ,0.0601852, New Scanned Cells Contribution: ,0,Area ratio: ,0.75361, Area ratio Contribution: ,0,Perim diff: ,1.05671, Perim diff Contribution: ,0,Frontier diff: ,0, Frontier diff Contribution ,0,Inverse Area ratio: ,0.978207, Inv Area Ratio Contribution: ,0,Inverse Perim ratio: ,1.03659, Inv Perim Contribution: ,0, Final Score: ,-106
Point: ,237,20,Repeat score:,1, Repeat contribution: ,-1,Dist:,25, Dist contribution: ,-125, New scanned ratio: ,0.0700231, New Scanned Cells Contribution: ,0,Area ratio: ,0.75755, Area ratio Contribution: ,0,Perim diff: ,1.06047, Perim diff Contribution: ,0,Frontier diff: ,0, Frontier diff Contribution ,0,Inverse Area ratio: ,0.977385, Inv Area Ratio Contribution: ,0,Inverse Perim ratio: ,1.03903, Inv Perim Contribution: ,0, Final Score: ,-126
Point: ,234,18,Repeat score:,1, Repeat contribution: ,-1,Dist:,28.1205, Dist contribution: ,-140.602, New scanned ratio: ,0.067853, New Scanned Cells Contribution: ,0,Area ratio: ,0.774063, Area ratio Contribution: ,0,Perim diff: ,1.05795, Perim diff Contribution: ,0,Frontier diff: ,0, Frontier diff Contribution ,0,Inverse Area ratio: ,0.978712, Inv Area Ratio Contribution: ,0,Inverse Perim ratio: ,1.03761, Inv Perim Contribution: ,0, Final Score: ,-141.602
Point: ,230,20,Repeat score:,1, Repeat contribution: ,-1,Dist:,32, Dist contribution: ,-160, New scanned ratio: ,0.0860822, New Scanned Cells Contribution: ,0,Area ratio: ,0.764019, Area ratio Contribution: ,0,Perim diff: ,1.06041, Perim diff Contribution: ,0,Frontier diff: ,0, Frontier diff Contribution ,0,Inverse Area ratio: ,0.977926, Inv Area Ratio Contribution: ,0,Inverse Perim ratio: ,1.03915, Inv Perim Contribution: ,0, Final Score: ,-161
Point: ,225,20,Repeat score:,1, Repeat contribution: ,-1,Dist:,37, Dist contribution: ,-185, New scanned ratio: ,0.0936053, New Scanned Cells Contribution: ,0,Area ratio: ,0.765423, Area ratio Contribution: ,0,Perim diff: ,1.06661, Perim diff Contribution: ,0,Frontier diff: ,0, Frontier diff Contribution ,0,Inverse Area ratio: ,0.977281, Inv Area Ratio Contribution: ,0,Inverse Perim ratio: ,1.0429, Inv Perim Contribution: ,0, Final Score: ,-186
Point: ,224,21,Repeat score:,1, Repeat contribution: ,-1,Dist:,38.0222, Dist contribution: ,-190.111, New scanned ratio: ,0.10026, New Scanned Cells Contribution: ,0,Area ratio: ,0.75863, Area ratio Contribution: ,0,Perim diff: ,1.07298, Perim diff Contribution: ,0,Frontier diff: ,0, Frontier diff Contribution ,0,Inverse Area ratio: ,0.976702, Inv Area Ratio Contribution: ,0,Inverse Perim ratio: ,1.04633, Inv Perim Contribution: ,0, Final Score: ,-191.111
Point: ,223,20,Repeat score:,1, Repeat contribution: ,-1,Dist:,39, Dist contribution: ,-195, New scanned ratio: ,0.0956308, New Scanned Cells Contribution: ,0,Area ratio: ,0.765233, Area ratio Contribution: ,0,Perim diff: ,1.0704, Perim diff Contribution: ,0,Frontier diff: ,0, Frontier diff Contribution ,0,Inverse Area ratio: ,0.977102, Inv Area Ratio Contribution: ,0,Inverse Perim ratio: ,1.04502, Inv Perim Contribution: ,0, Final Score: ,-196
BEST Point:,242,21, Score: ,-101.211
COUNT COMMAND: 1
Total frontiers: ,98, Prioritised frontiers: ,26
At: ,242,20,
Point: ,276,40,Repeat score:,1, Repeat contribution: ,-1,Dist:,42.8019, Dist contribution: ,-214.009, New scanned ratio: ,0.0920657, New Scanned Cells Contribution: ,0,Area ratio: ,0.643028, Area ratio Contribution: ,0,Perim diff: ,1.06989, Perim diff Contribution: ,0,Frontier diff: ,0, Frontier diff Contribution ,0,Inverse Area ratio: ,0.970204, Inv Area Ratio Contribution: ,0,Inverse Perim ratio: ,1.06028, Inv Perim Contribution: ,0, Final Score: ,-215.009
Point: ,273,38,Repeat score:,1, Repeat contribution: ,-1,Dist:,38.8402, Dist contribution: ,-194.201, New scanned ratio: ,0.080301, New Scanned Cells Contribution: ,0,Area ratio: ,0.653162, Area ratio Contribution: ,0,Perim diff: ,1.07002, Perim diff Contribution: ,0,Frontier diff: ,0, Frontier diff Contribution ,0,Inverse Area ratio: ,0.971247, Inv Area Ratio Contribution: ,0,Inverse Perim ratio: ,1.0566, Inv Perim Contribution: ,0, Final Score: ,-195.201
Point: ,271,38,Repeat score:,1, Repeat contribution: ,-1,Dist:,37.2634, Dist contribution: ,-186.317, New scanned ratio: ,0.080301, New Scanned Cells Contribution: ,0,Area ratio: ,0.652894, Area ratio Contribution: ,0,Perim diff: ,1.06818, Perim diff Contribution: ,0,Frontier diff: ,0, Frontier diff Contribution ,0,Inverse Area ratio: ,0.971288, Inv Area Ratio Contribution: ,0,Inverse Perim ratio: ,1.05422, Inv Perim Contribution: ,0, Final Score: ,-187.317
Point: ,268,40,Repeat score:,1, Repeat contribution: ,-1,Dist:,36.7696, Dist contribution: ,-183.848, New scanned ratio: ,0.0912449, New Scanned Cells Contribution: ,0,Area ratio: ,0.642944, Area ratio Contribution: ,0,Perim diff: ,1.06818, Perim diff Contribution: ,0,Frontier diff: ,0, Frontier diff Contribution ,0,Inverse Area ratio: ,0.970317, Inv Area Ratio Contribution: ,0,Inverse Perim ratio: ,1.05514, Inv Perim Contribution: ,0, Final Score: ,-184.848
Point: ,263,40,Repeat score:,1, Repeat contribution: ,-1,Dist:,33.4215, Dist contribution: ,-167.108, New scanned ratio: ,0.0912449, New Scanned Cells Contribution: ,0,Area ratio: ,0.642489, Area ratio Contribution: ,0,Perim diff: ,1.06882, Perim diff Contribution: ,0,Frontier diff: ,0, Frontier diff Contribution ,0,Inverse Area ratio: ,0.970305, Inv Area Ratio Contribution: ,0,Inverse Perim ratio: ,1.05383, Inv Perim Contribution: ,0, Final Score: ,-168.108
Point: ,262,41,Repeat score:,1, Repeat contribution: ,-1,Dist:,33.8421, Dist contribution: ,-169.211, New scanned ratio: ,0.0967168, New Scanned Cells Contribution: ,0,Area ratio: ,0.637661, Area ratio Contribution: ,0,Perim diff: ,1.07057, Perim diff Contribution: ,0,Frontier diff: ,0, Frontier diff Contribution ,0,Inverse Area ratio: ,0.969822, Inv Area Ratio Contribution: ,0,Inverse Perim ratio: ,1.05541, Inv Perim Contribution: ,0, Final Score: ,-170.211
Point: ,261,40,Repeat score:,1, Repeat contribution: ,-1,Dist:,32.2025, Dist contribution: ,-161.012, New scanned ratio: ,0.0912449, New Scanned Cells Contribution: ,0,Area ratio: ,0.642059, Area ratio Contribution: ,0,Perim diff: ,1.06973, Perim diff Contribution: ,0,Frontier diff: ,0, Frontier diff Contribution ,0,Inverse Area ratio: ,0.970305, Inv Area Ratio Contribution: ,0,Inverse Perim ratio: ,1.05383, Inv Perim Contribution: ,0, Final Score: ,-162.012
Point: ,256,40,Repeat score:,1, Repeat contribution: ,-1,Dist:,29.5296, Dist contribution: ,-147.648, New scanned ratio: ,0.0912449, New Scanned Cells Contribution: ,0,Area ratio: ,0.640366, Area ratio Contribution: ,0,Perim diff: ,1.0738, Perim diff Contribution: ,0,Frontier diff: ,0, Frontier diff Contribution ,0,Inverse Area ratio: ,0.970317, Inv Area Ratio Contribution: ,0,Inverse Perim ratio: ,1.05514, Inv Perim Contribution: ,0, Final Score: ,-148.648
Point: ,253,38,Repeat score:,1, Repeat contribution: ,-1,Dist:,25.8565, Dist contribution: ,-129.283, New scanned ratio: ,0.080301, New Scanned Cells Contribution: ,0,Area ratio: ,0.648386, Area ratio Contribution: ,0,Perim diff: ,1.07552, Perim diff Contribution: ,0,Frontier diff: ,0, Frontier diff Contribution ,0,Inverse Area ratio: ,0.971288, Inv Area Ratio Contribution: ,0,Inverse Perim ratio: ,1.05422, Inv Perim Contribution: ,0, Final Score: ,-130.283
Point: ,251,38,Repeat score:,1, Repeat contribution: ,-1,Dist:,25.0711, Dist contribution: ,-125.355, New scanned ratio: ,0.080301, New Scanned Cells Contribution: ,0,Area ratio: ,0.647807, Area ratio Contribution: ,0,Perim diff: ,1.07986, Perim diff Contribution: ,0,Frontier diff: ,0, Frontier diff Contribution ,0,Inverse Area ratio: ,0.971247, Inv Area Ratio Contribution: ,0,Inverse Perim ratio: ,1.0566, Inv Perim Contribution: ,0, Final Score: ,-126.355
Point: ,248,40,Repeat score:,1, Repeat contribution: ,-1,Dist:,26.6833, Dist contribution: ,-133.417, New scanned ratio: ,0.0920657, New Scanned Cells Contribution: ,0,Area ratio: ,0.637645, Area ratio Contribution: ,0,Perim diff: ,1.08495, Perim diff Contribution: ,0,Frontier diff: ,0, Frontier diff Contribution ,0,Inverse Area ratio: ,0.970204, Inv Area Ratio Contribution: ,0,Inverse Perim ratio: ,1.06028, Inv Perim Contribution: ,0, Final Score: ,-134.417
Point: ,243,40,Repeat score:,1, Repeat contribution: ,-1,Dist:,26.0192, Dist contribution: ,-130.096, New scanned ratio: ,0.0964432, New Scanned Cells Contribution: ,0,Area ratio: ,0.638116, Area ratio Contribution: ,0,Perim diff: ,1.09225, Perim diff Contribution: ,0,Frontier diff: ,0, Frontier diff Contribution ,0,Inverse Area ratio: ,0.969816, Inv Area Ratio Contribution: ,0,Inverse Perim ratio: ,1.06388, Inv Perim Contribution: ,0, Final Score: ,-131.096
Point: ,242,41,Repeat score:,1, Repeat contribution: ,-1,Dist:,27.3, Dist contribution: ,-136.5, New scanned ratio: ,0.102873, New Scanned Cells Contribution: ,0,Area ratio: ,0.633562, Area ratio Contribution: ,0,Perim diff: ,1.09524, Perim diff Contribution: ,0,Frontier diff: ,0, Frontier diff Contribution ,0,Inverse Area ratio: ,0.969244, Inv Area Ratio Contribution: ,0,Inverse Perim ratio: ,1.06614, Inv Perim Contribution: ,0, Final Score: ,-137.5
Point: ,241,40,Repeat score:,1, Repeat contribution: ,-1,Dist:,26.0192, Dist contribution: ,-130.096, New scanned ratio: ,0.0991792, New Scanned Cells Contribution: ,0,Area ratio: ,0.638791, Area ratio Contribution: ,0,Perim diff: ,1.09527, Perim diff Contribution: ,0,Frontier diff: ,0, Frontier diff Contribution ,0,Inverse Area ratio: ,0.969572, Inv Area Ratio Contribution: ,0,Inverse Perim ratio: ,1.06547, Inv Perim Contribution: ,0, Final Score: ,-131.096
Point: ,236,40,Repeat score:,1, Repeat contribution: ,-1,Dist:,26.6833, Dist contribution: ,-133.417, New scanned ratio: ,0.107798, New Scanned Cells Contribution: ,0,Area ratio: ,0.64127, Area ratio Contribution: ,0,Perim diff: ,1.10593, Perim diff Contribution: ,0,Frontier diff: ,0, Frontier diff Contribution ,0,Inverse Area ratio: ,0.968768, Inv Area Ratio Contribution: ,0,Inverse Perim ratio: ,1.07113, Inv Perim Contribution: ,0, Final Score: ,-134.417
Point: ,230,37,Repeat score:,1, Repeat contribution: ,-1,Dist:,25.1478, Dist contribution: ,-125.739, New scanned ratio: ,0.108618, New Scanned Cells Contribution: ,0,Area ratio: ,0.662327, Area ratio Contribution: ,0,Perim diff: ,1.11166, Perim diff Contribution: ,0,Frontier diff: ,0, Frontier diff Contribution ,0,Inverse Area ratio: ,0.968702, Inv Area Ratio Contribution: ,0,Inverse Perim ratio: ,1.07276, Inv Perim Contribution: ,0, Final Score: ,-126.739
Point: ,225,32,Repeat score:,1, Repeat contribution: ,-1,Dist:,23.0729, Dist contribution: ,-115.365, New scanned ratio: ,0.100958, New Scanned Cells Contribution: ,0,Area ratio: ,0.697065, Area ratio Contribution: ,0,Perim diff: ,1.085, Perim diff Contribution: ,0,Frontier diff: ,0, Frontier diff Contribution ,0,Inverse Area ratio: ,0.971445, Inv Area Ratio Contribution: ,0,Inverse Perim ratio: ,1.05552, Inv Perim Contribution: ,0, Final Score: ,-116.365
Point: ,222,26,Repeat score:,1, Repeat contribution: ,-1,Dist:,21.4672, Dist contribution: ,-107.336, New scanned ratio: ,0.0808482, New Scanned Cells Contribution: ,0,Area ratio: ,0.736451, Area ratio Contribution: ,0,Perim diff: ,1.06779, Perim diff Contribution: ,0,Frontier diff: ,0, Frontier diff Contribution ,0,Inverse Area ratio: ,0.973197, Inv Area Ratio Contribution: ,0,Inverse Perim ratio: ,1.04422, Inv Perim Contribution: ,0, Final Score: ,-108.336
Point: ,222,21,Repeat score:,1, Repeat contribution: ,-1,Dist:,20.0422, Dist contribution: ,-100.211, New scanned ratio: ,0.0585499, New Scanned Cells Contribution: ,0,Area ratio: ,0.770647, Area ratio Contribution: ,0,Perim diff: ,1.06069, Perim diff Contribution: ,0,Frontier diff: ,0, Frontier diff Contribution ,0,Inverse Area ratio: ,0.975192, Inv Area Ratio Contribution: ,0,Inverse Perim ratio: ,1.03943, Inv Perim Contribution: ,0, Final Score: ,-101.211
Point: ,221,20,Repeat score:,1, Repeat contribution: ,-1,Dist:,21, Dist contribution: ,-105, New scanned ratio: ,0.0569083, New Scanned Cells Contribution: ,0,Area ratio: ,0.779389, Area ratio Contribution: ,0,Perim diff: ,1.05657, Perim diff Contribution: ,0,Frontier diff: ,0, Frontier diff Contribution ,0,Inverse Area ratio: ,0.975347, Inv Area Ratio Contribution: ,0,Inverse Perim ratio: ,1.03698, Inv Perim Contribution: ,0, Final Score: ,-106
Point: ,218,20,Repeat score:,1, Repeat contribution: ,-1,Dist:,24, Dist contribution: ,-120, New scanned ratio: ,0.0638851, New Scanned Cells Contribution: ,0,Area ratio: ,0.782283, Area ratio Contribution: ,0,Perim diff: ,1.06054, Perim diff Contribution: ,0,Frontier diff: ,0, Frontier diff Contribution ,0,Inverse Area ratio: ,0.974732, Inv Area Ratio Contribution: ,0,Inverse Perim ratio: ,1.03931, Inv Perim Contribution: ,0, Final Score: ,-121
Point: ,215,18,Repeat score:,1, Repeat contribution: ,-1,Dist:,27.1249, Dist contribution: ,-135.624, New scanned ratio: ,0.0622435, New Scanned Cells Contribution: ,0,Area ratio: ,0.797646, Area ratio Contribution: ,0,Perim diff: ,1.05704, Perim diff Contribution: ,0,Frontier diff: ,0, Frontier diff Contribution ,0,Inverse Area ratio: ,0.976134, Inv Area Ratio Contribution: ,0,Inverse Perim ratio: ,1.0373, Inv Perim Contribution: ,0, Final Score: ,-136.624
Point: ,211,20,Repeat score:,1, Repeat contribution: ,-1,Dist:,31, Dist contribution: ,-155, New scanned ratio: ,0.079617, New Scanned Cells Contribution: ,0,Area ratio: ,0.788861, Area ratio Contribution: ,0,Perim diff: ,1.05919, Perim diff Contribution: ,0,Frontier diff: ,0, Frontier diff Contribution ,0,Inverse Area ratio: ,0.975221, Inv Area Ratio Contribution: ,0,Inverse Perim ratio: ,1.03865, Inv Perim Contribution: ,0, Final Score: ,-156
Point: ,206,20,Repeat score:,1, Repeat contribution: ,-1,Dist:,36, Dist contribution: ,-180, New scanned ratio: ,0.0872777, New Scanned Cells Contribution: ,0,Area ratio: ,0.790574, Area ratio Contribution: ,0,Perim diff: ,1.06678, Perim diff Contribution: ,0,Frontier diff: ,0, Frontier diff Contribution ,0,Inverse Area ratio: ,0.974527, Inv Area Ratio Contribution: ,0,Inverse Perim ratio: ,1.04313, Inv Perim Contribution: ,0, Final Score: ,-181
Point: ,205,21,Repeat score:,1, Repeat contribution: ,-1,Dist:,37.0228, Dist contribution: ,-185.114, New scanned ratio: ,0.0937073, New Scanned Cells Contribution: ,0,Area ratio: ,0.783595, Area ratio Contribution: ,0,Perim diff: ,1.07111, Perim diff Contribution: ,0,Frontier diff: ,0, Frontier diff Contribution ,0,Inverse Area ratio: ,0.973941, Inv Area Ratio Contribution: ,0,Inverse Perim ratio: ,1.04549, Inv Perim Contribution: ,0, Final Score: ,-186.114
Point: ,204,20,Repeat score:,1, Repeat contribution: ,-1,Dist:,38, Dist contribution: ,-190, New scanned ratio: ,0.0894665, New Scanned Cells Contribution: ,0,Area ratio: ,0.790593, Area ratio Contribution: ,0,Perim diff: ,1.07058, Perim diff Contribution: ,0,Frontier diff: ,0, Frontier diff Contribution ,0,Inverse Area ratio: ,0.974324, Inv Area Ratio Contribution: ,0,Inverse Perim ratio: ,1.04525, Inv Perim Contribution: ,0, Final Score: ,-191
BEST Point:,222,21, Score: ,-101.211
COUNT COMMAND: 1
Total frontiers: ,97, Prioritised frontiers: ,24
At: ,222,20,
Point: ,256,40,Repeat score:,1, Repeat contribution: ,-1,Dist:,42.8019, Dist contribution: ,-214.009, New scanned ratio: ,0.0865335, New Scanned Cells Contribution: ,0,Area ratio: ,0.673614, Area ratio Contribution: ,0,Perim diff: ,1.07383, Perim diff Contribution: ,0,Frontier diff: ,0, Frontier diff Contribution ,0,Inverse Area ratio: ,0.96743, Inv Area Ratio Contribution: ,0,Inverse Perim ratio: ,1.05501, Inv Perim Contribution: ,0, Final Score: ,-215.009
Point: ,253,38,Repeat score:,1, Repeat contribution: ,-1,Dist:,38.8402, Dist contribution: ,-194.201, New scanned ratio: ,0.0761546, New Scanned Cells Contribution: ,0,Area ratio: ,0.682582, Area ratio Contribution: ,0,Perim diff: ,1.07545, Perim diff Contribution: ,0,Frontier diff: ,0, Frontier diff Contribution ,0,Inverse Area ratio: ,0.968379, Inv Area Ratio Contribution: ,0,Inverse Perim ratio: ,1.05407, Inv Perim Contribution: ,0, Final Score: ,-195.201
Point: ,251,38,Repeat score:,1, Repeat contribution: ,-1,Dist:,37.2634, Dist contribution: ,-186.317, New scanned ratio: ,0.0761546, New Scanned Cells Contribution: ,0,Area ratio: ,0.681882, Area ratio Contribution: ,0,Perim diff: ,1.07588, Perim diff Contribution: ,0,Frontier diff: ,0, Frontier diff Contribution ,0,Inverse Area ratio: ,0.968379, Inv Area Ratio Contribution: ,0,Inverse Perim ratio: ,1.05407, Inv Perim Contribution: ,0, Final Score: ,-187.317
Point: ,248,40,Repeat score:,1, Repeat contribution: ,-1,Dist:,36.7696, Dist contribution: ,-183.848, New scanned ratio: ,0.0865335, New Scanned Cells Contribution: ,0,Area ratio: ,0.670533, Area ratio Contribution: ,0,Perim diff: ,1.07587, Perim diff Contribution: ,0,Frontier diff: ,0, Frontier diff Contribution ,0,Inverse Area ratio: ,0.96743, Inv Area Ratio Contribution: ,0,Inverse Perim ratio: ,1.05501, Inv Perim Contribution: ,0, Final Score: ,-184.848
Point: ,243,40,Repeat score:,1, Repeat contribution: ,-1,Dist:,33.4215, Dist contribution: ,-167.108, New scanned ratio: ,0.0865335, New Scanned Cells Contribution: ,0,Area ratio: ,0.668588, Area ratio Contribution: ,0,Perim diff: ,1.07471, Perim diff Contribution: ,0,Frontier diff: ,0, Frontier diff Contribution ,0,Inverse Area ratio: ,0.967441, Inv Area Ratio Contribution: ,0,Inverse Perim ratio: ,1.05384, Inv Perim Contribution: ,0, Final Score: ,-168.108
Point: ,242,41,Repeat score:,1, Repeat contribution: ,-1,Dist:,33.8421, Dist contribution: ,-169.211, New scanned ratio: ,0.0917229, New Scanned Cells Contribution: ,0,Area ratio: ,0.663107, Area ratio Contribution: ,0,Perim diff: ,1.07653, Perim diff Contribution: ,0,Frontier diff: ,0, Frontier diff Contribution ,0,Inverse Area ratio: ,0.966958, Inv Area Ratio Contribution: ,0,Inverse Perim ratio: ,1.05542, Inv Perim Contribution: ,0, Final Score: ,-170.211
Point: ,241,40,Repeat score:,1, Repeat contribution: ,-1,Dist:,32.2025, Dist contribution: ,-161.012, New scanned ratio: ,0.0865335, New Scanned Cells Contribution: ,0,Area ratio: ,0.667646, Area ratio Contribution: ,0,Perim diff: ,1.075, Perim diff Contribution: ,0,Frontier diff: ,0, Frontier diff Contribution ,0,Inverse Area ratio: ,0.967441, Inv Area Ratio Contribution: ,0,Inverse Perim ratio: ,1.05384, Inv Perim Contribution: ,0, Final Score: ,-162.012
Point: ,236,40,Repeat score:,1, Repeat contribution: ,-1,Dist:,29.5296, Dist contribution: ,-147.648, New scanned ratio: ,0.0865335, New Scanned Cells Contribution: ,0,Area ratio: ,0.664811, Area ratio Contribution: ,0,Perim diff: ,1.07786, Perim diff Contribution: ,0,Frontier diff: ,0, Frontier diff Contribution ,0,Inverse Area ratio: ,0.967453, Inv Area Ratio Contribution: ,0,Inverse Perim ratio: ,1.05515, Inv Perim Contribution: ,0, Final Score: ,-148.648
Point: ,233,38,Repeat score:,1, Repeat contribution: ,-1,Dist:,25.8565, Dist contribution: ,-129.283, New scanned ratio: ,0.0761546, New Scanned Cells Contribution: ,0,Area ratio: ,0.672608, Area ratio Contribution: ,0,Perim diff: ,1.07845, Perim diff Contribution: ,0,Frontier diff: ,0, Frontier diff Contribution ,0,Inverse Area ratio: ,0.968427, Inv Area Ratio Contribution: ,0,Inverse Perim ratio: ,1.05423, Inv Perim Contribution: ,0, Final Score: ,-130.283
Point: ,231,38,Repeat score:,1, Repeat contribution: ,-1,Dist:,25.0711, Dist contribution: ,-125.355, New scanned ratio: ,0.0761546, New Scanned Cells Contribution: ,0,Area ratio: ,0.67156, Area ratio Contribution: ,0,Perim diff: ,1.08252, Perim diff Contribution: ,0,Frontier diff: ,0, Frontier diff Contribution ,0,Inverse Area ratio: ,0.968385, Inv Area Ratio Contribution: ,0,Inverse Perim ratio: ,1.05661, Inv Perim Contribution: ,0, Final Score: ,-126.355
Point: ,228,40,Repeat score:,1, Repeat contribution: ,-1,Dist:,26.6833, Dist contribution: ,-133.417, New scanned ratio: ,0.0873119, New Scanned Cells Contribution: ,0,Area ratio: ,0.660578, Area ratio Contribution: ,0,Perim diff: ,1.08789, Perim diff Contribution: ,0,Frontier diff: ,0, Frontier diff Contribution ,0,Inverse Area ratio: ,0.967352, Inv Area Ratio Contribution: ,0,Inverse Perim ratio: ,1.06039, Inv Perim Contribution: ,0, Final Score: ,-134.417
Point: ,223,40,Repeat score:,1, Repeat contribution: ,-1,Dist:,26.0192, Dist contribution: ,-130.096, New scanned ratio: ,0.0914634, New Scanned Cells Contribution: ,0,Area ratio: ,0.660249, Area ratio Contribution: ,0,Perim diff: ,1.09446, Perim diff Contribution: ,0,Frontier diff: ,0, Frontier diff Contribution ,0,Inverse Area ratio: ,0.966952, Inv Area Ratio Contribution: ,0,Inverse Perim ratio: ,1.06389, Inv Perim Contribution: ,0, Final Score: ,-131.096
Point: ,222,41,Repeat score:,1, Repeat contribution: ,-1,Dist:,27.3, Dist contribution: ,-136.5, New scanned ratio: ,0.097561, New Scanned Cells Contribution: ,0,Area ratio: ,0.655643, Area ratio Contribution: ,0,Perim diff: ,1.09756, Perim diff Contribution: ,0,Frontier diff: ,0, Frontier diff Contribution ,0,Inverse Area ratio: ,0.966379, Inv Area Ratio Contribution: ,0,Inverse Perim ratio: ,1.06615, Inv Perim Contribution: ,0, Final Score: ,-137.5
Point: ,221,40,Repeat score:,1, Repeat contribution: ,-1,Dist:,26.0192, Dist contribution: ,-130.096, New scanned ratio: ,0.0940581, New Scanned Cells Contribution: ,0,Area ratio: ,0.660721, Area ratio Contribution: ,0,Perim diff: ,1.09729, Perim diff Contribution: ,0,Frontier diff: ,0, Frontier diff Contribution ,0,Inverse Area ratio: ,0.966707, Inv Area Ratio Contribution: ,0,Inverse Perim ratio: ,1.06548, Inv Perim Contribution: ,0, Final Score: ,-131.096
Point: ,216,40,Repeat score:,1, Repeat contribution: ,-1,Dist:,26.6833, Dist contribution: ,-133.417, New scanned ratio: ,0.102231, New Scanned Cells Contribution: ,0,Area ratio: ,0.66307, Area ratio Contribution: ,0,Perim diff: ,1.10757, Perim diff Contribution: ,0,Frontier diff: ,0, Frontier diff Contribution ,0,Inverse Area ratio: ,0.965901, Inv Area Ratio Contribution: ,0,Inverse Perim ratio: ,1.07114, Inv Perim Contribution: ,0, Final Score: ,-134.417
Point: ,210,37,Repeat score:,1, Repeat contribution: ,-1,Dist:,25.1478, Dist contribution: ,-125.739, New scanned ratio: ,0.10301, New Scanned Cells Contribution: ,0,Area ratio: ,0.684503, Area ratio Contribution: ,0,Perim diff: ,1.11282, Perim diff Contribution: ,0,Frontier diff: ,0, Frontier diff Contribution ,0,Inverse Area ratio: ,0.965817, Inv Area Ratio Contribution: ,0,Inverse Perim ratio: ,1.07316, Inv Perim Contribution: ,0, Final Score: ,-126.739
Point: ,205,32,Repeat score:,1, Repeat contribution: ,-1,Dist:,23.0729, Dist contribution: ,-115.365, New scanned ratio: ,0.0957447, New Scanned Cells Contribution: ,0,Area ratio: ,0.720752, Area ratio Contribution: ,0,Perim diff: ,1.08504, Perim diff Contribution: ,0,Frontier diff: ,0, Frontier diff Contribution ,0,Inverse Area ratio: ,0.968566, Inv Area Ratio Contribution: ,0,Inverse Perim ratio: ,1.05559, Inv Perim Contribution: ,0, Final Score: ,-116.365
Point: ,202,26,Repeat score:,1, Repeat contribution: ,-1,Dist:,21.4672, Dist contribution: ,-107.336, New scanned ratio: ,0.0766736, New Scanned Cells Contribution: ,0,Area ratio: ,0.760173, Area ratio Contribution: ,0,Perim diff: ,1.06736, Perim diff Contribution: ,0,Frontier diff: ,0, Frontier diff Contribution ,0,Inverse Area ratio: ,0.970328, Inv Area Ratio Contribution: ,0,Inverse Perim ratio: ,1.04445, Inv Perim Contribution: ,0, Final Score: ,-108.336
Point: ,202,21,Repeat score:,1, Repeat contribution: ,-1,Dist:,20.0422, Dist contribution: ,-100.211, New scanned ratio: ,0.0555267, New Scanned Cells Contribution: ,0,Area ratio: ,0.795284, Area ratio Contribution: ,0,Perim diff: ,1.06023, Perim diff Contribution: ,0,Frontier diff: ,0, Frontier diff Contribution ,0,Inverse Area ratio: ,0.972326, Inv Area Ratio Contribution: ,0,Inverse Perim ratio: ,1.03966, Inv Perim Contribution: ,0, Final Score: ,-101.211
Point: ,196,18,Repeat score:,1, Repeat contribution: ,-1,Dist:,26.1297, Dist contribution: ,-130.648, New scanned ratio: ,0.0570835, New Scanned Cells Contribution: ,0,Area ratio: ,0.820246, Area ratio Contribution: ,0,Perim diff: ,1.05692, Perim diff Contribution: ,0,Frontier diff: ,0, Frontier diff Contribution ,0,Inverse Area ratio: ,0.973539, Inv Area Ratio Contribution: ,0,Inverse Perim ratio: ,1.0374, Inv Perim Contribution: ,0, Final Score: ,-131.648
Point: ,192,20,Repeat score:,1, Repeat contribution: ,-1,Dist:,30, Dist contribution: ,-150, New scanned ratio: ,0.0736897, New Scanned Cells Contribution: ,0,Area ratio: ,0.812637, Area ratio Contribution: ,0,Perim diff: ,1.05922, Perim diff Contribution: ,0,Frontier diff: ,0, Frontier diff Contribution ,0,Inverse Area ratio: ,0.972518, Inv Area Ratio Contribution: ,0,Inverse Perim ratio: ,1.03885, Inv Perim Contribution: ,0, Final Score: ,-151
Point: ,187,20,Repeat score:,1, Repeat contribution: ,-1,Dist:,35, Dist contribution: ,-175, New scanned ratio: ,0.0816035, New Scanned Cells Contribution: ,0,Area ratio: ,0.814704, Area ratio Contribution: ,0,Perim diff: ,1.06298, Perim diff Contribution: ,0,Frontier diff: ,0, Frontier diff Contribution ,0,Inverse Area ratio: ,0.971775, Inv Area Ratio Contribution: ,0,Inverse Perim ratio: ,1.0413, Inv Perim Contribution: ,0, Final Score: ,-176
Point: ,186,21,Repeat score:,1, Repeat contribution: ,-1,Dist:,36.0235, Dist contribution: ,-180.117, New scanned ratio: ,0.0877011, New Scanned Cells Contribution: ,0,Area ratio: ,0.807461, Area ratio Contribution: ,0,Perim diff: ,1.0689, Perim diff Contribution: ,0,Frontier diff: ,0, Frontier diff Contribution ,0,Inverse Area ratio: ,0.971187, Inv Area Ratio Contribution: ,0,Inverse Perim ratio: ,1.04461, Inv Perim Contribution: ,0, Final Score: ,-181.117
Point: ,185,20,Repeat score:,1, Repeat contribution: ,-1,Dist:,37, Dist contribution: ,-185, New scanned ratio: ,0.0839388, New Scanned Cells Contribution: ,0,Area ratio: ,0.814826, Area ratio Contribution: ,0,Perim diff: ,1.06666, Perim diff Contribution: ,0,Frontier diff: ,0, Frontier diff Contribution ,0,Inverse Area ratio: ,0.971547, Inv Area Ratio Contribution: ,0,Inverse Perim ratio: ,1.04332, Inv Perim Contribution: ,0, Final Score: ,-186
BEST Point:,202,21, Score: ,-101.211
COUNT COMMAND: 1
Total frontiers: ,98, Prioritised frontiers: ,24
At: ,202,20,
Point: ,236,40,Repeat score:,1, Repeat contribution: ,-1,Dist:,42.8019, Dist contribution: ,-214.009, New scanned ratio: ,0.0822847, New Scanned Cells Contribution: ,0,Area ratio: ,0.697547, Area ratio Contribution: ,0,Perim diff: ,1.07768, Perim diff Contribution: ,0,Frontier diff: ,0, Frontier diff Contribution ,0,Inverse Area ratio: ,0.964543, Inv Area Ratio Contribution: ,0,Inverse Perim ratio: ,1.05534, Inv Perim Contribution: ,0, Final Score: ,-215.009
Point: ,233,38,Repeat score:,1, Repeat contribution: ,-1,Dist:,38.8402, Dist contribution: ,-194.201, New scanned ratio: ,0.0724155, New Scanned Cells Contribution: ,0,Area ratio: ,0.706232, Area ratio Contribution: ,0,Perim diff: ,1.07818, Perim diff Contribution: ,0,Frontier diff: ,0, Frontier diff Contribution ,0,Inverse Area ratio: ,0.965494, Inv Area Ratio Contribution: ,0,Inverse Perim ratio: ,1.05441, Inv Perim Contribution: ,0, Final Score: ,-195.201
Point: ,231,38,Repeat score:,1, Repeat contribution: ,-1,Dist:,37.2634, Dist contribution: ,-186.317, New scanned ratio: ,0.0724155, New Scanned Cells Contribution: ,0,Area ratio: ,0.705044, Area ratio Contribution: ,0,Perim diff: ,1.07833, Perim diff Contribution: ,0,Frontier diff: ,0, Frontier diff Contribution ,0,Inverse Area ratio: ,0.965494, Inv Area Ratio Contribution: ,0,Inverse Perim ratio: ,1.05441, Inv Perim Contribution: ,0, Final Score: ,-187.317
Point: ,228,40,Repeat score:,1, Repeat contribution: ,-1,Dist:,36.7696, Dist contribution: ,-183.848, New scanned ratio: ,0.0822847, New Scanned Cells Contribution: ,0,Area ratio: ,0.692894, Area ratio Contribution: ,0,Perim diff: ,1.07859, Perim diff Contribution: ,0,Frontier diff: ,0, Frontier diff Contribution ,0,Inverse Area ratio: ,0.964555, Inv Area Ratio Contribution: ,0,Inverse Perim ratio: ,1.05544, Inv Perim Contribution: ,0, Final Score: ,-184.848
Point: ,223,40,Repeat score:,1, Repeat contribution: ,-1,Dist:,33.4215, Dist contribution: ,-167.108, New scanned ratio: ,0.0822847, New Scanned Cells Contribution: ,0,Area ratio: ,0.690149, Area ratio Contribution: ,0,Perim diff: ,1.07668, Perim diff Contribution: ,0,Frontier diff: ,0, Frontier diff Contribution ,0,Inverse Area ratio: ,0.964555, Inv Area Ratio Contribution: ,0,Inverse Perim ratio: ,1.05417, Inv Perim Contribution: ,0, Final Score: ,-168.108
Point: ,222,41,Repeat score:,1, Repeat contribution: ,-1,Dist:,33.8421, Dist contribution: ,-169.211, New scanned ratio: ,0.0872193, New Scanned Cells Contribution: ,0,Area ratio: ,0.684645, Area ratio Contribution: ,0,Perim diff: ,1.07861, Perim diff Contribution: ,0,Frontier diff: ,0, Frontier diff Contribution ,0,Inverse Area ratio: ,0.96407, Inv Area Ratio Contribution: ,0,Inverse Perim ratio: ,1.05576, Inv Perim Contribution: ,0, Final Score: ,-170.211
Point: ,221,40,Repeat score:,1, Repeat contribution: ,-1,Dist:,32.2025, Dist contribution: ,-161.012, New scanned ratio: ,0.0822847, New Scanned Cells Contribution: ,0,Area ratio: ,0.689025, Area ratio Contribution: ,0,Perim diff: ,1.07679, Perim diff Contribution: ,0,Frontier diff: ,0, Frontier diff Contribution ,0,Inverse Area ratio: ,0.964555, Inv Area Ratio Contribution: ,0,Inverse Perim ratio: ,1.05417, Inv Perim Contribution: ,0, Final Score: ,-162.012
Point: ,216,40,Repeat score:,1, Repeat contribution: ,-1,Dist:,29.5296, Dist contribution: ,-147.648, New scanned ratio: ,0.0822847, New Scanned Cells Contribution: ,0,Area ratio: ,0.686149, Area ratio Contribution: ,0,Perim diff: ,1.07925, Perim diff Contribution: ,0,Frontier diff: ,0, Frontier diff Contribution ,0,Inverse Area ratio: ,0.964567, Inv Area Ratio Contribution: ,0,Inverse Perim ratio: ,1.05548, Inv Perim Contribution: ,0, Final Score: ,-148.648
Point: ,213,38,Repeat score:,1, Repeat contribution: ,-1,Dist:,25.8565, Dist contribution: ,-129.283, New scanned ratio: ,0.0724155, New Scanned Cells Contribution: ,0,Area ratio: ,0.694278, Area ratio Contribution: ,0,Perim diff: ,1.07939, Perim diff Contribution: ,0,Frontier diff: ,0, Frontier diff Contribution ,0,Inverse Area ratio: ,0.965542, Inv Area Ratio Contribution: ,0,Inverse Perim ratio: ,1.05456, Inv Perim Contribution: ,0, Final Score: ,-130.283
Point: ,211,38,Repeat score:,1, Repeat contribution: ,-1,Dist:,25.0711, Dist contribution: ,-125.355, New scanned ratio: ,0.0724155, New Scanned Cells Contribution: ,0,Area ratio: ,0.693211, Area ratio Contribution: ,0,Perim diff: ,1.08336, Perim diff Contribution: ,0,Frontier diff: ,0, Frontier diff Contribution ,0,Inverse Area ratio: ,0.9655, Inv Area Ratio Contribution: ,0,Inverse Perim ratio: ,1.05694, Inv Perim Contribution: ,0, Final Score: ,-126.355
Point: ,208,40,Repeat score:,1, Repeat contribution: ,-1,Dist:,26.6833, Dist contribution: ,-133.417, New scanned ratio: ,0.0830249, New Scanned Cells Contribution: ,0,Area ratio: ,0.681846, Area ratio Contribution: ,0,Perim diff: ,1.08881, Perim diff Contribution: ,0,Frontier diff: ,0, Frontier diff Contribution ,0,Inverse Area ratio: ,0.964465, Inv Area Ratio Contribution: ,0,Inverse Perim ratio: ,1.06073, Inv Perim Contribution: ,0, Final Score: ,-134.417
Point: ,203,40,Repeat score:,1, Repeat contribution: ,-1,Dist:,26.0192, Dist contribution: ,-130.096, New scanned ratio: ,0.0869726, New Scanned Cells Contribution: ,0,Area ratio: ,0.681437, Area ratio Contribution: ,0,Perim diff: ,1.09515, Perim diff Contribution: ,0,Frontier diff: ,0, Frontier diff Contribution ,0,Inverse Area ratio: ,0.964064, Inv Area Ratio Contribution: ,0,Inverse Perim ratio: ,1.06423, Inv Perim Contribution: ,0, Final Score: ,-131.096
Point: ,202,41,Repeat score:,1, Repeat contribution: ,-1,Dist:,27.3, Dist contribution: ,-136.5, New scanned ratio: ,0.0927708, New Scanned Cells Contribution: ,0,Area ratio: ,0.676643, Area ratio Contribution: ,0,Perim diff: ,1.09829, Perim diff Contribution: ,0,Frontier diff: ,0, Frontier diff Contribution ,0,Inverse Area ratio: ,0.96349, Inv Area Ratio Contribution: ,0,Inverse Perim ratio: ,1.06648, Inv Perim Contribution: ,0, Final Score: ,-137.5
Point: ,201,40,Repeat score:,1, Repeat contribution: ,-1,Dist:,26.0192, Dist contribution: ,-130.096, New scanned ratio: ,0.0894399, New Scanned Cells Contribution: ,0,Area ratio: ,0.681867, Area ratio Contribution: ,0,Perim diff: ,1.09789, Perim diff Contribution: ,0,Frontier diff: ,0, Frontier diff Contribution ,0,Inverse Area ratio: ,0.963819, Inv Area Ratio Contribution: ,0,Inverse Perim ratio: ,1.06581, Inv Perim Contribution: ,0, Final Score: ,-131.096
Point: ,196,40,Repeat score:,1, Repeat contribution: ,-1,Dist:,26.6833, Dist contribution: ,-133.417, New scanned ratio: ,0.0972119, New Scanned Cells Contribution: ,0,Area ratio: ,0.684095, Area ratio Contribution: ,0,Perim diff: ,1.10798, Perim diff Contribution: ,0,Frontier diff: ,0, Frontier diff Contribution ,0,Inverse Area ratio: ,0.963011, Inv Area Ratio Contribution: ,0,Inverse Perim ratio: ,1.07147, Inv Perim Contribution: ,0, Final Score: ,-134.417
Point: ,190,37,Repeat score:,1, Repeat contribution: ,-1,Dist:,25.1478, Dist contribution: ,-125.739, New scanned ratio: ,0.0979521, New Scanned Cells Contribution: ,0,Area ratio: ,0.705827, Area ratio Contribution: ,0,Perim diff: ,1.1138, Perim diff Contribution: ,0,Frontier diff: ,0, Frontier diff Contribution ,0,Inverse Area ratio: ,0.962934, Inv Area Ratio Contribution: ,0,Inverse Perim ratio: ,1.07394, Inv Perim Contribution: ,0, Final Score: ,-126.739
Point: ,185,32,Repeat score:,1, Repeat contribution: ,-1,Dist:,23.0729, Dist contribution: ,-115.365, New scanned ratio: ,0.0910437, New Scanned Cells Contribution: ,0,Area ratio: ,0.741445, Area ratio Contribution: ,0,Perim diff: ,1.08532, Perim diff Contribution: ,0,Frontier diff: ,0, Frontier diff Contribution ,0,Inverse Area ratio: ,0.965688, Inv Area Ratio Contribution: ,0,Inverse Perim ratio: ,1.05594, Inv Perim Contribution: ,0, Final Score: ,-116.365
Point: ,182,26,Repeat score:,1, Repeat contribution: ,-1,Dist:,21.4672, Dist contribution: ,-107.336, New scanned ratio: ,0.072909, New Scanned Cells Contribution: ,0,Area ratio: ,0.783102, Area ratio Contribution: ,0,Perim diff: ,1.06747, Perim diff Contribution: ,0,Frontier diff: ,0, Frontier diff Contribution ,0,Inverse Area ratio: ,0.967459, Inv Area Ratio Contribution: ,0,Inverse Perim ratio: ,1.04453, Inv Perim Contribution: ,0, Final Score: ,-108.336
Point: ,182,21,Repeat score:,1, Repeat contribution: ,-1,Dist:,20.0422, Dist contribution: ,-100.211, New scanned ratio: ,0.0528004, New Scanned Cells Contribution: ,0,Area ratio: ,0.819038, Area ratio Contribution: ,0,Perim diff: ,1.0604, Perim diff Contribution: ,0,Frontier diff: ,0, Frontier diff Contribution ,0,Inverse Area ratio: ,0.969461, Inv Area Ratio Contribution: ,0,Inverse Perim ratio: ,1.03974, Inv Perim Contribution: ,0, Final Score: ,-101.211
Point: ,177,18,Repeat score:,1, Repeat contribution: ,-1,Dist:,25.1348, Dist contribution: ,-125.674, New scanned ratio: ,0.0524303, New Scanned Cells Contribution: ,0,Area ratio: ,0.841566, Area ratio Contribution: ,0,Perim diff: ,1.05714, Perim diff Contribution: ,0,Frontier diff: ,0, Frontier diff Contribution ,0,Inverse Area ratio: ,0.970969, Inv Area Ratio Contribution: ,0,Inverse Perim ratio: ,1.03768, Inv Perim Contribution: ,0, Final Score: ,-126.674
Point: ,173,20,Repeat score:,1, Repeat contribution: ,-1,Dist:,29, Dist contribution: ,-145, New scanned ratio: ,0.0683444, New Scanned Cells Contribution: ,0,Area ratio: ,0.83546, Area ratio Contribution: ,0,Perim diff: ,1.05755, Perim diff Contribution: ,0,Frontier diff: ,0, Frontier diff Contribution ,0,Inverse Area ratio: ,0.969909, Inv Area Ratio Contribution: ,0,Inverse Perim ratio: ,1.03809, Inv Perim Contribution: ,0, Final Score: ,-146
Point: ,168,20,Repeat score:,1, Repeat contribution: ,-1,Dist:,34, Dist contribution: ,-170, New scanned ratio: ,0.0762398, New Scanned Cells Contribution: ,0,Area ratio: ,0.837722, Area ratio Contribution: ,0,Perim diff: ,1.06295, Perim diff Contribution: ,0,Frontier diff: ,0, Frontier diff Contribution ,0,Inverse Area ratio: ,0.969024, Inv Area Ratio Contribution: ,0,Inverse Perim ratio: ,1.04148, Inv Perim Contribution: ,0, Final Score: ,-171
Point: ,167,21,Repeat score:,1, Repeat contribution: ,-1,Dist:,35.0241, Dist contribution: ,-175.121, New scanned ratio: ,0.0821614, New Scanned Cells Contribution: ,0,Area ratio: ,0.830389, Area ratio Contribution: ,0,Perim diff: ,1.06694, Perim diff Contribution: ,0,Frontier diff: ,0, Frontier diff Contribution ,0,Inverse Area ratio: ,0.968429, Inv Area Ratio Contribution: ,0,Inverse Perim ratio: ,1.04378, Inv Perim Contribution: ,0, Final Score: ,-176.121
Point: ,166,20,Repeat score:,1, Repeat contribution: ,-1,Dist:,36, Dist contribution: ,-180, New scanned ratio: ,0.0787071, New Scanned Cells Contribution: ,0,Area ratio: ,0.838045, Area ratio Contribution: ,0,Perim diff: ,1.06674, Perim diff Contribution: ,0,Frontier diff: ,0, Frontier diff Contribution ,0,Inverse Area ratio: ,0.968771, Inv Area Ratio Contribution: ,0,Inverse Perim ratio: ,1.04349, Inv Perim Contribution: ,0, Final Score: ,-181
BEST Point:,182,21, Score: ,-101.211
COUNT COMMAND: 1
Total frontiers: ,99, Prioritised frontiers: ,25
At: ,182,20,
Point: ,216,40,Repeat score:,1, Repeat contribution: ,-1,Dist:,42.8019, Dist contribution: ,-214.009, New scanned ratio: ,0.0784337, New Scanned Cells Contribution: ,0,Area ratio: ,0.718597, Area ratio Contribution: ,0,Perim diff: ,1.07944, Perim diff Contribution: ,0,Frontier diff: ,0, Frontier diff Contribution ,0,Inverse Area ratio: ,0.961645, Inv Area Ratio Contribution: ,0,Inverse Perim ratio: ,1.05569, Inv Perim Contribution: ,0, Final Score: ,-215.009
Point: ,213,38,Repeat score:,1, Repeat contribution: ,-1,Dist:,38.8402, Dist contribution: ,-194.201, New scanned ratio: ,0.0690263, New Scanned Cells Contribution: ,0,Area ratio: ,0.727593, Area ratio Contribution: ,0,Perim diff: ,1.07948, Perim diff Contribution: ,0,Frontier diff: ,0, Frontier diff Contribution ,0,Inverse Area ratio: ,0.962598, Inv Area Ratio Contribution: ,0,Inverse Perim ratio: ,1.05475, Inv Perim Contribution: ,0, Final Score: ,-195.201
Point: ,211,38,Repeat score:,1, Repeat contribution: ,-1,Dist:,37.2634, Dist contribution: ,-186.317, New scanned ratio: ,0.0690263, New Scanned Cells Contribution: ,0,Area ratio: ,0.726389, Area ratio Contribution: ,0,Perim diff: ,1.07952, Perim diff Contribution: ,0,Frontier diff: ,0, Frontier diff Contribution ,0,Inverse Area ratio: ,0.962598, Inv Area Ratio Contribution: ,0,Inverse Perim ratio: ,1.05475, Inv Perim Contribution: ,0, Final Score: ,-187.317
Point: ,208,40,Repeat score:,1, Repeat contribution: ,-1,Dist:,36.7696, Dist contribution: ,-183.848, New scanned ratio: ,0.0784337, New Scanned Cells Contribution: ,0,Area ratio: ,0.713883, Area ratio Contribution: ,0,Perim diff: ,1.07986, Perim diff Contribution: ,0,Frontier diff: ,0, Frontier diff Contribution ,0,Inverse Area ratio: ,0.961657, Inv Area Ratio Contribution: ,0,Inverse Perim ratio: ,1.05578, Inv Perim Contribution: ,0, Final Score: ,-184.848
Point: ,203,40,Repeat score:,1, Repeat contribution: ,-1,Dist:,33.4215, Dist contribution: ,-167.108, New scanned ratio: ,0.0784337, New Scanned Cells Contribution: ,0,Area ratio: ,0.711098, Area ratio Contribution: ,0,Perim diff: ,1.07772, Perim diff Contribution: ,0,Frontier diff: ,0, Frontier diff Contribution ,0,Inverse Area ratio: ,0.961657, Inv Area Ratio Contribution: ,0,Inverse Perim ratio: ,1.05452, Inv Perim Contribution: ,0, Final Score: ,-168.108
Point: ,202,41,Repeat score:,1, Repeat contribution: ,-1,Dist:,33.8421, Dist contribution: ,-169.211, New scanned ratio: ,0.0831373, New Scanned Cells Contribution: ,0,Area ratio: ,0.705423, Area ratio Contribution: ,0,Perim diff: ,1.07969, Perim diff Contribution: ,0,Frontier diff: ,0, Frontier diff Contribution ,0,Inverse Area ratio: ,0.961172, Inv Area Ratio Contribution: ,0,Inverse Perim ratio: ,1.0561, Inv Perim Contribution: ,0, Final Score: ,-170.211
Point: ,201,40,Repeat score:,1, Repeat contribution: ,-1,Dist:,32.2025, Dist contribution: ,-161.012, New scanned ratio: ,0.0784337, New Scanned Cells Contribution: ,0,Area ratio: ,0.709958, Area ratio Contribution: ,0,Perim diff: ,1.07774, Perim diff Contribution: ,0,Frontier diff: ,0, Frontier diff Contribution ,0,Inverse Area ratio: ,0.961657, Inv Area Ratio Contribution: ,0,Inverse Perim ratio: ,1.05452, Inv Perim Contribution: ,0, Final Score: ,-162.012
Point: ,196,40,Repeat score:,1, Repeat contribution: ,-1,Dist:,29.5296, Dist contribution: ,-147.648, New scanned ratio: ,0.0784337, New Scanned Cells Contribution: ,0,Area ratio: ,0.707045, Area ratio Contribution: ,0,Perim diff: ,1.08001, Perim diff Contribution: ,0,Frontier diff: ,0, Frontier diff Contribution ,0,Inverse Area ratio: ,0.961669, Inv Area Ratio Contribution: ,0,Inverse Perim ratio: ,1.05582, Inv Perim Contribution: ,0, Final Score: ,-148.648
Point: ,193,38,Repeat score:,1, Repeat contribution: ,-1,Dist:,25.8565, Dist contribution: ,-129.283, New scanned ratio: ,0.0690263, New Scanned Cells Contribution: ,0,Area ratio: ,0.715485, Area ratio Contribution: ,0,Perim diff: ,1.07993, Perim diff Contribution: ,0,Frontier diff: ,0, Frontier diff Contribution ,0,Inverse Area ratio: ,0.962646, Inv Area Ratio Contribution: ,0,Inverse Perim ratio: ,1.0549, Inv Perim Contribution: ,0, Final Score: ,-130.283
Point: ,191,38,Repeat score:,1, Repeat contribution: ,-1,Dist:,25.0711, Dist contribution: ,-125.355, New scanned ratio: ,0.0690263, New Scanned Cells Contribution: ,0,Area ratio: ,0.714402, Area ratio Contribution: ,0,Perim diff: ,1.08385, Perim diff Contribution: ,0,Frontier diff: ,0, Frontier diff Contribution ,0,Inverse Area ratio: ,0.962604, Inv Area Ratio Contribution: ,0,Inverse Perim ratio: ,1.05728, Inv Perim Contribution: ,0, Final Score: ,-126.355
Point: ,188,40,Repeat score:,1, Repeat contribution: ,-1,Dist:,26.6833, Dist contribution: ,-133.417, New scanned ratio: ,0.0791392, New Scanned Cells Contribution: ,0,Area ratio: ,0.702677, Area ratio Contribution: ,0,Perim diff: ,1.08932, Perim diff Contribution: ,0,Frontier diff: ,0, Frontier diff Contribution ,0,Inverse Area ratio: ,0.961567, Inv Area Ratio Contribution: ,0,Inverse Perim ratio: ,1.06107, Inv Perim Contribution: ,0, Final Score: ,-134.417
Point: ,183,40,Repeat score:,1, Repeat contribution: ,-1,Dist:,26.0192, Dist contribution: ,-130.096, New scanned ratio: ,0.0829022, New Scanned Cells Contribution: ,0,Area ratio: ,0.702192, Area ratio Contribution: ,0,Perim diff: ,1.09552, Perim diff Contribution: ,0,Frontier diff: ,0, Frontier diff Contribution ,0,Inverse Area ratio: ,0.961166, Inv Area Ratio Contribution: ,0,Inverse Perim ratio: ,1.06457, Inv Perim Contribution: ,0, Final Score: ,-131.096
Point: ,182,41,Repeat score:,1, Repeat contribution: ,-1,Dist:,27.3, Dist contribution: ,-136.5, New scanned ratio: ,0.088429, New Scanned Cells Contribution: ,0,Area ratio: ,0.697222, Area ratio Contribution: ,0,Perim diff: ,1.09867, Perim diff Contribution: ,0,Frontier diff: ,0, Frontier diff Contribution ,0,Inverse Area ratio: ,0.96059, Inv Area Ratio Contribution: ,0,Inverse Perim ratio: ,1.06683, Inv Perim Contribution: ,0, Final Score: ,-137.5
Point: ,181,40,Repeat score:,1, Repeat contribution: ,-1,Dist:,26.0192, Dist contribution: ,-130.096, New scanned ratio: ,0.085254, New Scanned Cells Contribution: ,0,Area ratio: ,0.702583, Area ratio Contribution: ,0,Perim diff: ,1.09821, Perim diff Contribution: ,0,Frontier diff: ,0, Frontier diff Contribution ,0,Inverse Area ratio: ,0.96092, Inv Area Ratio Contribution: ,0,Inverse Perim ratio: ,1.06616, Inv Perim Contribution: ,0, Final Score: ,-131.096
Point: ,176,40,Repeat score:,1, Repeat contribution: ,-1,Dist:,26.6833, Dist contribution: ,-133.417, New scanned ratio: ,0.0926623, New Scanned Cells Contribution: ,0,Area ratio: ,0.704695, Area ratio Contribution: ,0,Perim diff: ,1.10817, Perim diff Contribution: ,0,Frontier diff: ,0, Frontier diff Contribution ,0,Inverse Area ratio: ,0.960111, Inv Area Ratio Contribution: ,0,Inverse Perim ratio: ,1.07182, Inv Perim Contribution: ,0, Final Score: ,-134.417
Point: ,170,37,Repeat score:,1, Repeat contribution: ,-1,Dist:,25.1478, Dist contribution: ,-125.739, New scanned ratio: ,0.0933678, New Scanned Cells Contribution: ,0,Area ratio: ,0.725791, Area ratio Contribution: ,0,Perim diff: ,1.11588, Perim diff Contribution: ,0,Frontier diff: ,0, Frontier diff Contribution ,0,Inverse Area ratio: ,0.960027, Inv Area Ratio Contribution: ,0,Inverse Perim ratio: ,1.07521, Inv Perim Contribution: ,0, Final Score: ,-126.739
Point: ,165,32,Repeat score:,1, Repeat contribution: ,-1,Dist:,23.0729, Dist contribution: ,-115.365, New scanned ratio: ,0.0867827, New Scanned Cells Contribution: ,0,Area ratio: ,0.761403, Area ratio Contribution: ,0,Perim diff: ,1.08319, Perim diff Contribution: ,0,Frontier diff: ,0, Frontier diff Contribution ,0,Inverse Area ratio: ,0.962718, Inv Area Ratio Contribution: ,0,Inverse Perim ratio: ,1.05499, Inv Perim Contribution: ,0, Final Score: ,-116.365
Point: ,162,26,Repeat score:,1, Repeat contribution: ,-1,Dist:,21.4672, Dist contribution: ,-107.336, New scanned ratio: ,0.0694967, New Scanned Cells Contribution: ,0,Area ratio: ,0.804526, Area ratio Contribution: ,0,Perim diff: ,1.06755, Perim diff Contribution: ,0,Frontier diff: ,0, Frontier diff Contribution ,0,Inverse Area ratio: ,0.964556, Inv Area Ratio Contribution: ,0,Inverse Perim ratio: ,1.04482, Inv Perim Contribution: ,0, Final Score: ,-108.336
Point: ,162,21,Repeat score:,1, Repeat contribution: ,-1,Dist:,20.0422, Dist contribution: ,-100.211, New scanned ratio: ,0.0503293, New Scanned Cells Contribution: ,0,Area ratio: ,0.841864, Area ratio Contribution: ,0,Perim diff: ,1.06058, Perim diff Contribution: ,0,Frontier diff: ,0, Frontier diff Contribution ,0,Inverse Area ratio: ,0.966561, Inv Area Ratio Contribution: ,0,Inverse Perim ratio: ,1.04003, Inv Perim Contribution: ,0, Final Score: ,-101.211
Point: ,158,18,Repeat score:,1, Repeat contribution: ,-1,Dist:,24.1404, Dist contribution: ,-120.702, New scanned ratio: ,0.0482126, New Scanned Cells Contribution: ,0,Area ratio: ,0.861989, Area ratio Contribution: ,0,Perim diff: ,1.05604, Perim diff Contribution: ,0,Frontier diff: ,0, Frontier diff Contribution ,0,Inverse Area ratio: ,0.968389, Inv Area Ratio Contribution: ,0,Inverse Perim ratio: ,1.03724, Inv Perim Contribution: ,0, Final Score: ,-121.702
Point: ,154,20,Repeat score:,1, Repeat contribution: ,-1,Dist:,28, Dist contribution: ,-140, New scanned ratio: ,0.0633819, New Scanned Cells Contribution: ,0,Area ratio: ,0.85743, Area ratio Contribution: ,0,Perim diff: ,1.05785, Perim diff Contribution: ,0,Frontier diff: ,0, Frontier diff Contribution ,0,Inverse Area ratio: ,0.967191, Inv Area Ratio Contribution: ,0,Inverse Perim ratio: ,1.03846, Inv Perim Contribution: ,0, Final Score: ,-141
Point: ,149,20,Repeat score:,1, Repeat contribution: ,-1,Dist:,33, Dist contribution: ,-165, New scanned ratio: ,0.0713782, New Scanned Cells Contribution: ,0,Area ratio: ,0.859886, Area ratio Contribution: ,0,Perim diff: ,1.05905, Perim diff Contribution: ,0,Frontier diff: ,0, Frontier diff Contribution ,0,Inverse Area ratio: ,0.966274, Inv Area Ratio Contribution: ,0,Inverse Perim ratio: ,1.03918, Inv Perim Contribution: ,0, Final Score: ,-166
Point: ,148,21,Repeat score:,1, Repeat contribution: ,-1,Dist:,34.0248, Dist contribution: ,-170.124, New scanned ratio: ,0.0770226, New Scanned Cells Contribution: ,0,Area ratio: ,0.852525, Area ratio Contribution: ,0,Perim diff: ,1.06504, Perim diff Contribution: ,0,Frontier diff: ,0, Frontier diff Contribution ,0,Inverse Area ratio: ,0.965678, Inv Area Ratio Contribution: ,0,Inverse Perim ratio: ,1.04286, Inv Perim Contribution: ,0, Final Score: ,-171.124
Point: ,147,20,Repeat score:,1, Repeat contribution: ,-1,Dist:,35, Dist contribution: ,-175, New scanned ratio: ,0.0739652, New Scanned Cells Contribution: ,0,Area ratio: ,0.860354, Area ratio Contribution: ,0,Perim diff: ,1.06282, Perim diff Contribution: ,0,Frontier diff: ,0, Frontier diff Contribution ,0,Inverse Area ratio: ,0.965997, Inv Area Ratio Contribution: ,0,Inverse Perim ratio: ,1.04163, Inv Perim Contribution: ,0, Final Score: ,-176
Point: ,142,20,Repeat score:,1, Repeat contribution: ,-1,Dist:,40, Dist contribution: ,-200, New scanned ratio: ,0.0778457, New Scanned Cells Contribution: ,0,Area ratio: ,0.8588, Area ratio Contribution: ,0,Perim diff: ,1.09014, Perim diff Contribution: ,0,Frontier diff: ,0, Frontier diff Contribution ,0,Inverse Area ratio: ,0.965421, Inv Area Ratio Contribution: ,0,Inverse Perim ratio: ,1.0568, Inv Perim Contribution: ,0, Final Score: ,-201
BEST Point:,162,21, Score: ,-101.211
COUNT COMMAND: 1
Total frontiers: ,101, Prioritised frontiers: ,26
At: ,162,20,
Point: ,196,40,Repeat score:,1, Repeat contribution: ,-1,Dist:,42.8019, Dist contribution: ,-214.009, New scanned ratio: ,0.074927, New Scanned Cells Contribution: ,0,Area ratio: ,0.738655, Area ratio Contribution: ,0,Perim diff: ,1.08071, Perim diff Contribution: ,0,Frontier diff: ,0, Frontier diff Contribution ,0,Inverse Area ratio: ,0.958754, Inv Area Ratio Contribution: ,0,Inverse Perim ratio: ,1.05627, Inv Perim Contribution: ,0, Final Score: ,-215.009
Point: ,193,38,Repeat score:,1, Repeat contribution: ,-1,Dist:,38.8402, Dist contribution: ,-194.201, New scanned ratio: ,0.0659402, New Scanned Cells Contribution: ,0,Area ratio: ,0.747931, Area ratio Contribution: ,0,Perim diff: ,1.08054, Perim diff Contribution: ,0,Frontier diff: ,0, Frontier diff Contribution ,0,Inverse Area ratio: ,0.959709, Inv Area Ratio Contribution: ,0,Inverse Perim ratio: ,1.05533, Inv Perim Contribution: ,0, Final Score: ,-195.201
Point: ,191,38,Repeat score:,1, Repeat contribution: ,-1,Dist:,37.2634, Dist contribution: ,-186.317, New scanned ratio: ,0.0659402, New Scanned Cells Contribution: ,0,Area ratio: ,0.746714, Area ratio Contribution: ,0,Perim diff: ,1.08053, Perim diff Contribution: ,0,Frontier diff: ,0, Frontier diff Contribution ,0,Inverse Area ratio: ,0.959709, Inv Area Ratio Contribution: ,0,Inverse Perim ratio: ,1.05533, Inv Perim Contribution: ,0, Final Score: ,-187.317
Point: ,188,40,Repeat score:,1, Repeat contribution: ,-1,Dist:,36.7696, Dist contribution: ,-183.848, New scanned ratio: ,0.074927, New Scanned Cells Contribution: ,0,Area ratio: ,0.733889, Area ratio Contribution: ,0,Perim diff: ,1.08088, Perim diff Contribution: ,0,Frontier diff: ,0, Frontier diff Contribution ,0,Inverse Area ratio: ,0.958766, Inv Area Ratio Contribution: ,0,Inverse Perim ratio: ,1.05637, Inv Perim Contribution: ,0, Final Score: ,-184.848
Point: ,183,40,Repeat score:,1, Repeat contribution: ,-1,Dist:,33.4215, Dist contribution: ,-167.108, New scanned ratio: ,0.074927, New Scanned Cells Contribution: ,0,Area ratio: ,0.731069, Area ratio Contribution: ,0,Perim diff: ,1.0786, Perim diff Contribution: ,0,Frontier diff: ,0, Frontier diff Contribution ,0,Inverse Area ratio: ,0.958766, Inv Area Ratio Contribution: ,0,Inverse Perim ratio: ,1.0551, Inv Perim Contribution: ,0, Final Score: ,-168.108
Point: ,182,41,Repeat score:,1, Repeat contribution: ,-1,Dist:,33.8421, Dist contribution: ,-169.211, New scanned ratio: ,0.0794204, New Scanned Cells Contribution: ,0,Area ratio: ,0.72524, Area ratio Contribution: ,0,Perim diff: ,1.08058, Perim diff Contribution: ,0,Frontier diff: ,0, Frontier diff Contribution ,0,Inverse Area ratio: ,0.95828, Inv Area Ratio Contribution: ,0,Inverse Perim ratio: ,1.05668, Inv Perim Contribution: ,0, Final Score: ,-170.211
Point: ,181,40,Repeat score:,1, Repeat contribution: ,-1,Dist:,32.2025, Dist contribution: ,-161.012, New scanned ratio: ,0.074927, New Scanned Cells Contribution: ,0,Area ratio: ,0.729915, Area ratio Contribution: ,0,Perim diff: ,1.07857, Perim diff Contribution: ,0,Frontier diff: ,0, Frontier diff Contribution ,0,Inverse Area ratio: ,0.958766, Inv Area Ratio Contribution: ,0,Inverse Perim ratio: ,1.0551, Inv Perim Contribution: ,0, Final Score: ,-162.012
Point: ,176,40,Repeat score:,1, Repeat contribution: ,-1,Dist:,29.5296, Dist contribution: ,-147.648, New scanned ratio: ,0.074927, New Scanned Cells Contribution: ,0,Area ratio: ,0.726969, Area ratio Contribution: ,0,Perim diff: ,1.08072, Perim diff Contribution: ,0,Frontier diff: ,0, Frontier diff Contribution ,0,Inverse Area ratio: ,0.958778, Inv Area Ratio Contribution: ,0,Inverse Perim ratio: ,1.05641, Inv Perim Contribution: ,0, Final Score: ,-148.648
Point: ,173,38,Repeat score:,1, Repeat contribution: ,-1,Dist:,25.8565, Dist contribution: ,-129.283, New scanned ratio: ,0.0659402, New Scanned Cells Contribution: ,0,Area ratio: ,0.735633, Area ratio Contribution: ,0,Perim diff: ,1.08053, Perim diff Contribution: ,0,Frontier diff: ,0, Frontier diff Contribution ,0,Inverse Area ratio: ,0.959757, Inv Area Ratio Contribution: ,0,Inverse Perim ratio: ,1.05549, Inv Perim Contribution: ,0, Final Score: ,-130.283
Point: ,171,38,Repeat score:,1, Repeat contribution: ,-1,Dist:,25.0711, Dist contribution: ,-125.355, New scanned ratio: ,0.0659402, New Scanned Cells Contribution: ,0,Area ratio: ,0.734417, Area ratio Contribution: ,0,Perim diff: ,1.0844, Perim diff Contribution: ,0,Frontier diff: ,0, Frontier diff Contribution ,0,Inverse Area ratio: ,0.959715, Inv Area Ratio Contribution: ,0,Inverse Perim ratio: ,1.05787, Inv Perim Contribution: ,0, Final Score: ,-126.355
Point: ,168,40,Repeat score:,1, Repeat contribution: ,-1,Dist:,26.6833, Dist contribution: ,-133.417, New scanned ratio: ,0.075601, New Scanned Cells Contribution: ,0,Area ratio: ,0.722545, Area ratio Contribution: ,0,Perim diff: ,1.08984, Perim diff Contribution: ,0,Frontier diff: ,0, Frontier diff Contribution ,0,Inverse Area ratio: ,0.958676, Inv Area Ratio Contribution: ,0,Inverse Perim ratio: ,1.06166, Inv Perim Contribution: ,0, Final Score: ,-134.417
Point: ,163,40,Repeat score:,1, Repeat contribution: ,-1,Dist:,26.0192, Dist contribution: ,-130.096, New scanned ratio: ,0.0791957, New Scanned Cells Contribution: ,0,Area ratio: ,0.721991, Area ratio Contribution: ,0,Perim diff: ,1.09592, Perim diff Contribution: ,0,Frontier diff: ,0, Frontier diff Contribution ,0,Inverse Area ratio: ,0.958274, Inv Area Ratio Contribution: ,0,Inverse Perim ratio: ,1.06516, Inv Perim Contribution: ,0, Final Score: ,-131.096
Point: ,162,41,Repeat score:,1, Repeat contribution: ,-1,Dist:,27.3, Dist contribution: ,-136.5, New scanned ratio: ,0.0844754, New Scanned Cells Contribution: ,0,Area ratio: ,0.71686, Area ratio Contribution: ,0,Perim diff: ,1.09905, Perim diff Contribution: ,0,Frontier diff: ,0, Frontier diff Contribution ,0,Inverse Area ratio: ,0.957697, Inv Area Ratio Contribution: ,0,Inverse Perim ratio: ,1.06741, Inv Perim Contribution: ,0, Final Score: ,-137.5
Point: ,161,40,Repeat score:,1, Repeat contribution: ,-1,Dist:,26.0192, Dist contribution: ,-130.096, New scanned ratio: ,0.0814424, New Scanned Cells Contribution: ,0,Area ratio: ,0.722289, Area ratio Contribution: ,0,Perim diff: ,1.09856, Perim diff Contribution: ,0,Frontier diff: ,0, Frontier diff Contribution ,0,Inverse Area ratio: ,0.958028, Inv Area Ratio Contribution: ,0,Inverse Perim ratio: ,1.06674, Inv Perim Contribution: ,0, Final Score: ,-131.096
Point: ,156,40,Repeat score:,1, Repeat contribution: ,-1,Dist:,26.6833, Dist contribution: ,-133.417, New scanned ratio: ,0.0885194, New Scanned Cells Contribution: ,0,Area ratio: ,0.724011, Area ratio Contribution: ,0,Perim diff: ,1.1084, Perim diff Contribution: ,0,Frontier diff: ,0, Frontier diff Contribution ,0,Inverse Area ratio: ,0.957217, Inv Area Ratio Contribution: ,0,Inverse Perim ratio: ,1.0724, Inv Perim Contribution: ,0, Final Score: ,-134.417
Point: ,150,37,Repeat score:,1, Repeat contribution: ,-1,Dist:,25.1478, Dist contribution: ,-125.739, New scanned ratio: ,0.0891934, New Scanned Cells Contribution: ,0,Area ratio: ,0.744734, Area ratio Contribution: ,0,Perim diff: ,1.11828, Perim diff Contribution: ,0,Frontier diff: ,0, Frontier diff Contribution ,0,Inverse Area ratio: ,0.957115, Inv Area Ratio Contribution: ,0,Inverse Perim ratio: ,1.07706, Inv Perim Contribution: ,0, Final Score: ,-126.739
Point: ,145,32,Repeat score:,1, Repeat contribution: ,-1,Dist:,23.0729, Dist contribution: ,-115.365, New scanned ratio: ,0.0827904, New Scanned Cells Contribution: ,0,Area ratio: ,0.780542, Area ratio Contribution: ,0,Perim diff: ,1.08333, Perim diff Contribution: ,0,Frontier diff: ,0, Frontier diff Contribution ,0,Inverse Area ratio: ,0.959897, Inv Area Ratio Contribution: ,0,Inverse Perim ratio: ,1.05555, Inv Perim Contribution: ,0, Final Score: ,-116.365
Point: ,142,26,Repeat score:,1, Repeat contribution: ,-1,Dist:,21.4672, Dist contribution: ,-107.336, New scanned ratio: ,0.0663896, New Scanned Cells Contribution: ,0,Area ratio: ,0.824195, Area ratio Contribution: ,0,Perim diff: ,1.06814, Perim diff Contribution: ,0,Frontier diff: ,0, Frontier diff Contribution ,0,Inverse Area ratio: ,0.961653, Inv Area Ratio Contribution: ,0,Inverse Perim ratio: ,1.04552, Inv Perim Contribution: ,0, Final Score: ,-108.336
Point: ,142,21,Repeat score:,1, Repeat contribution: ,-1,Dist:,20.0422, Dist contribution: ,-100.211, New scanned ratio: ,0.0480791, New Scanned Cells Contribution: ,0,Area ratio: ,0.863719, Area ratio Contribution: ,0,Perim diff: ,1.06106, Perim diff Contribution: ,0,Frontier diff: ,0, Frontier diff Contribution ,0,Inverse Area ratio: ,0.963656, Inv Area Ratio Contribution: ,0,Inverse Perim ratio: ,1.04058, Inv Perim Contribution: ,0, Final Score: ,-101.211
Point: ,141,19,Repeat score:,1, Repeat contribution: ,-1,Dist:,21.0402, Dist contribution: ,-105.201, New scanned ratio: ,0.0434734, New Scanned Cells Contribution: ,0,Area ratio: ,0.876477, Area ratio Contribution: ,0,Perim diff: ,1.05723, Perim diff Contribution: ,0,Frontier diff: ,0, Frontier diff Contribution ,0,Inverse Area ratio: ,0.964156, Inv Area Ratio Contribution: ,0,Inverse Perim ratio: ,1.03816, Inv Perim Contribution: ,0, Final Score: ,-106.201
Point: ,139,18,Repeat score:,1, Repeat contribution: ,-1,Dist:,23.1465, Dist contribution: ,-115.732, New scanned ratio: ,0.0442597, New Scanned Cells Contribution: ,0,Area ratio: ,0.881718, Area ratio Contribution: ,0,Perim diff: ,1.05576, Perim diff Contribution: ,0,Frontier diff: ,0, Frontier diff Contribution ,0,Inverse Area ratio: ,0.96578, Inv Area Ratio Contribution: ,0,Inverse Perim ratio: ,1.03727, Inv Perim Contribution: ,0, Final Score: ,-116.732
Point: ,135,20,Repeat score:,1, Repeat contribution: ,-1,Dist:,27, Dist contribution: ,-135, New scanned ratio: ,0.0588632, New Scanned Cells Contribution: ,0,Area ratio: ,0.878452, Area ratio Contribution: ,0,Perim diff: ,1.05605, Perim diff Contribution: ,0,Frontier diff: ,0, Frontier diff Contribution ,0,Inverse Area ratio: ,0.96448, Inv Area Ratio Contribution: ,0,Inverse Perim ratio: ,1.03768, Inv Perim Contribution: ,0, Final Score: ,-136
Point: ,130,20,Repeat score:,1, Repeat contribution: ,-1,Dist:,32, Dist contribution: ,-160, New scanned ratio: ,0.0667266, New Scanned Cells Contribution: ,0,Area ratio: ,0.880627, Area ratio Contribution: ,0,Perim diff: ,1.05886, Perim diff Contribution: ,0,Frontier diff: ,0, Frontier diff Contribution ,0,Inverse Area ratio: ,0.963525, Inv Area Ratio Contribution: ,0,Inverse Perim ratio: ,1.03932, Inv Perim Contribution: ,0, Final Score: ,-161
Point: ,129,21,Repeat score:,1, Repeat contribution: ,-1,Dist:,33.0256, Dist contribution: ,-165.128, New scanned ratio: ,0.072231, New Scanned Cells Contribution: ,0,Area ratio: ,0.872637, Area ratio Contribution: ,0,Perim diff: ,1.0629, Perim diff Contribution: ,0,Frontier diff: ,0, Frontier diff Contribution ,0,Inverse Area ratio: ,0.962922, Inv Area Ratio Contribution: ,0,Inverse Perim ratio: ,1.04178, Inv Perim Contribution: ,0, Final Score: ,-166.128
Point: ,128,20,Repeat score:,1, Repeat contribution: ,-1,Dist:,34, Dist contribution: ,-170, New scanned ratio: ,0.0694226, New Scanned Cells Contribution: ,0,Area ratio: ,0.88107, Area ratio Contribution: ,0,Perim diff: ,1.06262, Perim diff Contribution: ,0,Frontier diff: ,0, Frontier diff Contribution ,0,Inverse Area ratio: ,0.963224, Inv Area Ratio Contribution: ,0,Inverse Perim ratio: ,1.04178, Inv Perim Contribution: ,0, Final Score: ,-171
Point: ,123,20,Repeat score:,1, Repeat contribution: ,-1,Dist:,39, Dist contribution: ,-195, New scanned ratio: ,0.074253, New Scanned Cells Contribution: ,0,Area ratio: ,0.88036, Area ratio Contribution: ,0,Perim diff: ,1.07306, Perim diff Contribution: ,0,Frontier diff: ,0, Frontier diff Contribution ,0,Inverse Area ratio: ,0.962675, Inv Area Ratio Contribution: ,0,Inverse Perim ratio: ,1.0477, Inv Perim Contribution: ,0, Final Score: ,-196
BEST Point:,142,21, Score: ,-101.211
COUNT COMMAND: 1
Total frontiers: ,103, Prioritised frontiers: ,27
At: ,142,20,
Point: ,176,40,Repeat score:,1, Repeat contribution: ,-1,Dist:,42.8019, Dist contribution: ,-214.009, New scanned ratio: ,0.0717204, New Scanned Cells Contribution: ,0,Area ratio: ,0.75824, Area ratio Contribution: ,0,Perim diff: ,1.08319, Perim diff Contribution: ,0,Frontier diff: ,0, Frontier diff Contribution ,0,Inverse Area ratio: ,0.955828, Inv Area Ratio Contribution: ,0,Inverse Perim ratio: ,1.05781, Inv Perim Contribution: ,0, Final Score: ,-215.009
Point: ,173,38,Repeat score:,1, Repeat contribution: ,-1,Dist:,38.8402, Dist contribution: ,-194.201, New scanned ratio: ,0.0631183, New Scanned Cells Contribution: ,0,Area ratio: ,0.767716, Area ratio Contribution: ,0,Perim diff: ,1.0829, Perim diff Contribution: ,0,Frontier diff: ,0, Frontier diff Contribution ,0,Inverse Area ratio: ,0.956785, Inv Area Ratio Contribution: ,0,Inverse Perim ratio: ,1.05688, Inv Perim Contribution: ,0, Final Score: ,-195.201
Point: ,171,38,Repeat score:,1, Repeat contribution: ,-1,Dist:,37.2634, Dist contribution: ,-186.317, New scanned ratio: ,0.0631183, New Scanned Cells Contribution: ,0,Area ratio: ,0.766364, Area ratio Contribution: ,0,Perim diff: ,1.08285, Perim diff Contribution: ,0,Frontier diff: ,0, Frontier diff Contribution ,0,Inverse Area ratio: ,0.956785, Inv Area Ratio Contribution: ,0,Inverse Perim ratio: ,1.05688, Inv Perim Contribution: ,0, Final Score: ,-187.317
Point: ,168,40,Repeat score:,1, Repeat contribution: ,-1,Dist:,36.7696, Dist contribution: ,-183.848, New scanned ratio: ,0.0717204, New Scanned Cells Contribution: ,0,Area ratio: ,0.753426, Area ratio Contribution: ,0,Perim diff: ,1.08316, Perim diff Contribution: ,0,Frontier diff: ,0, Frontier diff Contribution ,0,Inverse Area ratio: ,0.95584, Inv Area Ratio Contribution: ,0,Inverse Perim ratio: ,1.05791, Inv Perim Contribution: ,0, Final Score: ,-184.848
Point: ,163,40,Repeat score:,1, Repeat contribution: ,-1,Dist:,33.4215, Dist contribution: ,-167.108, New scanned ratio: ,0.0717204, New Scanned Cells Contribution: ,0,Area ratio: ,0.750574, Area ratio Contribution: ,0,Perim diff: ,1.08077, Perim diff Contribution: ,0,Frontier diff: ,0, Frontier diff Contribution ,0,Inverse Area ratio: ,0.95584, Inv Area Ratio Contribution: ,0,Inverse Perim ratio: ,1.05664, Inv Perim Contribution: ,0, Final Score: ,-168.108
Point: ,162,41,Repeat score:,1, Repeat contribution: ,-1,Dist:,33.8421, Dist contribution: ,-169.211, New scanned ratio: ,0.0760215, New Scanned Cells Contribution: ,0,Area ratio: ,0.744602, Area ratio Contribution: ,0,Perim diff: ,1.08274, Perim diff Contribution: ,0,Frontier diff: ,0, Frontier diff Contribution ,0,Inverse Area ratio: ,0.955353, Inv Area Ratio Contribution: ,0,Inverse Perim ratio: ,1.05822, Inv Perim Contribution: ,0, Final Score: ,-170.211
Point: ,161,40,Repeat score:,1, Repeat contribution: ,-1,Dist:,32.2025, Dist contribution: ,-161.012, New scanned ratio: ,0.0717204, New Scanned Cells Contribution: ,0,Area ratio: ,0.74935, Area ratio Contribution: ,0,Perim diff: ,1.0807, Perim diff Contribution: ,0,Frontier diff: ,0, Frontier diff Contribution ,0,Inverse Area ratio: ,0.95584, Inv Area Ratio Contribution: ,0,Inverse Perim ratio: ,1.05664, Inv Perim Contribution: ,0, Final Score: ,-162.012
Point: ,156,40,Repeat score:,1, Repeat contribution: ,-1,Dist:,29.5296, Dist contribution: ,-147.648, New scanned ratio: ,0.0717204, New Scanned Cells Contribution: ,0,Area ratio: ,0.746086, Area ratio Contribution: ,0,Perim diff: ,1.08273, Perim diff Contribution: ,0,Frontier diff: ,0, Frontier diff Contribution ,0,Inverse Area ratio: ,0.955852, Inv Area Ratio Contribution: ,0,Inverse Perim ratio: ,1.05795, Inv Perim Contribution: ,0, Final Score: ,-148.648
Point: ,153,38,Repeat score:,1, Repeat contribution: ,-1,Dist:,25.8565, Dist contribution: ,-129.283, New scanned ratio: ,0.0631183, New Scanned Cells Contribution: ,0,Area ratio: ,0.754167, Area ratio Contribution: ,0,Perim diff: ,1.0825, Perim diff Contribution: ,0,Frontier diff: ,0, Frontier diff Contribution ,0,Inverse Area ratio: ,0.956833, Inv Area Ratio Contribution: ,0,Inverse Perim ratio: ,1.05703, Inv Perim Contribution: ,0, Final Score: ,-130.283
Point: ,151,38,Repeat score:,1, Repeat contribution: ,-1,Dist:,25.0711, Dist contribution: ,-125.355, New scanned ratio: ,0.0631183, New Scanned Cells Contribution: ,0,Area ratio: ,0.752941, Area ratio Contribution: ,0,Perim diff: ,1.08634, Perim diff Contribution: ,0,Frontier diff: ,0, Frontier diff Contribution ,0,Inverse Area ratio: ,0.956791, Inv Area Ratio Contribution: ,0,Inverse Perim ratio: ,1.05941, Inv Perim Contribution: ,0, Final Score: ,-126.355
Point: ,148,40,Repeat score:,1, Repeat contribution: ,-1,Dist:,26.6833, Dist contribution: ,-133.417, New scanned ratio: ,0.0723656, New Scanned Cells Contribution: ,0,Area ratio: ,0.741159, Area ratio Contribution: ,0,Perim diff: ,1.09167, Perim diff Contribution: ,0,Frontier diff: ,0, Frontier diff Contribution ,0,Inverse Area ratio: ,0.95575, Inv Area Ratio Contribution: ,0,Inverse Perim ratio: ,1.0632, Inv Perim Contribution: ,0, Final Score: ,-134.417
Point: ,143,40,Repeat score:,1, Repeat contribution: ,-1,Dist:,26.0192, Dist contribution: ,-130.096, New scanned ratio: ,0.0758065, New Scanned Cells Contribution: ,0,Area ratio: ,0.740259, Area ratio Contribution: ,0,Perim diff: ,1.09762, Perim diff Contribution: ,0,Frontier diff: ,0, Frontier diff Contribution ,0,Inverse Area ratio: ,0.955347, Inv Area Ratio Contribution: ,0,Inverse Perim ratio: ,1.0667, Inv Perim Contribution: ,0, Final Score: ,-131.096
Point: ,142,41,Repeat score:,1, Repeat contribution: ,-1,Dist:,27.3, Dist contribution: ,-136.5, New scanned ratio: ,0.0808602, New Scanned Cells Contribution: ,0,Area ratio: ,0.735276, Area ratio Contribution: ,0,Perim diff: ,1.10071, Perim diff Contribution: ,0,Frontier diff: ,0, Frontier diff Contribution ,0,Inverse Area ratio: ,0.954769, Inv Area Ratio Contribution: ,0,Inverse Perim ratio: ,1.06895, Inv Perim Contribution: ,0, Final Score: ,-137.5
Point: ,141,40,Repeat score:,1, Repeat contribution: ,-1,Dist:,26.0192, Dist contribution: ,-130.096, New scanned ratio: ,0.077957, New Scanned Cells Contribution: ,0,Area ratio: ,0.740466, Area ratio Contribution: ,0,Perim diff: ,1.10022, Perim diff Contribution: ,0,Frontier diff: ,0, Frontier diff Contribution ,0,Inverse Area ratio: ,0.9551, Inv Area Ratio Contribution: ,0,Inverse Perim ratio: ,1.06828, Inv Perim Contribution: ,0, Final Score: ,-131.096
Point: ,136,40,Repeat score:,1, Repeat contribution: ,-1,Dist:,26.6833, Dist contribution: ,-133.417, New scanned ratio: ,0.0847312, New Scanned Cells Contribution: ,0,Area ratio: ,0.742084, Area ratio Contribution: ,0,Perim diff: ,1.10992, Perim diff Contribution: ,0,Frontier diff: ,0, Frontier diff Contribution ,0,Inverse Area ratio: ,0.954288, Inv Area Ratio Contribution: ,0,Inverse Perim ratio: ,1.07394, Inv Perim Contribution: ,0, Final Score: ,-134.417
Point: ,130,37,Repeat score:,1, Repeat contribution: ,-1,Dist:,25.1478, Dist contribution: ,-125.739, New scanned ratio: ,0.0854839, New Scanned Cells Contribution: ,0,Area ratio: ,0.763026, Area ratio Contribution: ,0,Perim diff: ,1.11765, Perim diff Contribution: ,0,Frontier diff: ,0, Frontier diff Contribution ,0,Inverse Area ratio: ,0.954179, Inv Area Ratio Contribution: ,0,Inverse Perim ratio: ,1.07737, Inv Perim Contribution: ,0, Final Score: ,-126.739
Point: ,125,32,Repeat score:,1, Repeat contribution: ,-1,Dist:,23.0729, Dist contribution: ,-115.365, New scanned ratio: ,0.0792473, New Scanned Cells Contribution: ,0,Area ratio: ,0.799071, Area ratio Contribution: ,0,Perim diff: ,1.08251, Perim diff Contribution: ,0,Frontier diff: ,0, Frontier diff Contribution ,0,Inverse Area ratio: ,0.956979, Inv Area Ratio Contribution: ,0,Inverse Perim ratio: ,1.0557, Inv Perim Contribution: ,0, Final Score: ,-116.365
Point: ,122,26,Repeat score:,1, Repeat contribution: ,-1,Dist:,21.4672, Dist contribution: ,-107.336, New scanned ratio: ,0.0635484, New Scanned Cells Contribution: ,0,Area ratio: ,0.843146, Area ratio Contribution: ,0,Perim diff: ,1.06976, Perim diff Contribution: ,0,Frontier diff: ,0, Frontier diff Contribution ,0,Inverse Area ratio: ,0.958732, Inv Area Ratio Contribution: ,0,Inverse Perim ratio: ,1.0469, Inv Perim Contribution: ,0, Final Score: ,-108.336
Point: ,122,21,Repeat score:,1, Repeat contribution: ,-1,Dist:,20.0422, Dist contribution: ,-100.211, New scanned ratio: ,0.046129, New Scanned Cells Contribution: ,0,Area ratio: ,0.883316, Area ratio Contribution: ,0,Perim diff: ,1.0611, Perim diff Contribution: ,0,Frontier diff: ,0, Frontier diff Contribution ,0,Inverse Area ratio: ,0.960728, Inv Area Ratio Contribution: ,0,Inverse Perim ratio: ,1.04088, Inv Perim Contribution: ,0, Final Score: ,-101.211
Point: ,121,20,Repeat score:,1, Repeat contribution: ,-1,Dist:,21, Dist contribution: ,-105, New scanned ratio: ,0.0449462, New Scanned Cells Contribution: ,0,Area ratio: ,0.893052, Area ratio Contribution: ,0,Perim diff: ,1.0604, Perim diff Contribution: ,0,Frontier diff: ,0, Frontier diff Contribution ,0,Inverse Area ratio: ,0.96086, Inv Area Ratio Contribution: ,0,Inverse Perim ratio: ,1.04032, Inv Perim Contribution: ,0, Final Score: ,-106
Point: ,122,19,Repeat score:,1, Repeat contribution: ,-1,Dist:,20.0422, Dist contribution: ,-100.211, New scanned ratio: ,0.0397849, New Scanned Cells Contribution: ,0,Area ratio: ,0.895387, Area ratio Contribution: ,0,Perim diff: ,1.05723, Perim diff Contribution: ,0,Frontier diff: ,0, Frontier diff Contribution ,0,Inverse Area ratio: ,0.961463, Inv Area Ratio Contribution: ,0,Inverse Perim ratio: ,1.03842, Inv Perim Contribution: ,0, Final Score: ,-101.211
Point: ,120,18,Repeat score:,1, Repeat contribution: ,-1,Dist:,22.1531, Dist contribution: ,-110.766, New scanned ratio: ,0.0406452, New Scanned Cells Contribution: ,0,Area ratio: ,0.900197, Area ratio Contribution: ,0,Perim diff: ,1.05579, Perim diff Contribution: ,0,Frontier diff: ,0, Frontier diff Contribution ,0,Inverse Area ratio: ,0.963185, Inv Area Ratio Contribution: ,0,Inverse Perim ratio: ,1.03752, Inv Perim Contribution: ,0, Final Score: ,-111.766
Point: ,116,20,Repeat score:,1, Repeat contribution: ,-1,Dist:,26, Dist contribution: ,-130, New scanned ratio: ,0.0546237, New Scanned Cells Contribution: ,0,Area ratio: ,0.896915, Area ratio Contribution: ,0,Perim diff: ,1.05594, Perim diff Contribution: ,0,Frontier diff: ,0, Frontier diff Contribution ,0,Inverse Area ratio: ,0.961783, Inv Area Ratio Contribution: ,0,Inverse Perim ratio: ,1.03791, Inv Perim Contribution: ,0, Final Score: ,-131
Point: ,111,20,Repeat score:,1, Repeat contribution: ,-1,Dist:,31, Dist contribution: ,-155, New scanned ratio: ,0.0624731, New Scanned Cells Contribution: ,0,Area ratio: ,0.899422, Area ratio Contribution: ,0,Perim diff: ,1.05724, Perim diff Contribution: ,0,Frontier diff: ,0, Frontier diff Contribution ,0,Inverse Area ratio: ,0.960766, Inv Area Ratio Contribution: ,0,Inverse Perim ratio: ,1.03874, Inv Perim Contribution: ,0, Final Score: ,-156
Point: ,110,21,Repeat score:,1, Repeat contribution: ,-1,Dist:,32.0264, Dist contribution: ,-160.132, New scanned ratio: ,0.0677419, New Scanned Cells Contribution: ,0,Area ratio: ,0.891324, Area ratio Contribution: ,0,Perim diff: ,1.06121, Perim diff Contribution: ,0,Frontier diff: ,0, Frontier diff Contribution ,0,Inverse Area ratio: ,0.96026, Inv Area Ratio Contribution: ,0,Inverse Perim ratio: ,1.04119, Inv Perim Contribution: ,0, Final Score: ,-161.132
Point: ,109,20,Repeat score:,1, Repeat contribution: ,-1,Dist:,33, Dist contribution: ,-165, New scanned ratio: ,0.0652688, New Scanned Cells Contribution: ,0,Area ratio: ,0.900005, Area ratio Contribution: ,0,Perim diff: ,1.05844, Perim diff Contribution: ,0,Frontier diff: ,0, Frontier diff Contribution ,0,Inverse Area ratio: ,0.960452, Inv Area Ratio Contribution: ,0,Inverse Perim ratio: ,1.03946, Inv Perim Contribution: ,0, Final Score: ,-166
Point: ,104,20,Repeat score:,1, Repeat contribution: ,-1,Dist:,38, Dist contribution: ,-190, New scanned ratio: ,0.0703226, New Scanned Cells Contribution: ,0,Area ratio: ,0.899678, Area ratio Contribution: ,0,Perim diff: ,1.07277, Perim diff Contribution: ,0,Frontier diff: ,0, Frontier diff Contribution ,0,Inverse Area ratio: ,0.959842, Inv Area Ratio Contribution: ,0,Inverse Perim ratio: ,1.04783, Inv Perim Contribution: ,0, Final Score: ,-191
BEST Point:,122,21, Score: ,-101.211
COUNT COMMAND: 1
Total frontiers: ,104, Prioritised frontiers: ,27
At: ,122,20,
Point: ,156,40,Repeat score:,1, Repeat contribution: ,-1,Dist:,42.8019, Dist contribution: ,-214.009, New scanned ratio: ,0.06877, New Scanned Cells Contribution: ,0,Area ratio: ,0.776936, Area ratio Contribution: ,0,Perim diff: ,1.08311, Perim diff Contribution: ,0,Frontier diff: ,0, Frontier diff Contribution ,0,Inverse Area ratio: ,0.952884, Inv Area Ratio Contribution: ,0,Inverse Perim ratio: ,1.05811, Inv Perim Contribution: ,0, Final Score: ,-215.009
Point: ,153,38,Repeat score:,1, Repeat contribution: ,-1,Dist:,38.8402, Dist contribution: ,-194.201, New scanned ratio: ,0.0605217, New Scanned Cells Contribution: ,0,Area ratio: ,0.785773, Area ratio Contribution: ,0,Perim diff: ,1.08278, Perim diff Contribution: ,0,Frontier diff: ,0, Frontier diff Contribution ,0,Inverse Area ratio: ,0.953843, Inv Area Ratio Contribution: ,0,Inverse Perim ratio: ,1.05718, Inv Perim Contribution: ,0, Final Score: ,-195.201
Point: ,151,38,Repeat score:,1, Repeat contribution: ,-1,Dist:,37.2634, Dist contribution: ,-186.317, New scanned ratio: ,0.0605217, New Scanned Cells Contribution: ,0,Area ratio: ,0.784413, Area ratio Contribution: ,0,Perim diff: ,1.08269, Perim diff Contribution: ,0,Frontier diff: ,0, Frontier diff Contribution ,0,Inverse Area ratio: ,0.953843, Inv Area Ratio Contribution: ,0,Inverse Perim ratio: ,1.05718, Inv Perim Contribution: ,0, Final Score: ,-187.317
Point: ,148,40,Repeat score:,1, Repeat contribution: ,-1,Dist:,36.7696, Dist contribution: ,-183.848, New scanned ratio: ,0.06877, New Scanned Cells Contribution: ,0,Area ratio: ,0.771608, Area ratio Contribution: ,0,Perim diff: ,1.0829, Perim diff Contribution: ,0,Frontier diff: ,0, Frontier diff Contribution ,0,Inverse Area ratio: ,0.952896, Inv Area Ratio Contribution: ,0,Inverse Perim ratio: ,1.05821, Inv Perim Contribution: ,0, Final Score: ,-184.848
Point: ,143,40,Repeat score:,1, Repeat contribution: ,-1,Dist:,33.4215, Dist contribution: ,-167.108, New scanned ratio: ,0.06877, New Scanned Cells Contribution: ,0,Area ratio: ,0.76844, Area ratio Contribution: ,0,Perim diff: ,1.0804, Perim diff Contribution: ,0,Frontier diff: ,0, Frontier diff Contribution ,0,Inverse Area ratio: ,0.952896, Inv Area Ratio Contribution: ,0,Inverse Perim ratio: ,1.05694, Inv Perim Contribution: ,0, Final Score: ,-168.108
Point: ,142,41,Repeat score:,1, Repeat contribution: ,-1,Dist:,33.8421, Dist contribution: ,-169.211, New scanned ratio: ,0.0728941, New Scanned Cells Contribution: ,0,Area ratio: ,0.762645, Area ratio Contribution: ,0,Perim diff: ,1.08231, Perim diff Contribution: ,0,Frontier diff: ,0, Frontier diff Contribution ,0,Inverse Area ratio: ,0.952408, Inv Area Ratio Contribution: ,0,Inverse Perim ratio: ,1.05853, Inv Perim Contribution: ,0, Final Score: ,-170.211
Point: ,141,40,Repeat score:,1, Repeat contribution: ,-1,Dist:,32.2025, Dist contribution: ,-161.012, New scanned ratio: ,0.06877, New Scanned Cells Contribution: ,0,Area ratio: ,0.767149, Area ratio Contribution: ,0,Perim diff: ,1.08028, Perim diff Contribution: ,0,Frontier diff: ,0, Frontier diff Contribution ,0,Inverse Area ratio: ,0.952896, Inv Area Ratio Contribution: ,0,Inverse Perim ratio: ,1.05694, Inv Perim Contribution: ,0, Final Score: ,-162.012
Point: ,136,40,Repeat score:,1, Repeat contribution: ,-1,Dist:,29.5296, Dist contribution: ,-147.648, New scanned ratio: ,0.06877, New Scanned Cells Contribution: ,0,Area ratio: ,0.763865, Area ratio Contribution: ,0,Perim diff: ,1.08218, Perim diff Contribution: ,0,Frontier diff: ,0, Frontier diff Contribution ,0,Inverse Area ratio: ,0.952908, Inv Area Ratio Contribution: ,0,Inverse Perim ratio: ,1.05825, Inv Perim Contribution: ,0, Final Score: ,-148.648
Point: ,133,38,Repeat score:,1, Repeat contribution: ,-1,Dist:,25.8565, Dist contribution: ,-129.283, New scanned ratio: ,0.0605217, New Scanned Cells Contribution: ,0,Area ratio: ,0.772148, Area ratio Contribution: ,0,Perim diff: ,1.08194, Perim diff Contribution: ,0,Frontier diff: ,0, Frontier diff Contribution ,0,Inverse Area ratio: ,0.953891, Inv Area Ratio Contribution: ,0,Inverse Perim ratio: ,1.05733, Inv Perim Contribution: ,0, Final Score: ,-130.283
Point: ,131,38,Repeat score:,1, Repeat contribution: ,-1,Dist:,25.0711, Dist contribution: ,-125.355, New scanned ratio: ,0.0605217, New Scanned Cells Contribution: ,0,Area ratio: ,0.770911, Area ratio Contribution: ,0,Perim diff: ,1.08573, Perim diff Contribution: ,0,Frontier diff: ,0, Frontier diff Contribution ,0,Inverse Area ratio: ,0.953849, Inv Area Ratio Contribution: ,0,Inverse Perim ratio: ,1.05971, Inv Perim Contribution: ,0, Final Score: ,-126.355
Point: ,128,40,Repeat score:,1, Repeat contribution: ,-1,Dist:,26.6833, Dist contribution: ,-133.417, New scanned ratio: ,0.0693886, New Scanned Cells Contribution: ,0,Area ratio: ,0.758902, Area ratio Contribution: ,0,Perim diff: ,1.09089, Perim diff Contribution: ,0,Frontier diff: ,0, Frontier diff Contribution ,0,Inverse Area ratio: ,0.952806, Inv Area Ratio Contribution: ,0,Inverse Perim ratio: ,1.0635, Inv Perim Contribution: ,0, Final Score: ,-134.417
Point: ,123,40,Repeat score:,1, Repeat contribution: ,-1,Dist:,26.0192, Dist contribution: ,-130.096, New scanned ratio: ,0.0726879, New Scanned Cells Contribution: ,0,Area ratio: ,0.757944, Area ratio Contribution: ,0,Perim diff: ,1.09668, Perim diff Contribution: ,0,Frontier diff: ,0, Frontier diff Contribution ,0,Inverse Area ratio: ,0.952402, Inv Area Ratio Contribution: ,0,Inverse Perim ratio: ,1.067, Inv Perim Contribution: ,0, Final Score: ,-131.096
Point: ,122,41,Repeat score:,1, Repeat contribution: ,-1,Dist:,27.3, Dist contribution: ,-136.5, New scanned ratio: ,0.0775338, New Scanned Cells Contribution: ,0,Area ratio: ,0.752845, Area ratio Contribution: ,0,Perim diff: ,1.09968, Perim diff Contribution: ,0,Frontier diff: ,0, Frontier diff Contribution ,0,Inverse Area ratio: ,0.951823, Inv Area Ratio Contribution: ,0,Inverse Perim ratio: ,1.06926, Inv Perim Contribution: ,0, Final Score: ,-137.5
Point: ,121,40,Repeat score:,1, Repeat contribution: ,-1,Dist:,26.0192, Dist contribution: ,-130.096, New scanned ratio: ,0.07475, New Scanned Cells Contribution: ,0,Area ratio: ,0.758118, Area ratio Contribution: ,0,Perim diff: ,1.09921, Perim diff Contribution: ,0,Frontier diff: ,0, Frontier diff Contribution ,0,Inverse Area ratio: ,0.952155, Inv Area Ratio Contribution: ,0,Inverse Perim ratio: ,1.06858, Inv Perim Contribution: ,0, Final Score: ,-131.096
Point: ,116,40,Repeat score:,1, Repeat contribution: ,-1,Dist:,26.6833, Dist contribution: ,-133.417, New scanned ratio: ,0.0812455, New Scanned Cells Contribution: ,0,Area ratio: ,0.759637, Area ratio Contribution: ,0,Perim diff: ,1.10872, Perim diff Contribution: ,0,Frontier diff: ,0, Frontier diff Contribution ,0,Inverse Area ratio: ,0.951341, Inv Area Ratio Contribution: ,0,Inverse Perim ratio: ,1.07425, Inv Perim Contribution: ,0, Final Score: ,-134.417
Point: ,110,37,Repeat score:,1, Repeat contribution: ,-1,Dist:,25.1478, Dist contribution: ,-125.739, New scanned ratio: ,0.0819672, New Scanned Cells Contribution: ,0,Area ratio: ,0.7807, Area ratio Contribution: ,0,Perim diff: ,1.11671, Perim diff Contribution: ,0,Frontier diff: ,0, Frontier diff Contribution ,0,Inverse Area ratio: ,0.951232, Inv Area Ratio Contribution: ,0,Inverse Perim ratio: ,1.07803, Inv Perim Contribution: ,0, Final Score: ,-126.739
Point: ,105,32,Repeat score:,1, Repeat contribution: ,-1,Dist:,23.0729, Dist contribution: ,-115.365, New scanned ratio: ,0.0758841, New Scanned Cells Contribution: ,0,Area ratio: ,0.816941, Area ratio Contribution: ,0,Perim diff: ,1.08121, Perim diff Contribution: ,0,Frontier diff: ,0, Frontier diff Contribution ,0,Inverse Area ratio: ,0.95405, Inv Area Ratio Contribution: ,0,Inverse Perim ratio: ,1.05583, Inv Perim Contribution: ,0, Final Score: ,-116.365
Point: ,102,26,Repeat score:,1, Repeat contribution: ,-1,Dist:,21.4672, Dist contribution: ,-107.336, New scanned ratio: ,0.0609341, New Scanned Cells Contribution: ,0,Area ratio: ,0.861506, Area ratio Contribution: ,0,Perim diff: ,1.0692, Perim diff Contribution: ,0,Frontier diff: ,0, Frontier diff Contribution ,0,Inverse Area ratio: ,0.955788, Inv Area Ratio Contribution: ,0,Inverse Perim ratio: ,1.04718, Inv Perim Contribution: ,0, Final Score: ,-108.336
Point: ,102,21,Repeat score:,1, Repeat contribution: ,-1,Dist:,20.0422, Dist contribution: ,-100.211, New scanned ratio: ,0.0442314, New Scanned Cells Contribution: ,0,Area ratio: ,0.901949, Area ratio Contribution: ,0,Perim diff: ,1.06173, Perim diff Contribution: ,0,Frontier diff: ,0, Frontier diff Contribution ,0,Inverse Area ratio: ,0.957794, Inv Area Ratio Contribution: ,0,Inverse Perim ratio: ,1.04167, Inv Perim Contribution: ,0, Final Score: ,-101.211
Point: ,101,20,Repeat score:,1, Repeat contribution: ,-1,Dist:,21, Dist contribution: ,-105, New scanned ratio: ,0.0432003, New Scanned Cells Contribution: ,0,Area ratio: ,0.911802, Area ratio Contribution: ,0,Perim diff: ,1.06011, Perim diff Contribution: ,0,Frontier diff: ,0, Frontier diff Contribution ,0,Inverse Area ratio: ,0.958025, Inv Area Ratio Contribution: ,0,Inverse Perim ratio: ,1.04057, Inv Perim Contribution: ,0, Final Score: ,-106
Point: ,102,19,Repeat score:,1, Repeat contribution: ,-1,Dist:,20.0422, Dist contribution: ,-100.211, New scanned ratio: ,0.0381483, New Scanned Cells Contribution: ,0,Area ratio: ,0.913326, Area ratio Contribution: ,0,Perim diff: ,1.05935, Perim diff Contribution: ,0,Frontier diff: ,0, Frontier diff Contribution ,0,Inverse Area ratio: ,0.958519, Inv Area Ratio Contribution: ,0,Inverse Perim ratio: ,1.03994, Inv Perim Contribution: ,0, Final Score: ,-101.211
Point: ,101,18,Repeat score:,1, Repeat contribution: ,-1,Dist:,21.1603, Dist contribution: ,-105.802, New scanned ratio: ,0.0372203, New Scanned Cells Contribution: ,0,Area ratio: ,0.916647, Area ratio Contribution: ,0,Perim diff: ,1.05479, Perim diff Contribution: ,0,Frontier diff: ,0, Frontier diff Contribution ,0,Inverse Area ratio: ,0.9598, Inv Area Ratio Contribution: ,0,Inverse Perim ratio: ,1.03727, Inv Perim Contribution: ,0, Final Score: ,-106.802
Point: ,97,20,Repeat score:,1, Repeat contribution: ,-1,Dist:,25, Dist contribution: ,-125, New scanned ratio: ,0.0506238, New Scanned Cells Contribution: ,0,Area ratio: ,0.914848, Area ratio Contribution: ,0,Perim diff: ,1.05471, Perim diff Contribution: ,0,Frontier diff: ,0, Frontier diff Contribution ,0,Inverse Area ratio: ,0.958227, Inv Area Ratio Contribution: ,0,Inverse Perim ratio: ,1.03763, Inv Perim Contribution: ,0, Final Score: ,-126
Point: ,92,20,Repeat score:,1, Repeat contribution: ,-1,Dist:,30, Dist contribution: ,-150, New scanned ratio: ,0.0583565, New Scanned Cells Contribution: ,0,Area ratio: ,0.9174, Area ratio Contribution: ,0,Perim diff: ,1.05664, Perim diff Contribution: ,0,Frontier diff: ,0, Frontier diff Contribution ,0,Inverse Area ratio: ,0.957284, Inv Area Ratio Contribution: ,0,Inverse Perim ratio: ,1.03886, Inv Perim Contribution: ,0, Final Score: ,-151
Point: ,91,21,Repeat score:,1, Repeat contribution: ,-1,Dist:,31.0272, Dist contribution: ,-155.136, New scanned ratio: ,0.0634086, New Scanned Cells Contribution: ,0,Area ratio: ,0.909211, Area ratio Contribution: ,0,Perim diff: ,1.06051, Perim diff Contribution: ,0,Frontier diff: ,0, Frontier diff Contribution ,0,Inverse Area ratio: ,0.956679, Inv Area Ratio Contribution: ,0,Inverse Perim ratio: ,1.04131, Inv Perim Contribution: ,0, Final Score: ,-156.136
Point: ,90,20,Repeat score:,1, Repeat contribution: ,-1,Dist:,32, Dist contribution: ,-160, New scanned ratio: ,0.0611403, New Scanned Cells Contribution: ,0,Area ratio: ,0.918028, Area ratio Contribution: ,0,Perim diff: ,1.05781, Perim diff Contribution: ,0,Frontier diff: ,0, Frontier diff Contribution ,0,Inverse Area ratio: ,0.956957, Inv Area Ratio Contribution: ,0,Inverse Perim ratio: ,1.03958, Inv Perim Contribution: ,0, Final Score: ,-161
Point: ,85,20,Repeat score:,1, Repeat contribution: ,-1,Dist:,37, Dist contribution: ,-185, New scanned ratio: ,0.0666048, New Scanned Cells Contribution: ,0,Area ratio: ,0.91812, Area ratio Contribution: ,0,Perim diff: ,1.06809, Perim diff Contribution: ,0,Frontier diff: ,0, Frontier diff Contribution ,0,Inverse Area ratio: ,0.956286, Inv Area Ratio Contribution: ,0,Inverse Perim ratio: ,1.04583, Inv Perim Contribution: ,0, Final Score: ,-186
BEST Point:,102,21, Score: ,-101.211
COUNT COMMAND: 1
Total frontiers: ,104, Prioritised frontiers: ,27
At: ,102,20,
Point: ,136,40,Repeat score:,1, Repeat contribution: ,-1,Dist:,42.8019, Dist contribution: ,-214.009, New scanned ratio: ,0.0660527, New Scanned Cells Contribution: ,0,Area ratio: ,0.794199, Area ratio Contribution: ,0,Perim diff: ,1.08284, Perim diff Contribution: ,0,Frontier diff: ,0, Frontier diff Contribution ,0,Inverse Area ratio: ,0.949923, Inv Area Ratio Contribution: ,0,Inverse Perim ratio: ,1.0586, Inv Perim Contribution: ,0, Final Score: ,-215.009
Point: ,133,38,Repeat score:,1, Repeat contribution: ,-1,Dist:,38.8402, Dist contribution: ,-194.201, New scanned ratio: ,0.0581303, New Scanned Cells Contribution: ,0,Area ratio: ,0.803215, Area ratio Contribution: ,0,Perim diff: ,1.0825, Perim diff Contribution: ,0,Frontier diff: ,0, Frontier diff Contribution ,0,Inverse Area ratio: ,0.950883, Inv Area Ratio Contribution: ,0,Inverse Perim ratio: ,1.05766, Inv Perim Contribution: ,0, Final Score: ,-195.201
Point: ,131,38,Repeat score:,1, Repeat contribution: ,-1,Dist:,37.2634, Dist contribution: ,-186.317, New scanned ratio: ,0.0581303, New Scanned Cells Contribution: ,0,Area ratio: ,0.801848, Area ratio Contribution: ,0,Perim diff: ,1.08236, Perim diff Contribution: ,0,Frontier diff: ,0, Frontier diff Contribution ,0,Inverse Area ratio: ,0.950883, Inv Area Ratio Contribution: ,0,Inverse Perim ratio: ,1.05766, Inv Perim Contribution: ,0, Final Score: ,-187.317
Point: ,128,40,Repeat score:,1, Repeat contribution: ,-1,Dist:,36.7696, Dist contribution: ,-183.848, New scanned ratio: ,0.0660527, New Scanned Cells Contribution: ,0,Area ratio: ,0.788846, Area ratio Contribution: ,0,Perim diff: ,1.08241, Perim diff Contribution: ,0,Frontier diff: ,0, Frontier diff Contribution ,0,Inverse Area ratio: ,0.949935, Inv Area Ratio Contribution: ,0,Inverse Perim ratio: ,1.0587, Inv Perim Contribution: ,0, Final Score: ,-184.848
Point: ,123,40,Repeat score:,1, Repeat contribution: ,-1,Dist:,33.4215, Dist contribution: ,-167.108, New scanned ratio: ,0.0660527, New Scanned Cells Contribution: ,0,Area ratio: ,0.785658, Area ratio Contribution: ,0,Perim diff: ,1.07976, Perim diff Contribution: ,0,Frontier diff: ,0, Frontier diff Contribution ,0,Inverse Area ratio: ,0.949935, Inv Area Ratio Contribution: ,0,Inverse Perim ratio: ,1.05743, Inv Perim Contribution: ,0, Final Score: ,-168.108
Point: ,122,41,Repeat score:,1, Repeat contribution: ,-1,Dist:,33.8421, Dist contribution: ,-169.211, New scanned ratio: ,0.0700139, New Scanned Cells Contribution: ,0,Area ratio: ,0.779765, Area ratio Contribution: ,0,Perim diff: ,1.08159, Perim diff Contribution: ,0,Frontier diff: ,0, Frontier diff Contribution ,0,Inverse Area ratio: ,0.949446, Inv Area Ratio Contribution: ,0,Inverse Perim ratio: ,1.05901, Inv Perim Contribution: ,0, Final Score: ,-170.211
Point: ,121,40,Repeat score:,1, Repeat contribution: ,-1,Dist:,32.2025, Dist contribution: ,-161.012, New scanned ratio: ,0.0660527, New Scanned Cells Contribution: ,0,Area ratio: ,0.78436, Area ratio Contribution: ,0,Perim diff: ,1.07958, Perim diff Contribution: ,0,Frontier diff: ,0, Frontier diff Contribution ,0,Inverse Area ratio: ,0.949935, Inv Area Ratio Contribution: ,0,Inverse Perim ratio: ,1.05743, Inv Perim Contribution: ,0, Final Score: ,-162.012
Point: ,116,40,Repeat score:,1, Repeat contribution: ,-1,Dist:,29.5296, Dist contribution: ,-147.648, New scanned ratio: ,0.0660527, New Scanned Cells Contribution: ,0,Area ratio: ,0.78106, Area ratio Contribution: ,0,Perim diff: ,1.08131, Perim diff Contribution: ,0,Frontier diff: ,0, Frontier diff Contribution ,0,Inverse Area ratio: ,0.949947, Inv Area Ratio Contribution: ,0,Inverse Perim ratio: ,1.05874, Inv Perim Contribution: ,0, Final Score: ,-148.648
Point: ,113,38,Repeat score:,1, Repeat contribution: ,-1,Dist:,25.8565, Dist contribution: ,-129.283, New scanned ratio: ,0.0581303, New Scanned Cells Contribution: ,0,Area ratio: ,0.789526, Area ratio Contribution: ,0,Perim diff: ,1.08109, Perim diff Contribution: ,0,Frontier diff: ,0, Frontier diff Contribution ,0,Inverse Area ratio: ,0.950932, Inv Area Ratio Contribution: ,0,Inverse Perim ratio: ,1.05782, Inv Perim Contribution: ,0, Final Score: ,-130.283
Point: ,111,38,Repeat score:,1, Repeat contribution: ,-1,Dist:,25.0711, Dist contribution: ,-125.355, New scanned ratio: ,0.0581303, New Scanned Cells Contribution: ,0,Area ratio: ,0.788281, Area ratio Contribution: ,0,Perim diff: ,1.0848, Perim diff Contribution: ,0,Frontier diff: ,0, Frontier diff Contribution ,0,Inverse Area ratio: ,0.950889, Inv Area Ratio Contribution: ,0,Inverse Perim ratio: ,1.0602, Inv Perim Contribution: ,0, Final Score: ,-126.355
Point: ,108,40,Repeat score:,1, Repeat contribution: ,-1,Dist:,26.6833, Dist contribution: ,-133.417, New scanned ratio: ,0.0666469, New Scanned Cells Contribution: ,0,Area ratio: ,0.776065, Area ratio Contribution: ,0,Perim diff: ,1.08968, Perim diff Contribution: ,0,Frontier diff: ,0, Frontier diff Contribution ,0,Inverse Area ratio: ,0.949844, Inv Area Ratio Contribution: ,0,Inverse Perim ratio: ,1.06399, Inv Perim Contribution: ,0, Final Score: ,-134.417
Point: ,103,40,Repeat score:,1, Repeat contribution: ,-1,Dist:,26.0192, Dist contribution: ,-130.096, New scanned ratio: ,0.0698158, New Scanned Cells Contribution: ,0,Area ratio: ,0.775053, Area ratio Contribution: ,0,Perim diff: ,1.09524, Perim diff Contribution: ,0,Frontier diff: ,0, Frontier diff Contribution ,0,Inverse Area ratio: ,0.94944, Inv Area Ratio Contribution: ,0,Inverse Perim ratio: ,1.06749, Inv Perim Contribution: ,0, Final Score: ,-131.096
Point: ,102,41,Repeat score:,1, Repeat contribution: ,-1,Dist:,27.3, Dist contribution: ,-136.5, New scanned ratio: ,0.0744702, New Scanned Cells Contribution: ,0,Area ratio: ,0.769847, Area ratio Contribution: ,0,Perim diff: ,1.09809, Perim diff Contribution: ,0,Frontier diff: ,0, Frontier diff Contribution ,0,Inverse Area ratio: ,0.94886, Inv Area Ratio Contribution: ,0,Inverse Perim ratio: ,1.06974, Inv Perim Contribution: ,0, Final Score: ,-137.5
Point: ,101,40,Repeat score:,1, Repeat contribution: ,-1,Dist:,26.0192, Dist contribution: ,-130.096, New scanned ratio: ,0.0717964, New Scanned Cells Contribution: ,0,Area ratio: ,0.775197, Area ratio Contribution: ,0,Perim diff: ,1.09766, Perim diff Contribution: ,0,Frontier diff: ,0, Frontier diff Contribution ,0,Inverse Area ratio: ,0.949192, Inv Area Ratio Contribution: ,0,Inverse Perim ratio: ,1.06907, Inv Perim Contribution: ,0, Final Score: ,-131.096
Point: ,96,40,Repeat score:,1, Repeat contribution: ,-1,Dist:,26.6833, Dist contribution: ,-133.417, New scanned ratio: ,0.0780353, New Scanned Cells Contribution: ,0,Area ratio: ,0.776621, Area ratio Contribution: ,0,Perim diff: ,1.10688, Perim diff Contribution: ,0,Frontier diff: ,0, Frontier diff Contribution ,0,Inverse Area ratio: ,0.948377, Inv Area Ratio Contribution: ,0,Inverse Perim ratio: ,1.07473, Inv Perim Contribution: ,0, Final Score: ,-134.417
Point: ,90,37,Repeat score:,1, Repeat contribution: ,-1,Dist:,25.1478, Dist contribution: ,-125.739, New scanned ratio: ,0.0787285, New Scanned Cells Contribution: ,0,Area ratio: ,0.797636, Area ratio Contribution: ,0,Perim diff: ,1.11679, Perim diff Contribution: ,0,Frontier diff: ,0, Frontier diff Contribution ,0,Inverse Area ratio: ,0.948262, Inv Area Ratio Contribution: ,0,Inverse Perim ratio: ,1.0793, Inv Perim Contribution: ,0, Final Score: ,-126.739
Point: ,85,32,Repeat score:,1, Repeat contribution: ,-1,Dist:,23.0729, Dist contribution: ,-115.365, New scanned ratio: ,0.0727867, New Scanned Cells Contribution: ,0,Area ratio: ,0.834187, Area ratio Contribution: ,0,Perim diff: ,1.07909, Perim diff Contribution: ,0,Frontier diff: ,0, Frontier diff Contribution ,0,Inverse Area ratio: ,0.950292, Inv Area Ratio Contribution: ,0,Inverse Perim ratio: ,1.05595, Inv Perim Contribution: ,0, Final Score: ,-116.365
Point: ,82,26,Repeat score:,1, Repeat contribution: ,-1,Dist:,21.4672, Dist contribution: ,-107.336, New scanned ratio: ,0.0585264, New Scanned Cells Contribution: ,0,Area ratio: ,0.879181, Area ratio Contribution: ,0,Perim diff: ,1.06829, Perim diff Contribution: ,0,Frontier diff: ,0, Frontier diff Contribution ,0,Inverse Area ratio: ,0.952107, Inv Area Ratio Contribution: ,0,Inverse Perim ratio: ,1.04766, Inv Perim Contribution: ,0, Final Score: ,-108.336
Point: ,82,21,Repeat score:,1, Repeat contribution: ,-1,Dist:,20.0422, Dist contribution: ,-100.211, New scanned ratio: ,0.0425827, New Scanned Cells Contribution: ,0,Area ratio: ,0.919933, Area ratio Contribution: ,0,Perim diff: ,1.06097, Perim diff Contribution: ,0,Frontier diff: ,0, Frontier diff Contribution ,0,Inverse Area ratio: ,0.954127, Inv Area Ratio Contribution: ,0,Inverse Perim ratio: ,1.04191, Inv Perim Contribution: ,0, Final Score: ,-101.211
Point: ,81,20,Repeat score:,1, Repeat contribution: ,-1,Dist:,21, Dist contribution: ,-105, New scanned ratio: ,0.0415924, New Scanned Cells Contribution: ,0,Area ratio: ,0.929936, Area ratio Contribution: ,0,Perim diff: ,1.05739, Perim diff Contribution: ,0,Frontier diff: ,0, Frontier diff Contribution ,0,Inverse Area ratio: ,0.954254, Inv Area Ratio Contribution: ,0,Inverse Perim ratio: ,1.03966, Inv Perim Contribution: ,0, Final Score: ,-106
Point: ,82,18,Repeat score:,1, Repeat contribution: ,-1,Dist:,20.1683, Dist contribution: ,-100.841, New scanned ratio: ,0.0339671, New Scanned Cells Contribution: ,0,Area ratio: ,0.932311, Area ratio Contribution: ,0,Perim diff: ,1.05416, Perim diff Contribution: ,0,Frontier diff: ,0, Frontier diff Contribution ,0,Inverse Area ratio: ,0.955203, Inv Area Ratio Contribution: ,0,Inverse Perim ratio: ,1.03738, Inv Perim Contribution: ,0, Final Score: ,-101.841
Point: ,78,20,Repeat score:,1, Repeat contribution: ,-1,Dist:,24, Dist contribution: ,-120, New scanned ratio: ,0.046841, New Scanned Cells Contribution: ,0,Area ratio: ,0.932009, Area ratio Contribution: ,0,Perim diff: ,1.05379, Perim diff Contribution: ,0,Frontier diff: ,0, Frontier diff Contribution ,0,Inverse Area ratio: ,0.953631, Inv Area Ratio Contribution: ,0,Inverse Perim ratio: ,1.03775, Inv Perim Contribution: ,0, Final Score: ,-121
Point: ,73,20,Repeat score:,1, Repeat contribution: ,-1,Dist:,29, Dist contribution: ,-145, New scanned ratio: ,0.0545653, New Scanned Cells Contribution: ,0,Area ratio: ,0.934654, Area ratio Contribution: ,0,Perim diff: ,1.0539, Perim diff Contribution: ,0,Frontier diff: ,0, Frontier diff Contribution ,0,Inverse Area ratio: ,0.952657, Inv Area Ratio Contribution: ,0,Inverse Perim ratio: ,1.03804, Inv Perim Contribution: ,0, Final Score: ,-146
Point: ,72,21,Repeat score:,1, Repeat contribution: ,-1,Dist:,30.0282, Dist contribution: ,-150.141, New scanned ratio: ,0.0594177, New Scanned Cells Contribution: ,0,Area ratio: ,0.926385, Area ratio Contribution: ,0,Perim diff: ,1.05761, Perim diff Contribution: ,0,Frontier diff: ,0, Frontier diff Contribution ,0,Inverse Area ratio: ,0.952052, Inv Area Ratio Contribution: ,0,Inverse Perim ratio: ,1.0405, Inv Perim Contribution: ,0, Final Score: ,-151.141
Point: ,71,20,Repeat score:,1, Repeat contribution: ,-1,Dist:,31, Dist contribution: ,-155, New scanned ratio: ,0.0573381, New Scanned Cells Contribution: ,0,Area ratio: ,0.93537, Area ratio Contribution: ,0,Perim diff: ,1.05537, Perim diff Contribution: ,0,Frontier diff: ,0, Frontier diff Contribution ,0,Inverse Area ratio: ,0.952312, Inv Area Ratio Contribution: ,0,Inverse Perim ratio: ,1.03897, Inv Perim Contribution: ,0, Final Score: ,-156
Point: ,66,20,Repeat score:,1, Repeat contribution: ,-1,Dist:,36, Dist contribution: ,-180, New scanned ratio: ,0.0629828, New Scanned Cells Contribution: ,0,Area ratio: ,0.935779, Area ratio Contribution: ,0,Perim diff: ,1.0668, Perim diff Contribution: ,0,Frontier diff: ,0, Frontier diff Contribution ,0,Inverse Area ratio: ,0.951593, Inv Area Ratio Contribution: ,0,Inverse Perim ratio: ,1.04594, Inv Perim Contribution: ,0, Final Score: ,-181
Point: ,63,18,Repeat score:,1, Repeat contribution: ,-1,Dist:,39.0866, Dist contribution: ,-195.433, New scanned ratio: ,0.0579323, New Scanned Cells Contribution: ,0,Area ratio: ,0.936752, Area ratio Contribution: ,0,Perim diff: ,1.06854, Perim diff Contribution: ,0,Frontier diff: ,0, Frontier diff Contribution ,0,Inverse Area ratio: ,0.95221, Inv Area Ratio Contribution: ,0,Inverse Perim ratio: ,1.04642, Inv Perim Contribution: ,0, Final Score: ,-196.433
BEST Point:,82,21, Score: ,-101.211
COUNT COMMAND: 1
Total frontiers: ,105, Prioritised frontiers: ,27
At: ,82,20,
Point: ,116,40,Repeat score:,1, Repeat contribution: ,-1,Dist:,42.8019, Dist contribution: ,-214.009, New scanned ratio: ,0.0635359, New Scanned Cells Contribution: ,0,Area ratio: ,0.810895, Area ratio Contribution: ,0,Perim diff: ,1.08154, Perim diff Contribution: ,0,Frontier diff: ,0, Frontier diff Contribution ,0,Inverse Area ratio: ,0.946246, Inv Area Ratio Contribution: ,0,Inverse Perim ratio: ,1.05883, Inv Perim Contribution: ,0, Final Score: ,-215.009
Point: ,113,38,Repeat score:,1, Repeat contribution: ,-1,Dist:,38.8402, Dist contribution: ,-194.201, New scanned ratio: ,0.0559154, New Scanned Cells Contribution: ,0,Area ratio: ,0.820072, Area ratio Contribution: ,0,Perim diff: ,1.08123, Perim diff Contribution: ,0,Frontier diff: ,0, Frontier diff Contribution ,0,Inverse Area ratio: ,0.947208, Inv Area Ratio Contribution: ,0,Inverse Perim ratio: ,1.0579, Inv Perim Contribution: ,0, Final Score: ,-195.201
Point: ,111,38,Repeat score:,1, Repeat contribution: ,-1,Dist:,37.2634, Dist contribution: ,-186.317, New scanned ratio: ,0.0559154, New Scanned Cells Contribution: ,0,Area ratio: ,0.8187, Area ratio Contribution: ,0,Perim diff: ,1.08102, Perim diff Contribution: ,0,Frontier diff: ,0, Frontier diff Contribution ,0,Inverse Area ratio: ,0.947208, Inv Area Ratio Contribution: ,0,Inverse Perim ratio: ,1.0579, Inv Perim Contribution: ,0, Final Score: ,-187.317
Point: ,108,40,Repeat score:,1, Repeat contribution: ,-1,Dist:,36.7696, Dist contribution: ,-183.848, New scanned ratio: ,0.0635359, New Scanned Cells Contribution: ,0,Area ratio: ,0.805519, Area ratio Contribution: ,0,Perim diff: ,1.08081, Perim diff Contribution: ,0,Frontier diff: ,0, Frontier diff Contribution ,0,Inverse Area ratio: ,0.946258, Inv Area Ratio Contribution: ,0,Inverse Perim ratio: ,1.05893, Inv Perim Contribution: ,0, Final Score: ,-184.848
Point: ,103,40,Repeat score:,1, Repeat contribution: ,-1,Dist:,33.4215, Dist contribution: ,-167.108, New scanned ratio: ,0.0635359, New Scanned Cells Contribution: ,0,Area ratio: ,0.802316, Area ratio Contribution: ,0,Perim diff: ,1.07794, Perim diff Contribution: ,0,Frontier diff: ,0, Frontier diff Contribution ,0,Inverse Area ratio: ,0.946258, Inv Area Ratio Contribution: ,0,Inverse Perim ratio: ,1.05767, Inv Perim Contribution: ,0, Final Score: ,-168.108
Point: ,102,41,Repeat score:,1, Repeat contribution: ,-1,Dist:,33.8421, Dist contribution: ,-169.211, New scanned ratio: ,0.0673462, New Scanned Cells Contribution: ,0,Area ratio: ,0.796334, Area ratio Contribution: ,0,Perim diff: ,1.07963, Perim diff Contribution: ,0,Frontier diff: ,0, Frontier diff Contribution ,0,Inverse Area ratio: ,0.945769, Inv Area Ratio Contribution: ,0,Inverse Perim ratio: ,1.05925, Inv Perim Contribution: ,0, Final Score: ,-170.211
Point: ,101,40,Repeat score:,1, Repeat contribution: ,-1,Dist:,32.2025, Dist contribution: ,-161.012, New scanned ratio: ,0.0635359, New Scanned Cells Contribution: ,0,Area ratio: ,0.801012, Area ratio Contribution: ,0,Perim diff: ,1.07766, Perim diff Contribution: ,0,Frontier diff: ,0, Frontier diff Contribution ,0,Inverse Area ratio: ,0.946258, Inv Area Ratio Contribution: ,0,Inverse Perim ratio: ,1.05767, Inv Perim Contribution: ,0, Final Score: ,-162.012
Point: ,96,40,Repeat score:,1, Repeat contribution: ,-1,Dist:,29.5296, Dist contribution: ,-147.648, New scanned ratio: ,0.0635359, New Scanned Cells Contribution: ,0,Area ratio: ,0.797697, Area ratio Contribution: ,0,Perim diff: ,1.07912, Perim diff Contribution: ,0,Frontier diff: ,0, Frontier diff Contribution ,0,Inverse Area ratio: ,0.946271, Inv Area Ratio Contribution: ,0,Inverse Perim ratio: ,1.05897, Inv Perim Contribution: ,0, Final Score: ,-148.648
Point: ,93,38,Repeat score:,1, Repeat contribution: ,-1,Dist:,25.8565, Dist contribution: ,-129.283, New scanned ratio: ,0.0559154, New Scanned Cells Contribution: ,0,Area ratio: ,0.806331, Area ratio Contribution: ,0,Perim diff: ,1.07894, Perim diff Contribution: ,0,Frontier diff: ,0, Frontier diff Contribution ,0,Inverse Area ratio: ,0.947256, Inv Area Ratio Contribution: ,0,Inverse Perim ratio: ,1.05805, Inv Perim Contribution: ,0, Final Score: ,-130.283
Point: ,91,38,Repeat score:,1, Repeat contribution: ,-1,Dist:,25.0711, Dist contribution: ,-125.355, New scanned ratio: ,0.0559154, New Scanned Cells Contribution: ,0,Area ratio: ,0.805079, Area ratio Contribution: ,0,Perim diff: ,1.08252, Perim diff Contribution: ,0,Frontier diff: ,0, Frontier diff Contribution ,0,Inverse Area ratio: ,0.947214, Inv Area Ratio Contribution: ,0,Inverse Perim ratio: ,1.06043, Inv Perim Contribution: ,0, Final Score: ,-126.355
Point: ,88,40,Repeat score:,1, Repeat contribution: ,-1,Dist:,26.6833, Dist contribution: ,-133.417, New scanned ratio: ,0.0641074, New Scanned Cells Contribution: ,0,Area ratio: ,0.791461, Area ratio Contribution: ,0,Perim diff: ,1.08697, Perim diff Contribution: ,0,Frontier diff: ,0, Frontier diff Contribution ,0,Inverse Area ratio: ,0.946168, Inv Area Ratio Contribution: ,0,Inverse Perim ratio: ,1.06422, Inv Perim Contribution: ,0, Final Score: ,-134.417
Point: ,83,40,Repeat score:,1, Repeat contribution: ,-1,Dist:,26.0192, Dist contribution: ,-130.096, New scanned ratio: ,0.0671556, New Scanned Cells Contribution: ,0,Area ratio: ,0.789544, Area ratio Contribution: ,0,Perim diff: ,1.09212, Perim diff Contribution: ,0,Frontier diff: ,0, Frontier diff Contribution ,0,Inverse Area ratio: ,0.945763, Inv Area Ratio Contribution: ,0,Inverse Perim ratio: ,1.06772, Inv Perim Contribution: ,0, Final Score: ,-131.096
Point: ,82,41,Repeat score:,1, Repeat contribution: ,-1,Dist:,27.3, Dist contribution: ,-136.5, New scanned ratio: ,0.0716327, New Scanned Cells Contribution: ,0,Area ratio: ,0.783771, Area ratio Contribution: ,0,Perim diff: ,1.09475, Perim diff Contribution: ,0,Frontier diff: ,0, Frontier diff Contribution ,0,Inverse Area ratio: ,0.945182, Inv Area Ratio Contribution: ,0,Inverse Perim ratio: ,1.06998, Inv Perim Contribution: ,0, Final Score: ,-137.5
Point: ,81,40,Repeat score:,1, Repeat contribution: ,-1,Dist:,26.0192, Dist contribution: ,-130.096, New scanned ratio: ,0.0690608, New Scanned Cells Contribution: ,0,Area ratio: ,0.789319, Area ratio Contribution: ,0,Perim diff: ,1.09437, Perim diff Contribution: ,0,Frontier diff: ,0, Frontier diff Contribution ,0,Inverse Area ratio: ,0.945515, Inv Area Ratio Contribution: ,0,Inverse Perim ratio: ,1.06931, Inv Perim Contribution: ,0, Final Score: ,-131.096
Point: ,76,40,Repeat score:,1, Repeat contribution: ,-1,Dist:,26.6833, Dist contribution: ,-133.417, New scanned ratio: ,0.0750619, New Scanned Cells Contribution: ,0,Area ratio: ,0.789806, Area ratio Contribution: ,0,Perim diff: ,1.10309, Perim diff Contribution: ,0,Frontier diff: ,0, Frontier diff Contribution ,0,Inverse Area ratio: ,0.944698, Inv Area Ratio Contribution: ,0,Inverse Perim ratio: ,1.07497, Inv Perim Contribution: ,0, Final Score: ,-134.417
Point: ,70,37,Repeat score:,1, Repeat contribution: ,-1,Dist:,25.1478, Dist contribution: ,-125.739, New scanned ratio: ,0.0757287, New Scanned Cells Contribution: ,0,Area ratio: ,0.811215, Area ratio Contribution: ,0,Perim diff: ,1.10163, Perim diff Contribution: ,0,Frontier diff: ,0, Frontier diff Contribution ,0,Inverse Area ratio: ,0.944583, Inv Area Ratio Contribution: ,0,Inverse Perim ratio: ,1.07953, Inv Perim Contribution: ,0, Final Score: ,-126.739
Point: ,65,32,Repeat score:,1, Repeat contribution: ,-1,Dist:,23.0729, Dist contribution: ,-115.365, New scanned ratio: ,0.0698228, New Scanned Cells Contribution: ,0,Area ratio: ,0.847984, Area ratio Contribution: ,0,Perim diff: ,1.07528, Perim diff Contribution: ,0,Frontier diff: ,0, Frontier diff Contribution ,0,Inverse Area ratio: ,0.945502, Inv Area Ratio Contribution: ,0,Inverse Perim ratio: ,1.05599, Inv Perim Contribution: ,0, Final Score: ,-116.365
Point: ,62,26,Repeat score:,1, Repeat contribution: ,-1,Dist:,21.4672, Dist contribution: ,-107.336, New scanned ratio: ,0.0562964, New Scanned Cells Contribution: ,0,Area ratio: ,0.895091, Area ratio Contribution: ,0,Perim diff: ,1.0657, Perim diff Contribution: ,0,Frontier diff: ,0, Frontier diff Contribution ,0,Inverse Area ratio: ,0.947293, Inv Area Ratio Contribution: ,0,Inverse Perim ratio: ,1.04789, Inv Perim Contribution: ,0, Final Score: ,-108.336
Point: ,62,21,Repeat score:,1, Repeat contribution: ,-1,Dist:,20.0422, Dist contribution: ,-100.211, New scanned ratio: ,0.0409602, New Scanned Cells Contribution: ,0,Area ratio: ,0.937439, Area ratio Contribution: ,0,Perim diff: ,1.05674, Perim diff Contribution: ,0,Frontier diff: ,0, Frontier diff Contribution ,0,Inverse Area ratio: ,0.949295, Inv Area Ratio Contribution: ,0,Inverse Perim ratio: ,1.04068, Inv Perim Contribution: ,0, Final Score: ,-101.211
Point: ,61,20,Repeat score:,1, Repeat contribution: ,-1,Dist:,21, Dist contribution: ,-105, New scanned ratio: ,0.0399124, New Scanned Cells Contribution: ,0,Area ratio: ,0.947357, Area ratio Contribution: ,0,Perim diff: ,1.05158, Perim diff Contribution: ,0,Frontier diff: ,0, Frontier diff Contribution ,0,Inverse Area ratio: ,0.949446, Inv Area Ratio Contribution: ,0,Inverse Perim ratio: ,1.03993, Inv Perim Contribution: ,0, Final Score: ,-106
Point: ,62,18,Repeat score:,1, Repeat contribution: ,-1,Dist:,20.1683, Dist contribution: ,-100.841, New scanned ratio: ,0.0325776, New Scanned Cells Contribution: ,0,Area ratio: ,0.948056, Area ratio Contribution: ,0,Perim diff: ,1.05254, Perim diff Contribution: ,0,Frontier diff: ,0, Frontier diff Contribution ,0,Inverse Area ratio: ,0.950383, Inv Area Ratio Contribution: ,0,Inverse Perim ratio: ,1.03735, Inv Perim Contribution: ,0, Final Score: ,-101.841
Point: ,59,20,Repeat score:,1, Repeat contribution: ,-1,Dist:,23, Dist contribution: ,-115, New scanned ratio: ,0.0432463, New Scanned Cells Contribution: ,0,Area ratio: ,0.948664, Area ratio Contribution: ,0,Perim diff: ,1.05181, Perim diff Contribution: ,0,Frontier diff: ,0, Frontier diff Contribution ,0,Inverse Area ratio: ,0.949016, Inv Area Ratio Contribution: ,0,Inverse Perim ratio: ,1.03776, Inv Perim Contribution: ,0, Final Score: ,-116
Point: ,54,20,Repeat score:,1, Repeat contribution: ,-1,Dist:,28, Dist contribution: ,-140, New scanned ratio: ,0.0508668, New Scanned Cells Contribution: ,0,Area ratio: ,0.951014, Area ratio Contribution: ,0,Perim diff: ,1.05209, Perim diff Contribution: ,0,Frontier diff: ,0, Frontier diff Contribution ,0,Inverse Area ratio: ,0.948031, Inv Area Ratio Contribution: ,0,Inverse Perim ratio: ,1.03837, Inv Perim Contribution: ,0, Final Score: ,-141
Point: ,53,21,Repeat score:,1, Repeat contribution: ,-1,Dist:,29.0291, Dist contribution: ,-145.146, New scanned ratio: ,0.0555344, New Scanned Cells Contribution: ,0,Area ratio: ,0.941941, Area ratio Contribution: ,0,Perim diff: ,1.05548, Perim diff Contribution: ,0,Frontier diff: ,0, Frontier diff Contribution ,0,Inverse Area ratio: ,0.947426, Inv Area Ratio Contribution: ,0,Inverse Perim ratio: ,1.04082, Inv Perim Contribution: ,0, Final Score: ,-146.146
Point: ,52,20,Repeat score:,1, Repeat contribution: ,-1,Dist:,30, Dist contribution: ,-150, New scanned ratio: ,0.0536293, New Scanned Cells Contribution: ,0,Area ratio: ,0.951224, Area ratio Contribution: ,0,Perim diff: ,1.05299, Perim diff Contribution: ,0,Frontier diff: ,0, Frontier diff Contribution ,0,Inverse Area ratio: ,0.94768, Inv Area Ratio Contribution: ,0,Inverse Perim ratio: ,1.03909, Inv Perim Contribution: ,0, Final Score: ,-151
Point: ,47,20,Repeat score:,1, Repeat contribution: ,-1,Dist:,35, Dist contribution: ,-175, New scanned ratio: ,0.0595351, New Scanned Cells Contribution: ,0,Area ratio: ,0.950644, Area ratio Contribution: ,0,Perim diff: ,1.06018, Perim diff Contribution: ,0,Frontier diff: ,0, Frontier diff Contribution ,0,Inverse Area ratio: ,0.946918, Inv Area Ratio Contribution: ,0,Inverse Perim ratio: ,1.04409, Inv Perim Contribution: ,0, Final Score: ,-176
Point: ,44,18,Repeat score:,1, Repeat contribution: ,-1,Dist:,38.0888, Dist contribution: ,-190.444, New scanned ratio: ,0.0550581, New Scanned Cells Contribution: ,0,Area ratio: ,0.950607, Area ratio Contribution: ,0,Perim diff: ,1.06175, Perim diff Contribution: ,0,Frontier diff: ,0, Frontier diff Contribution ,0,Inverse Area ratio: ,0.94748, Inv Area Ratio Contribution: ,0,Inverse Perim ratio: ,1.04441, Inv Perim Contribution: ,0, Final Score: ,-191.444
BEST Point:,62,21, Score: ,-101.211
COUNT COMMAND: 1
Total frontiers: ,106, Prioritised frontiers: ,27
At: ,62,20,
Point: ,96,40,Repeat score:,1, Repeat contribution: ,-1,Dist:,42.8019, Dist contribution: ,-214.009, New scanned ratio: ,0.0612039, New Scanned Cells Contribution: ,0,Area ratio: ,0.82716, Area ratio Contribution: ,0,Perim diff: ,1.07734, Perim diff Contribution: ,0,Frontier diff: ,0, Frontier diff Contribution ,0,Inverse Area ratio: ,0.941426, Inv Area Ratio Contribution: ,0,Inverse Perim ratio: ,1.05792, Inv Perim Contribution: ,0, Final Score: ,-215.009
Point: ,93,38,Repeat score:,1, Repeat contribution: ,-1,Dist:,38.8402, Dist contribution: ,-194.201, New scanned ratio: ,0.0538631, New Scanned Cells Contribution: ,0,Area ratio: ,0.836486, Area ratio Contribution: ,0,Perim diff: ,1.07706, Perim diff Contribution: ,0,Frontier diff: ,0, Frontier diff Contribution ,0,Inverse Area ratio: ,0.942388, Inv Area Ratio Contribution: ,0,Inverse Perim ratio: ,1.05698, Inv Perim Contribution: ,0, Final Score: ,-195.201
Point: ,91,38,Repeat score:,1, Repeat contribution: ,-1,Dist:,37.2634, Dist contribution: ,-186.317, New scanned ratio: ,0.0538631, New Scanned Cells Contribution: ,0,Area ratio: ,0.83511, Area ratio Contribution: ,0,Perim diff: ,1.07674, Perim diff Contribution: ,0,Frontier diff: ,0, Frontier diff Contribution ,0,Inverse Area ratio: ,0.942388, Inv Area Ratio Contribution: ,0,Inverse Perim ratio: ,1.05698, Inv Perim Contribution: ,0, Final Score: ,-187.317
Point: ,88,40,Repeat score:,1, Repeat contribution: ,-1,Dist:,36.7696, Dist contribution: ,-183.848, New scanned ratio: ,0.0612039, New Scanned Cells Contribution: ,0,Area ratio: ,0.820507, Area ratio Contribution: ,0,Perim diff: ,1.0761, Perim diff Contribution: ,0,Frontier diff: ,0, Frontier diff Contribution ,0,Inverse Area ratio: ,0.941438, Inv Area Ratio Contribution: ,0,Inverse Perim ratio: ,1.05801, Inv Perim Contribution: ,0, Final Score: ,-184.848
Point: ,83,40,Repeat score:,1, Repeat contribution: ,-1,Dist:,33.4215, Dist contribution: ,-167.108, New scanned ratio: ,0.0612039, New Scanned Cells Contribution: ,0,Area ratio: ,0.81641, Area ratio Contribution: ,0,Perim diff: ,1.07287, Perim diff Contribution: ,0,Frontier diff: ,0, Frontier diff Contribution ,0,Inverse Area ratio: ,0.941438, Inv Area Ratio Contribution: ,0,Inverse Perim ratio: ,1.05675, Inv Perim Contribution: ,0, Final Score: ,-168.108
Point: ,82,41,Repeat score:,1, Repeat contribution: ,-1,Dist:,33.8421, Dist contribution: ,-169.211, New scanned ratio: ,0.0648743, New Scanned Cells Contribution: ,0,Area ratio: ,0.809862, Area ratio Contribution: ,0,Perim diff: ,1.07433, Perim diff Contribution: ,0,Frontier diff: ,0, Frontier diff Contribution ,0,Inverse Area ratio: ,0.940948, Inv Area Ratio Contribution: ,0,Inverse Perim ratio: ,1.05833, Inv Perim Contribution: ,0, Final Score: ,-170.211
Point: ,81,40,Repeat score:,1, Repeat contribution: ,-1,Dist:,32.2025, Dist contribution: ,-161.012, New scanned ratio: ,0.0612039, New Scanned Cells Contribution: ,0,Area ratio: ,0.814753, Area ratio Contribution: ,0,Perim diff: ,1.07242, Perim diff Contribution: ,0,Frontier diff: ,0, Frontier diff Contribution ,0,Inverse Area ratio: ,0.941438, Inv Area Ratio Contribution: ,0,Inverse Perim ratio: ,1.05675, Inv Perim Contribution: ,0, Final Score: ,-162.012
Point: ,76,40,Repeat score:,1, Repeat contribution: ,-1,Dist:,29.5296, Dist contribution: ,-147.648, New scanned ratio: ,0.0612039, New Scanned Cells Contribution: ,0,Area ratio: ,0.810569, Area ratio Contribution: ,0,Perim diff: ,1.07342, Perim diff Contribution: ,0,Frontier diff: ,0, Frontier diff Contribution ,0,Inverse Area ratio: ,0.94145, Inv Area Ratio Contribution: ,0,Inverse Perim ratio: ,1.05805, Inv Perim Contribution: ,0, Final Score: ,-148.648
Point: ,73,38,Repeat score:,1, Repeat contribution: ,-1,Dist:,25.8565, Dist contribution: ,-129.283, New scanned ratio: ,0.0538631, New Scanned Cells Contribution: ,0,Area ratio: ,0.81944, Area ratio Contribution: ,0,Perim diff: ,1.07325, Perim diff Contribution: ,0,Frontier diff: ,0, Frontier diff Contribution ,0,Inverse Area ratio: ,0.942436, Inv Area Ratio Contribution: ,0,Inverse Perim ratio: ,1.05713, Inv Perim Contribution: ,0, Final Score: ,-130.283
Point: ,71,38,Repeat score:,1, Repeat contribution: ,-1,Dist:,25.0711, Dist contribution: ,-125.355, New scanned ratio: ,0.0538631, New Scanned Cells Contribution: ,0,Area ratio: ,0.817832, Area ratio Contribution: ,0,Perim diff: ,1.0766, Perim diff Contribution: ,0,Frontier diff: ,0, Frontier diff Contribution ,0,Inverse Area ratio: ,0.942394, Inv Area Ratio Contribution: ,0,Inverse Perim ratio: ,1.05951, Inv Perim Contribution: ,0, Final Score: ,-126.355
Point: ,68,40,Repeat score:,1, Repeat contribution: ,-1,Dist:,26.6833, Dist contribution: ,-133.417, New scanned ratio: ,0.0617545, New Scanned Cells Contribution: ,0,Area ratio: ,0.804184, Area ratio Contribution: ,0,Perim diff: ,1.08033, Perim diff Contribution: ,0,Frontier diff: ,0, Frontier diff Contribution ,0,Inverse Area ratio: ,0.941348, Inv Area Ratio Contribution: ,0,Inverse Perim ratio: ,1.0633, Inv Perim Contribution: ,0, Final Score: ,-134.417
Point: ,63,40,Repeat score:,1, Repeat contribution: ,-1,Dist:,26.0192, Dist contribution: ,-130.096, New scanned ratio: ,0.0646908, New Scanned Cells Contribution: ,0,Area ratio: ,0.802242, Area ratio Contribution: ,0,Perim diff: ,1.08476, Perim diff Contribution: ,0,Frontier diff: ,0, Frontier diff Contribution ,0,Inverse Area ratio: ,0.940942, Inv Area Ratio Contribution: ,0,Inverse Perim ratio: ,1.0668, Inv Perim Contribution: ,0, Final Score: ,-131.096
Point: ,62,41,Repeat score:,1, Repeat contribution: ,-1,Dist:,27.3, Dist contribution: ,-136.5, New scanned ratio: ,0.0690035, New Scanned Cells Contribution: ,0,Area ratio: ,0.79644, Area ratio Contribution: ,0,Perim diff: ,1.08701, Perim diff Contribution: ,0,Frontier diff: ,0, Frontier diff Contribution ,0,Inverse Area ratio: ,0.940362, Inv Area Ratio Contribution: ,0,Inverse Perim ratio: ,1.06906, Inv Perim Contribution: ,0, Final Score: ,-137.5
Point: ,61,40,Repeat score:,1, Repeat contribution: ,-1,Dist:,26.0192, Dist contribution: ,-130.096, New scanned ratio: ,0.066526, New Scanned Cells Contribution: ,0,Area ratio: ,0.801996, Area ratio Contribution: ,0,Perim diff: ,1.08667, Perim diff Contribution: ,0,Frontier diff: ,0, Frontier diff Contribution ,0,Inverse Area ratio: ,0.940694, Inv Area Ratio Contribution: ,0,Inverse Perim ratio: ,1.06839, Inv Perim Contribution: ,0, Final Score: ,-131.096
Point: ,56,40,Repeat score:,1, Repeat contribution: ,-1,Dist:,26.6833, Dist contribution: ,-133.417, New scanned ratio: ,0.0723068, New Scanned Cells Contribution: ,0,Area ratio: ,0.80241, Area ratio Contribution: ,0,Perim diff: ,1.09443, Perim diff Contribution: ,0,Frontier diff: ,0, Frontier diff Contribution ,0,Inverse Area ratio: ,0.939878, Inv Area Ratio Contribution: ,0,Inverse Perim ratio: ,1.07405, Inv Perim Contribution: ,0, Final Score: ,-134.417
Point: ,50,37,Repeat score:,1, Repeat contribution: ,-1,Dist:,25.1478, Dist contribution: ,-125.739, New scanned ratio: ,0.0729492, New Scanned Cells Contribution: ,0,Area ratio: ,0.823108, Area ratio Contribution: ,0,Perim diff: ,1.09422, Perim diff Contribution: ,0,Frontier diff: ,-1, Frontier diff Contribution ,-0,Inverse Area ratio: ,0.939793, Inv Area Ratio Contribution: ,0,Inverse Perim ratio: ,1.0735, Inv Perim Contribution: ,0, Final Score: ,-126.739
Point: ,45,32,Repeat score:,1, Repeat contribution: ,-1,Dist:,23.0729, Dist contribution: ,-115.365, New scanned ratio: ,0.0670765, New Scanned Cells Contribution: ,0,Area ratio: ,0.859859, Area ratio Contribution: ,0,Perim diff: ,1.06839, Perim diff Contribution: ,0,Frontier diff: ,0, Frontier diff Contribution ,0,Inverse Area ratio: ,0.940713, Inv Area Ratio Contribution: ,0,Inverse Perim ratio: ,1.05622, Inv Perim Contribution: ,0, Final Score: ,-116.365
Point: ,42,26,Repeat score:,1, Repeat contribution: ,-1,Dist:,21.4672, Dist contribution: ,-107.336, New scanned ratio: ,0.0542301, New Scanned Cells Contribution: ,0,Area ratio: ,0.907186, Area ratio Contribution: ,0,Perim diff: ,1.05799, Perim diff Contribution: ,0,Frontier diff: ,0, Frontier diff Contribution ,0,Inverse Area ratio: ,0.942472, Inv Area Ratio Contribution: ,0,Inverse Perim ratio: ,1.04697, Inv Perim Contribution: ,0, Final Score: ,-108.336
Point: ,42,21,Repeat score:,1, Repeat contribution: ,-1,Dist:,20.0422, Dist contribution: ,-100.211, New scanned ratio: ,0.039365, New Scanned Cells Contribution: ,0,Area ratio: ,0.950311, Area ratio Contribution: ,0,Perim diff: ,1.05281, Perim diff Contribution: ,0,Frontier diff: ,0, Frontier diff Contribution ,0,Inverse Area ratio: ,0.944486, Inv Area Ratio Contribution: ,0,Inverse Perim ratio: ,1.04095, Inv Perim Contribution: ,0, Final Score: ,-101.211
Point: ,41,20,Repeat score:,1, Repeat contribution: ,-1,Dist:,21, Dist contribution: ,-105, New scanned ratio: ,0.0383557, New Scanned Cells Contribution: ,0,Area ratio: ,0.960351, Area ratio Contribution: ,0,Perim diff: ,1.04753, Perim diff Contribution: ,0,Frontier diff: ,0, Frontier diff Contribution ,0,Inverse Area ratio: ,0.944644, Inv Area Ratio Contribution: ,0,Inverse Perim ratio: ,1.03759, Inv Perim Contribution: ,0, Final Score: ,-106
Point: ,42,19,Repeat score:,1, Repeat contribution: ,-1,Dist:,20.0422, Dist contribution: ,-100.211, New scanned ratio: ,0.0339512, New Scanned Cells Contribution: ,0,Area ratio: ,0.96031, Area ratio Contribution: ,0,Perim diff: ,1.04847, Perim diff Contribution: ,0,Frontier diff: ,0, Frontier diff Contribution ,0,Inverse Area ratio: ,0.945224, Inv Area Ratio Contribution: ,0,Inverse Perim ratio: ,1.03742, Inv Perim Contribution: ,0, Final Score: ,-101.211
Point: ,40,20,Repeat score:,1, Repeat contribution: ,-1,Dist:,22, Dist contribution: ,-110, New scanned ratio: ,0.0399156, New Scanned Cells Contribution: ,0,Area ratio: ,0.960661, Area ratio Contribution: ,0,Perim diff: ,1.04788, Perim diff Contribution: ,0,Frontier diff: ,0, Frontier diff Contribution ,0,Inverse Area ratio: ,0.944438, Inv Area Ratio Contribution: ,0,Inverse Perim ratio: ,1.03798, Inv Perim Contribution: ,0, Final Score: ,-111
Point: ,35,20,Repeat score:,1, Repeat contribution: ,-1,Dist:,27, Dist contribution: ,-135, New scanned ratio: ,0.0474399, New Scanned Cells Contribution: ,0,Area ratio: ,0.962114, Area ratio Contribution: ,0,Perim diff: ,1.04511, Perim diff Contribution: ,0,Frontier diff: ,0, Frontier diff Contribution ,0,Inverse Area ratio: ,0.943422, Inv Area Ratio Contribution: ,0,Inverse Perim ratio: ,1.03756, Inv Perim Contribution: ,0, Final Score: ,-136
Point: ,34,21,Repeat score:,1, Repeat contribution: ,-1,Dist:,28.0302, Dist contribution: ,-140.151, New scanned ratio: ,0.0519361, New Scanned Cells Contribution: ,0,Area ratio: ,0.952654, Area ratio Contribution: ,0,Perim diff: ,1.04786, Perim diff Contribution: ,0,Frontier diff: ,0, Frontier diff Contribution ,0,Inverse Area ratio: ,0.942799, Inv Area Ratio Contribution: ,0,Inverse Perim ratio: ,1.04007, Inv Perim Contribution: ,0, Final Score: ,-141.151
Point: ,33,20,Repeat score:,1, Repeat contribution: ,-1,Dist:,29, Dist contribution: ,-145, New scanned ratio: ,0.0501927, New Scanned Cells Contribution: ,0,Area ratio: ,0.961839, Area ratio Contribution: ,0,Perim diff: ,1.04538, Perim diff Contribution: ,0,Frontier diff: ,0, Frontier diff Contribution ,0,Inverse Area ratio: ,0.943053, Inv Area Ratio Contribution: ,0,Inverse Perim ratio: ,1.03827, Inv Perim Contribution: ,0, Final Score: ,-146
Point: ,28,20,Repeat score:,1, Repeat contribution: ,-1,Dist:,34, Dist contribution: ,-170, New scanned ratio: ,0.0561571, New Scanned Cells Contribution: ,0,Area ratio: ,0.960153, Area ratio Contribution: ,0,Perim diff: ,1.05192, Perim diff Contribution: ,0,Frontier diff: ,0, Frontier diff Contribution ,0,Inverse Area ratio: ,0.942255, Inv Area Ratio Contribution: ,0,Inverse Perim ratio: ,1.0442, Inv Perim Contribution: ,0, Final Score: ,-171
Point: ,24,18,Repeat score:,1, Repeat contribution: ,-1,Dist:,38.0888, Dist contribution: ,-190.444, New scanned ratio: ,0.0530373, New Scanned Cells Contribution: ,0,Area ratio: ,0.95747, Area ratio Contribution: ,0,Perim diff: ,1.056, Perim diff Contribution: ,0,Frontier diff: ,0, Frontier diff Contribution ,0,Inverse Area ratio: ,0.942648, Inv Area Ratio Contribution: ,0,Inverse Perim ratio: ,1.04694, Inv Perim Contribution: ,0, Final Score: ,-191.444
BEST Point:,42,21, Score: ,-101.211
COUNT COMMAND: 1
Total frontiers: ,107, Prioritised frontiers: ,27
At: ,42,20,
Point: ,76,40,Repeat score:,1, Repeat contribution: ,-1,Dist:,42.8019, Dist contribution: ,-214.009, New scanned ratio: ,0.0590422, New Scanned Cells Contribution: ,0,Area ratio: ,0.835228, Area ratio Contribution: ,0,Perim diff: ,1.06927, Perim diff Contribution: ,0,Frontier diff: ,0, Frontier diff Contribution ,0,Inverse Area ratio: ,0.936618, Inv Area Ratio Contribution: ,0,Inverse Perim ratio: ,1.05819, Inv Perim Contribution: ,0, Final Score: ,-215.009
Point: ,73,38,Repeat score:,1, Repeat contribution: ,-1,Dist:,38.8402, Dist contribution: ,-194.201, New scanned ratio: ,0.0519607, New Scanned Cells Contribution: ,0,Area ratio: ,0.844833, Area ratio Contribution: ,0,Perim diff: ,1.06899, Perim diff Contribution: ,0,Frontier diff: ,0, Frontier diff Contribution ,0,Inverse Area ratio: ,0.93758, Inv Area Ratio Contribution: ,0,Inverse Perim ratio: ,1.05725, Inv Perim Contribution: ,0, Final Score: ,-195.201
Point: ,71,38,Repeat score:,1, Repeat contribution: ,-1,Dist:,37.2634, Dist contribution: ,-186.317, New scanned ratio: ,0.0519607, New Scanned Cells Contribution: ,0,Area ratio: ,0.84434, Area ratio Contribution: ,0,Perim diff: ,1.06854, Perim diff Contribution: ,0,Frontier diff: ,0, Frontier diff Contribution ,0,Inverse Area ratio: ,0.93758, Inv Area Ratio Contribution: ,0,Inverse Perim ratio: ,1.05725, Inv Perim Contribution: ,0, Final Score: ,-187.317
Point: ,68,40,Repeat score:,1, Repeat contribution: ,-1,Dist:,36.7696, Dist contribution: ,-183.848, New scanned ratio: ,0.0590422, New Scanned Cells Contribution: ,0,Area ratio: ,0.832648, Area ratio Contribution: ,0,Perim diff: ,1.06731, Perim diff Contribution: ,0,Frontier diff: ,0, Frontier diff Contribution ,0,Inverse Area ratio: ,0.93663, Inv Area Ratio Contribution: ,0,Inverse Perim ratio: ,1.05828, Inv Perim Contribution: ,0, Final Score: ,-184.848
Point: ,63,40,Repeat score:,1, Repeat contribution: ,-1,Dist:,33.4215, Dist contribution: ,-167.108, New scanned ratio: ,0.0590422, New Scanned Cells Contribution: ,0,Area ratio: ,0.828571, Area ratio Contribution: ,0,Perim diff: ,1.0634, Perim diff Contribution: ,0,Frontier diff: ,0, Frontier diff Contribution ,0,Inverse Area ratio: ,0.93663, Inv Area Ratio Contribution: ,0,Inverse Perim ratio: ,1.05702, Inv Perim Contribution: ,0, Final Score: ,-168.108
Point: ,62,41,Repeat score:,1, Repeat contribution: ,-1,Dist:,33.8421, Dist contribution: ,-169.211, New scanned ratio: ,0.062583, New Scanned Cells Contribution: ,0,Area ratio: ,0.822017, Area ratio Contribution: ,0,Perim diff: ,1.06451, Perim diff Contribution: ,0,Frontier diff: ,0, Frontier diff Contribution ,0,Inverse Area ratio: ,0.93614, Inv Area Ratio Contribution: ,0,Inverse Perim ratio: ,1.0586, Inv Perim Contribution: ,0, Final Score: ,-170.211
Point: ,61,40,Repeat score:,1, Repeat contribution: ,-1,Dist:,32.2025, Dist contribution: ,-161.012, New scanned ratio: ,0.0590422, New Scanned Cells Contribution: ,0,Area ratio: ,0.826924, Area ratio Contribution: ,0,Perim diff: ,1.06264, Perim diff Contribution: ,0,Frontier diff: ,0, Frontier diff Contribution ,0,Inverse Area ratio: ,0.93663, Inv Area Ratio Contribution: ,0,Inverse Perim ratio: ,1.05702, Inv Perim Contribution: ,0, Final Score: ,-162.012
Point: ,56,40,Repeat score:,1, Repeat contribution: ,-1,Dist:,29.5296, Dist contribution: ,-147.648, New scanned ratio: ,0.0590422, New Scanned Cells Contribution: ,0,Area ratio: ,0.822762, Area ratio Contribution: ,0,Perim diff: ,1.06276, Perim diff Contribution: ,0,Frontier diff: ,0, Frontier diff Contribution ,0,Inverse Area ratio: ,0.936642, Inv Area Ratio Contribution: ,0,Inverse Perim ratio: ,1.05832, Inv Perim Contribution: ,0, Final Score: ,-148.648
Point: ,53,38,Repeat score:,1, Repeat contribution: ,-1,Dist:,25.8565, Dist contribution: ,-129.283, New scanned ratio: ,0.0519607, New Scanned Cells Contribution: ,0,Area ratio: ,0.831673, Area ratio Contribution: ,0,Perim diff: ,1.06244, Perim diff Contribution: ,0,Frontier diff: ,0, Frontier diff Contribution ,0,Inverse Area ratio: ,0.937628, Inv Area Ratio Contribution: ,0,Inverse Perim ratio: ,1.0574, Inv Perim Contribution: ,0, Final Score: ,-130.283
Point: ,51,38,Repeat score:,1, Repeat contribution: ,-1,Dist:,25.0711, Dist contribution: ,-125.355, New scanned ratio: ,0.0519607, New Scanned Cells Contribution: ,0,Area ratio: ,0.829656, Area ratio Contribution: ,0,Perim diff: ,1.06535, Perim diff Contribution: ,0,Frontier diff: ,0, Frontier diff Contribution ,0,Inverse Area ratio: ,0.937586, Inv Area Ratio Contribution: ,0,Inverse Perim ratio: ,1.05978, Inv Perim Contribution: ,0, Final Score: ,-126.355
Point: ,48,40,Repeat score:,1, Repeat contribution: ,-1,Dist:,26.6833, Dist contribution: ,-133.417, New scanned ratio: ,0.0595733, New Scanned Cells Contribution: ,0,Area ratio: ,0.815007, Area ratio Contribution: ,0,Perim diff: ,1.06783, Perim diff Contribution: ,0,Frontier diff: ,0, Frontier diff Contribution ,0,Inverse Area ratio: ,0.93654, Inv Area Ratio Contribution: ,0,Inverse Perim ratio: ,1.06357, Inv Perim Contribution: ,0, Final Score: ,-134.417
Point: ,43,40,Repeat score:,1, Repeat contribution: ,-1,Dist:,26.0192, Dist contribution: ,-130.096, New scanned ratio: ,0.0624059, New Scanned Cells Contribution: ,0,Area ratio: ,0.812063, Area ratio Contribution: ,0,Perim diff: ,1.07078, Perim diff Contribution: ,0,Frontier diff: ,0, Frontier diff Contribution ,0,Inverse Area ratio: ,0.936134, Inv Area Ratio Contribution: ,0,Inverse Perim ratio: ,1.06707, Inv Perim Contribution: ,0, Final Score: ,-131.096
Point: ,42,41,Repeat score:,1, Repeat contribution: ,-1,Dist:,27.3, Dist contribution: ,-136.5, New scanned ratio: ,0.0665663, New Scanned Cells Contribution: ,0,Area ratio: ,0.805894, Area ratio Contribution: ,0,Perim diff: ,1.07243, Perim diff Contribution: ,0,Frontier diff: ,0, Frontier diff Contribution ,0,Inverse Area ratio: ,0.935554, Inv Area Ratio Contribution: ,0,Inverse Perim ratio: ,1.06933, Inv Perim Contribution: ,0, Final Score: ,-137.5
Point: ,41,40,Repeat score:,1, Repeat contribution: ,-1,Dist:,26.0192, Dist contribution: ,-130.096, New scanned ratio: ,0.0641763, New Scanned Cells Contribution: ,0,Area ratio: ,0.811409, Area ratio Contribution: ,0,Perim diff: ,1.07202, Perim diff Contribution: ,0,Frontier diff: ,0, Frontier diff Contribution ,0,Inverse Area ratio: ,0.935886, Inv Area Ratio Contribution: ,0,Inverse Perim ratio: ,1.06866, Inv Perim Contribution: ,0, Final Score: ,-131.096
Point: ,36,40,Repeat score:,1, Repeat contribution: ,-1,Dist:,26.6833, Dist contribution: ,-133.417, New scanned ratio: ,0.069753, New Scanned Cells Contribution: ,0,Area ratio: ,0.810788, Area ratio Contribution: ,0,Perim diff: ,1.07783, Perim diff Contribution: ,0,Frontier diff: ,0, Frontier diff Contribution ,0,Inverse Area ratio: ,0.93507, Inv Area Ratio Contribution: ,0,Inverse Perim ratio: ,1.07432, Inv Perim Contribution: ,0, Final Score: ,-134.417
Point: ,30,37,Repeat score:,1, Repeat contribution: ,-1,Dist:,25.1478, Dist contribution: ,-125.739, New scanned ratio: ,0.0703727, New Scanned Cells Contribution: ,0,Area ratio: ,0.830098, Area ratio Contribution: ,0,Perim diff: ,1.07962, Perim diff Contribution: ,0,Frontier diff: ,0, Frontier diff Contribution ,0,Inverse Area ratio: ,0.934991, Inv Area Ratio Contribution: ,0,Inverse Perim ratio: ,1.07362, Inv Perim Contribution: ,0, Final Score: ,-126.739
Point: ,25,32,Repeat score:,1, Repeat contribution: ,-1,Dist:,23.0729, Dist contribution: ,-115.365, New scanned ratio: ,0.0646189, New Scanned Cells Contribution: ,0,Area ratio: ,0.86554, Area ratio Contribution: ,0,Perim diff: ,1.05383, Perim diff Contribution: ,0,Frontier diff: ,0, Frontier diff Contribution ,0,Inverse Area ratio: ,0.935917, Inv Area Ratio Contribution: ,0,Inverse Perim ratio: ,1.05699, Inv Perim Contribution: ,0, Final Score: ,-116.365
Point: ,22,26,Repeat score:,1, Repeat contribution: ,-1,Dist:,21.4672, Dist contribution: ,-107.336, New scanned ratio: ,0.0524033, New Scanned Cells Contribution: ,0,Area ratio: ,0.912157, Area ratio Contribution: ,0,Perim diff: ,1.04714, Perim diff Contribution: ,0,Frontier diff: ,0, Frontier diff Contribution ,0,Inverse Area ratio: ,0.93764, Inv Area Ratio Contribution: ,0,Inverse Perim ratio: ,1.04997, Inv Perim Contribution: ,0, Final Score: ,-108.336
Point: ,22,21,Repeat score:,1, Repeat contribution: ,-1,Dist:,20.0422, Dist contribution: ,-100.211, New scanned ratio: ,0.0383288, New Scanned Cells Contribution: ,0,Area ratio: ,0.956638, Area ratio Contribution: ,0,Perim diff: ,1.04403, Perim diff Contribution: ,0,Frontier diff: ,0, Frontier diff Contribution ,0,Inverse Area ratio: ,0.939618, Inv Area Ratio Contribution: ,0,Inverse Perim ratio: ,1.04343, Inv Perim Contribution: ,0, Final Score: ,-101.211
Point: ,21,20,Repeat score:,1, Repeat contribution: ,-1,Dist:,21, Dist contribution: ,-105, New scanned ratio: ,0.0376206, New Scanned Cells Contribution: ,0,Area ratio: ,0.966465, Area ratio Contribution: ,0,Perim diff: ,1.04332, Perim diff Contribution: ,0,Frontier diff: ,0, Frontier diff Contribution ,0,Inverse Area ratio: ,0.939715, Inv Area Ratio Contribution: ,0,Inverse Perim ratio: ,1.04287, Inv Perim Contribution: ,0, Final Score: ,-106
Point: ,22,19,Repeat score:,1, Repeat contribution: ,-1,Dist:,20.0422, Dist contribution: ,-100.211, New scanned ratio: ,0.0331061, New Scanned Cells Contribution: ,0,Area ratio: ,0.966445, Area ratio Contribution: ,0,Perim diff: ,1.04404, Perim diff Contribution: ,0,Frontier diff: ,0, Frontier diff Contribution ,0,Inverse Area ratio: ,0.940344, Inv Area Ratio Contribution: ,0,Inverse Perim ratio: ,1.04169, Inv Perim Contribution: ,0, Final Score: ,-101.211
Point: ,21,20,Repeat score:,1, Repeat contribution: ,-1,Dist:,21, Dist contribution: ,-105, New scanned ratio: ,0.0376206, New Scanned Cells Contribution: ,0,Area ratio: ,0.966465, Area ratio Contribution: ,0,Perim diff: ,1.04332, Perim diff Contribution: ,0,Frontier diff: ,0, Frontier diff Contribution ,0,Inverse Area ratio: ,0.939715, Inv Area Ratio Contribution: ,0,Inverse Perim ratio: ,1.04287, Inv Perim Contribution: ,0, Final Score: ,-106
Point: ,16,20,Repeat score:,1, Repeat contribution: ,-1,Dist:,26, Dist contribution: ,-130, New scanned ratio: ,0.0435514, New Scanned Cells Contribution: ,0,Area ratio: ,0.965787, Area ratio Contribution: ,0,Perim diff: ,1.04217, Perim diff Contribution: ,0,Frontier diff: ,0, Frontier diff Contribution ,0,Inverse Area ratio: ,0.972536, Inv Area Ratio Contribution: ,0,Inverse Perim ratio: ,1.03038, Inv Perim Contribution: ,0, Final Score: ,-131
Point: ,15,21,Repeat score:,1, Repeat contribution: ,-1,Dist:,27.0313, Dist contribution: ,-135.156, New scanned ratio: ,0.046384, New Scanned Cells Contribution: ,0,Area ratio: ,0.955959, Area ratio Contribution: ,0,Perim diff: ,1.04278, Perim diff Contribution: ,0,Frontier diff: ,0, Frontier diff Contribution ,0,Inverse Area ratio: ,0.975784, Inv Area Ratio Contribution: ,0,Inverse Perim ratio: ,1.03047, Inv Perim Contribution: ,0, Final Score: ,-136.156
Point: ,14,20,Repeat score:,1, Repeat contribution: ,-1,Dist:,28, Dist contribution: ,-140, New scanned ratio: ,0.0439055, New Scanned Cells Contribution: ,0,Area ratio: ,0.965154, Area ratio Contribution: ,0,Perim diff: ,1.04352, Perim diff Contribution: ,0,Frontier diff: ,0, Frontier diff Contribution ,0,Inverse Area ratio: ,0.976117, Inv Area Ratio Contribution: ,0,Inverse Perim ratio: ,1.03052, Inv Perim Contribution: ,0, Final Score: ,-141
Point: ,9,20,Repeat score:,1, Repeat contribution: ,-1,Dist:,33, Dist contribution: ,-165, New scanned ratio: ,0.0426662, New Scanned Cells Contribution: ,0,Area ratio: ,0.962185, Area ratio Contribution: ,0,Perim diff: ,1.04586, Perim diff Contribution: ,0,Frontier diff: ,0, Frontier diff Contribution ,0,Inverse Area ratio: ,0.973741, Inv Area Ratio Contribution: ,0,Inverse Perim ratio: ,1.03081, Inv Perim Contribution: ,0, Final Score: ,-166
Point: ,3,17,Repeat score:,1, Repeat contribution: ,-1,Dist:,39.1945, Dist contribution: ,-195.973, New scanned ratio: ,0.0310702, New Scanned Cells Contribution: ,0,Area ratio: ,0.955954, Area ratio Contribution: ,0,Perim diff: ,1.06038, Perim diff Contribution: ,0,Frontier diff: ,0, Frontier diff Contribution ,0,Inverse Area ratio: ,0.958872, Inv Area Ratio Contribution: ,0,Inverse Perim ratio: ,1.03616, Inv Perim Contribution: ,0, Final Score: ,-196.973
BEST Point:,22,21, Score: ,-101.211
COUNT COMMAND: 1
Total frontiers: ,109, Prioritised frontiers: ,23
At: ,22,20,
Point: ,0,14,Repeat score:,1, Repeat contribution: ,-1,Dist:,23.3418, Dist contribution: ,-116.709, New scanned ratio: ,0.00623932, New Scanned Cells Contribution: ,0,Area ratio: ,0.965738, Area ratio Contribution: ,0,Perim diff: ,1.04318, Perim diff Contribution: ,0,Frontier diff: ,0, Frontier diff Contribution ,0,Inverse Area ratio: ,0.974599, Inv Area Ratio Contribution: ,0,Inverse Perim ratio: ,1.02924, Inv Perim Contribution: ,0, Final Score: ,-117.709
Point: ,56,40,Repeat score:,1, Repeat contribution: ,-1,Dist:,42.8019, Dist contribution: ,-214.009, New scanned ratio: ,0.0570085, New Scanned Cells Contribution: ,0,Area ratio: ,0.831796, Area ratio Contribution: ,0,Perim diff: ,1.06505, Perim diff Contribution: ,0,Frontier diff: ,0, Frontier diff Contribution ,0,Inverse Area ratio: ,0.931744, Inv Area Ratio Contribution: ,0,Inverse Perim ratio: ,1.06051, Inv Perim Contribution: ,0, Final Score: ,-215.009
Point: ,53,38,Repeat score:,1, Repeat contribution: ,-1,Dist:,38.8402, Dist contribution: ,-194.201, New scanned ratio: ,0.0501709, New Scanned Cells Contribution: ,0,Area ratio: ,0.842163, Area ratio Contribution: ,0,Perim diff: ,1.06474, Perim diff Contribution: ,0,Frontier diff: ,0, Frontier diff Contribution ,0,Inverse Area ratio: ,0.932705, Inv Area Ratio Contribution: ,0,Inverse Perim ratio: ,1.05957, Inv Perim Contribution: ,0, Final Score: ,-195.201
Point: ,51,38,Repeat score:,1, Repeat contribution: ,-1,Dist:,37.2634, Dist contribution: ,-186.317, New scanned ratio: ,0.0501709, New Scanned Cells Contribution: ,0,Area ratio: ,0.841689, Area ratio Contribution: ,0,Perim diff: ,1.0643, Perim diff Contribution: ,0,Frontier diff: ,0, Frontier diff Contribution ,0,Inverse Area ratio: ,0.932705, Inv Area Ratio Contribution: ,0,Inverse Perim ratio: ,1.05957, Inv Perim Contribution: ,0, Final Score: ,-187.317
Point: ,48,40,Repeat score:,1, Repeat contribution: ,-1,Dist:,36.7696, Dist contribution: ,-183.848, New scanned ratio: ,0.0570085, New Scanned Cells Contribution: ,0,Area ratio: ,0.829893, Area ratio Contribution: ,0,Perim diff: ,1.06311, Perim diff Contribution: ,0,Frontier diff: ,0, Frontier diff Contribution ,0,Inverse Area ratio: ,0.931756, Inv Area Ratio Contribution: ,0,Inverse Perim ratio: ,1.06061, Inv Perim Contribution: ,0, Final Score: ,-184.848
Point: ,43,40,Repeat score:,1, Repeat contribution: ,-1,Dist:,33.4215, Dist contribution: ,-167.108, New scanned ratio: ,0.0570085, New Scanned Cells Contribution: ,0,Area ratio: ,0.828819, Area ratio Contribution: ,0,Perim diff: ,1.05906, Perim diff Contribution: ,0,Frontier diff: ,0, Frontier diff Contribution ,0,Inverse Area ratio: ,0.931756, Inv Area Ratio Contribution: ,0,Inverse Perim ratio: ,1.05934, Inv Perim Contribution: ,0, Final Score: ,-168.108
Point: ,42,41,Repeat score:,1, Repeat contribution: ,-1,Dist:,33.8421, Dist contribution: ,-169.211, New scanned ratio: ,0.0604274, New Scanned Cells Contribution: ,0,Area ratio: ,0.823006, Area ratio Contribution: ,0,Perim diff: ,1.06, Perim diff Contribution: ,0,Frontier diff: ,0, Frontier diff Contribution ,0,Inverse Area ratio: ,0.931266, Inv Area Ratio Contribution: ,0,Inverse Perim ratio: ,1.06092, Inv Perim Contribution: ,0, Final Score: ,-170.211
Point: ,41,40,Repeat score:,1, Repeat contribution: ,-1,Dist:,32.2025, Dist contribution: ,-161.012, New scanned ratio: ,0.0570085, New Scanned Cells Contribution: ,0,Area ratio: ,0.828135, Area ratio Contribution: ,0,Perim diff: ,1.05815, Perim diff Contribution: ,0,Frontier diff: ,0, Frontier diff Contribution ,0,Inverse Area ratio: ,0.931756, Inv Area Ratio Contribution: ,0,Inverse Perim ratio: ,1.05934, Inv Perim Contribution: ,0, Final Score: ,-162.012
Point: ,36,40,Repeat score:,1, Repeat contribution: ,-1,Dist:,29.5296, Dist contribution: ,-147.648, New scanned ratio: ,0.0570085, New Scanned Cells Contribution: ,0,Area ratio: ,0.825795, Area ratio Contribution: ,0,Perim diff: ,1.05747, Perim diff Contribution: ,0,Frontier diff: ,0, Frontier diff Contribution ,0,Inverse Area ratio: ,0.931768, Inv Area Ratio Contribution: ,0,Inverse Perim ratio: ,1.06065, Inv Perim Contribution: ,0, Final Score: ,-148.648
Point: ,33,38,Repeat score:,1, Repeat contribution: ,-1,Dist:,25.8565, Dist contribution: ,-129.283, New scanned ratio: ,0.0501709, New Scanned Cells Contribution: ,0,Area ratio: ,0.835598, Area ratio Contribution: ,0,Perim diff: ,1.05678, Perim diff Contribution: ,0,Frontier diff: ,0, Frontier diff Contribution ,0,Inverse Area ratio: ,0.932754, Inv Area Ratio Contribution: ,0,Inverse Perim ratio: ,1.05973, Inv Perim Contribution: ,0, Final Score: ,-130.283
Point: ,31,38,Repeat score:,1, Repeat contribution: ,-1,Dist:,25.0711, Dist contribution: ,-125.355, New scanned ratio: ,0.0501709, New Scanned Cells Contribution: ,0,Area ratio: ,0.834735, Area ratio Contribution: ,0,Perim diff: ,1.05898, Perim diff Contribution: ,0,Frontier diff: ,0, Frontier diff Contribution ,0,Inverse Area ratio: ,0.932711, Inv Area Ratio Contribution: ,0,Inverse Perim ratio: ,1.06211, Inv Perim Contribution: ,0, Final Score: ,-126.355
Point: ,28,40,Repeat score:,1, Repeat contribution: ,-1,Dist:,26.6833, Dist contribution: ,-133.417, New scanned ratio: ,0.0575214, New Scanned Cells Contribution: ,0,Area ratio: ,0.820943, Area ratio Contribution: ,0,Perim diff: ,1.05952, Perim diff Contribution: ,0,Frontier diff: ,0, Frontier diff Contribution ,0,Inverse Area ratio: ,0.931665, Inv Area Ratio Contribution: ,0,Inverse Perim ratio: ,1.06589, Inv Perim Contribution: ,0, Final Score: ,-134.417
Point: ,23,40,Repeat score:,1, Repeat contribution: ,-1,Dist:,26.0192, Dist contribution: ,-130.096, New scanned ratio: ,0.0602564, New Scanned Cells Contribution: ,0,Area ratio: ,0.817458, Area ratio Contribution: ,0,Perim diff: ,1.05927, Perim diff Contribution: ,0,Frontier diff: ,0, Frontier diff Contribution ,0,Inverse Area ratio: ,0.93126, Inv Area Ratio Contribution: ,0,Inverse Perim ratio: ,1.0694, Inv Perim Contribution: ,0, Final Score: ,-131.096
Point: ,22,41,Repeat score:,1, Repeat contribution: ,-1,Dist:,27.3, Dist contribution: ,-136.5, New scanned ratio: ,0.0642735, New Scanned Cells Contribution: ,0,Area ratio: ,0.810956, Area ratio Contribution: ,0,Perim diff: ,1.05993, Perim diff Contribution: ,0,Frontier diff: ,0, Frontier diff Contribution ,0,Inverse Area ratio: ,0.930679, Inv Area Ratio Contribution: ,0,Inverse Perim ratio: ,1.07165, Inv Perim Contribution: ,0, Final Score: ,-137.5
Point: ,21,40,Repeat score:,1, Repeat contribution: ,-1,Dist:,26.0192, Dist contribution: ,-130.096, New scanned ratio: ,0.0619658, New Scanned Cells Contribution: ,0,Area ratio: ,0.816147, Area ratio Contribution: ,0,Perim diff: ,1.05901, Perim diff Contribution: ,0,Frontier diff: ,0, Frontier diff Contribution ,0,Inverse Area ratio: ,0.931012, Inv Area Ratio Contribution: ,0,Inverse Perim ratio: ,1.07098, Inv Perim Contribution: ,0, Final Score: ,-131.096
Point: ,16,40,Repeat score:,1, Repeat contribution: ,-1,Dist:,26.6833, Dist contribution: ,-133.417, New scanned ratio: ,0.062906, New Scanned Cells Contribution: ,0,Area ratio: ,0.814777, Area ratio Contribution: ,0,Perim diff: ,1.05886, Perim diff Contribution: ,0,Frontier diff: ,-1, Frontier diff Contribution ,-0,Inverse Area ratio: ,0.979415, Inv Area Ratio Contribution: ,0,Inverse Perim ratio: ,1.03725, Inv Perim Contribution: ,0, Final Score: ,-134.417
Point: ,10,37,Repeat score:,1, Repeat contribution: ,-1,Dist:,25.1478, Dist contribution: ,-125.739, New scanned ratio: ,0.0482906, New Scanned Cells Contribution: ,0,Area ratio: ,0.829242, Area ratio Contribution: ,0,Perim diff: ,1.05826, Perim diff Contribution: ,0,Frontier diff: ,-1, Frontier diff Contribution ,-0,Inverse Area ratio: ,0.980209, Inv Area Ratio Contribution: ,0,Inverse Perim ratio: ,1.03323, Inv Perim Contribution: ,0, Final Score: ,-126.739
Point: ,5,32,Repeat score:,1, Repeat contribution: ,-1,Dist:,23.0729, Dist contribution: ,-115.365, New scanned ratio: ,0.0320513, New Scanned Cells Contribution: ,0,Area ratio: ,0.861173, Area ratio Contribution: ,0,Perim diff: ,1.04722, Perim diff Contribution: ,0,Frontier diff: ,0, Frontier diff Contribution ,0,Inverse Area ratio: ,0.982025, Inv Area Ratio Contribution: ,0,Inverse Perim ratio: ,1.02972, Inv Perim Contribution: ,0, Final Score: ,-116.365
Point: ,2,26,Repeat score:,1, Repeat contribution: ,-1,Dist:,21.4672, Dist contribution: ,-107.336, New scanned ratio: ,0.0190598, New Scanned Cells Contribution: ,0,Area ratio: ,0.908229, Area ratio Contribution: ,0,Perim diff: ,1.04366, Perim diff Contribution: ,0,Frontier diff: ,0, Frontier diff Contribution ,0,Inverse Area ratio: ,0.982688, Inv Area Ratio Contribution: ,0,Inverse Perim ratio: ,1.02898, Inv Perim Contribution: ,0, Final Score: ,-108.336
Point: ,2,21,Repeat score:,1, Repeat contribution: ,-1,Dist:,20.0422, Dist contribution: ,-100.211, New scanned ratio: ,0.0123932, New Scanned Cells Contribution: ,0,Area ratio: ,0.955353, Area ratio Contribution: ,0,Perim diff: ,1.04332, Perim diff Contribution: ,0,Frontier diff: ,0, Frontier diff Contribution ,0,Inverse Area ratio: ,0.981891, Inv Area Ratio Contribution: ,0,Inverse Perim ratio: ,1.02915, Inv Perim Contribution: ,0, Final Score: ,-101.211
Point: ,1,20,Repeat score:,1, Repeat contribution: ,-1,Dist:,21, Dist contribution: ,-105, New scanned ratio: ,0.0111111, New Scanned Cells Contribution: ,0,Area ratio: ,0.965445, Area ratio Contribution: ,0,Perim diff: ,1.04304, Perim diff Contribution: ,0,Frontier diff: ,0, Frontier diff Contribution ,0,Inverse Area ratio: ,0.981832, Inv Area Ratio Contribution: ,0,Inverse Perim ratio: ,1.02922, Inv Perim Contribution: ,0, Final Score: ,-106
Point: ,2,19,Repeat score:,1, Repeat contribution: ,-1,Dist:,20.0422, Dist contribution: ,-100.211, New scanned ratio: ,0.0102564, New Scanned Cells Contribution: ,0,Area ratio: ,0.965703, Area ratio Contribution: ,0,Perim diff: ,1.04341, Perim diff Contribution: ,0,Frontier diff: ,0, Frontier diff Contribution ,0,Inverse Area ratio: ,0.98008, Inv Area Ratio Contribution: ,0,Inverse Perim ratio: ,1.02927, Inv Perim Contribution: ,0, Final Score: ,-101.211
Point: ,2,16,Repeat score:,1, Repeat contribution: ,-1,Dist:,20.6649, Dist contribution: ,-103.325, New scanned ratio: ,0.00769231, New Scanned Cells Contribution: ,0,Area ratio: ,0.966068, Area ratio Contribution: ,0,Perim diff: ,1.04246, Perim diff Contribution: ,0,Frontier diff: ,0, Frontier diff Contribution ,0,Inverse Area ratio: ,0.97805, Inv Area Ratio Contribution: ,0,Inverse Perim ratio: ,1.02904, Inv Perim Contribution: ,0, Final Score: ,-104.325
BEST Point:,2,21, Score: ,-101.211
COUNT COMMAND: 1
Total frontiers: ,107, Prioritised frontiers: ,14
At: ,2,20,
Point: ,36,40,Repeat score:,1, Repeat contribution: ,-1,Dist:,42.8019, Dist contribution: ,-214.009, New scanned ratio: ,0.0563725, New Scanned Cells Contribution: ,0,Area ratio: ,0.823539, Area ratio Contribution: ,0,Perim diff: ,1.06338, Perim diff Contribution: ,0,Frontier diff: ,0, Frontier diff Contribution ,0,Inverse Area ratio: ,0.973234, Inv Area Ratio Contribution: ,0,Inverse Perim ratio: ,1.04764, Inv Perim Contribution: ,0, Final Score: ,-215.009
Point: ,33,38,Repeat score:,1, Repeat contribution: ,-1,Dist:,38.8402, Dist contribution: ,-194.201, New scanned ratio: ,0.0496112, New Scanned Cells Contribution: ,0,Area ratio: ,0.834375, Area ratio Contribution: ,0,Perim diff: ,1.06306, Perim diff Contribution: ,0,Frontier diff: ,0, Frontier diff Contribution ,0,Inverse Area ratio: ,0.974295, Inv Area Ratio Contribution: ,0,Inverse Perim ratio: ,1.0467, Inv Perim Contribution: ,0, Final Score: ,-195.201
Point: ,31,38,Repeat score:,1, Repeat contribution: ,-1,Dist:,37.2634, Dist contribution: ,-186.317, New scanned ratio: ,0.0496112, New Scanned Cells Contribution: ,0,Area ratio: ,0.834087, Area ratio Contribution: ,0,Perim diff: ,1.06244, Perim diff Contribution: ,0,Frontier diff: ,0, Frontier diff Contribution ,0,Inverse Area ratio: ,0.975975, Inv Area Ratio Contribution: ,0,Inverse Perim ratio: ,1.04678, Inv Perim Contribution: ,0, Final Score: ,-187.317
Point: ,28,40,Repeat score:,1, Repeat contribution: ,-1,Dist:,36.7696, Dist contribution: ,-183.848, New scanned ratio: ,0.0563725, New Scanned Cells Contribution: ,0,Area ratio: ,0.822247, Area ratio Contribution: ,0,Perim diff: ,1.06056, Perim diff Contribution: ,0,Frontier diff: ,0, Frontier diff Contribution ,0,Inverse Area ratio: ,0.975468, Inv Area Ratio Contribution: ,0,Inverse Perim ratio: ,1.04786, Inv Perim Contribution: ,0, Final Score: ,-184.848
Point: ,23,40,Repeat score:,1, Repeat contribution: ,-1,Dist:,33.4215, Dist contribution: ,-167.108, New scanned ratio: ,0.0563725, New Scanned Cells Contribution: ,0,Area ratio: ,0.8211, Area ratio Contribution: ,0,Perim diff: ,1.05528, Perim diff Contribution: ,0,Frontier diff: ,0, Frontier diff Contribution ,0,Inverse Area ratio: ,0.975468, Inv Area Ratio Contribution: ,0,Inverse Perim ratio: ,1.04666, Inv Perim Contribution: ,0, Final Score: ,-168.108
Point: ,22,41,Repeat score:,1, Repeat contribution: ,-1,Dist:,33.8421, Dist contribution: ,-169.211, New scanned ratio: ,0.0597532, New Scanned Cells Contribution: ,0,Area ratio: ,0.815055, Area ratio Contribution: ,0,Perim diff: ,1.05566, Perim diff Contribution: ,0,Frontier diff: ,0, Frontier diff Contribution ,0,Inverse Area ratio: ,0.974961, Inv Area Ratio Contribution: ,0,Inverse Perim ratio: ,1.04834, Inv Perim Contribution: ,0, Final Score: ,-170.211
Point: ,21,40,Repeat score:,1, Repeat contribution: ,-1,Dist:,32.2025, Dist contribution: ,-161.012, New scanned ratio: ,0.0563725, New Scanned Cells Contribution: ,0,Area ratio: ,0.820285, Area ratio Contribution: ,0,Perim diff: ,1.05359, Perim diff Contribution: ,0,Frontier diff: ,0, Frontier diff Contribution ,0,Inverse Area ratio: ,0.975474, Inv Area Ratio Contribution: ,0,Inverse Perim ratio: ,1.04672, Inv Perim Contribution: ,0, Final Score: ,-162.012
Point: ,16,40,Repeat score:,1, Repeat contribution: ,-1,Dist:,29.5296, Dist contribution: ,-147.648, New scanned ratio: ,0.0540061, New Scanned Cells Contribution: ,0,Area ratio: ,0.817135, Area ratio Contribution: ,0,Perim diff: ,1.05404, Perim diff Contribution: ,0,Frontier diff: ,0, Frontier diff Contribution ,0,Inverse Area ratio: ,0.979422, Inv Area Ratio Contribution: ,0,Inverse Perim ratio: ,1.03743, Inv Perim Contribution: ,0, Final Score: ,-148.648
Point: ,13,38,Repeat score:,1, Repeat contribution: ,-1,Dist:,25.8565, Dist contribution: ,-129.283, New scanned ratio: ,0.0445402, New Scanned Cells Contribution: ,0,Area ratio: ,0.826547, Area ratio Contribution: ,0,Perim diff: ,1.05429, Perim diff Contribution: ,0,Frontier diff: ,0, Frontier diff Contribution ,0,Inverse Area ratio: ,0.980386, Inv Area Ratio Contribution: ,0,Inverse Perim ratio: ,1.03544, Inv Perim Contribution: ,0, Final Score: ,-130.283
Point: ,11,38,Repeat score:,1, Repeat contribution: ,-1,Dist:,25.0711, Dist contribution: ,-125.355, New scanned ratio: ,0.0417512, New Scanned Cells Contribution: ,0,Area ratio: ,0.824851, Area ratio Contribution: ,0,Perim diff: ,1.05492, Perim diff Contribution: ,0,Frontier diff: ,0, Frontier diff Contribution ,0,Inverse Area ratio: ,0.979753, Inv Area Ratio Contribution: ,0,Inverse Perim ratio: ,1.03481, Inv Perim Contribution: ,0, Final Score: ,-126.355
Point: ,8,40,Repeat score:,1, Repeat contribution: ,-1,Dist:,26.6833, Dist contribution: ,-133.417, New scanned ratio: ,0.0423428, New Scanned Cells Contribution: ,0,Area ratio: ,0.809903, Area ratio Contribution: ,0,Perim diff: ,1.05611, Perim diff Contribution: ,0,Frontier diff: ,0, Frontier diff Contribution ,0,Inverse Area ratio: ,0.980256, Inv Area Ratio Contribution: ,0,Inverse Perim ratio: ,1.0334, Inv Perim Contribution: ,0, Final Score: ,-134.417
Point: ,3,40,Repeat score:,1, Repeat contribution: ,-1,Dist:,26.0192, Dist contribution: ,-130.096, New scanned ratio: ,0.0340602, New Scanned Cells Contribution: ,0,Area ratio: ,0.80576, Area ratio Contribution: ,0,Perim diff: ,1.05536, Perim diff Contribution: ,0,Frontier diff: ,0, Frontier diff Contribution ,0,Inverse Area ratio: ,0.981196, Inv Area Ratio Contribution: ,0,Inverse Perim ratio: ,1.03183, Inv Perim Contribution: ,0, Final Score: ,-131.096
Point: ,2,41,Repeat score:,1, Repeat contribution: ,-1,Dist:,27.3, Dist contribution: ,-136.5, New scanned ratio: ,0.0343137, New Scanned Cells Contribution: ,0,Area ratio: ,0.798758, Area ratio Contribution: ,0,Perim diff: ,1.05592, Perim diff Contribution: ,0,Frontier diff: ,0, Frontier diff Contribution ,0,Inverse Area ratio: ,0.981165, Inv Area Ratio Contribution: ,0,Inverse Perim ratio: ,1.03163, Inv Perim Contribution: ,0, Final Score: ,-137.5
Point: ,0,40,Repeat score:,1, Repeat contribution: ,-1,Dist:,26.0768, Dist contribution: ,-130.384, New scanned ratio: ,0.0290737, New Scanned Cells Contribution: ,0,Area ratio: ,0.803279, Area ratio Contribution: ,0,Perim diff: ,1.05613, Perim diff Contribution: ,0,Frontier diff: ,0, Frontier diff Contribution ,0,Inverse Area ratio: ,0.981672, Inv Area Ratio Contribution: ,0,Inverse Perim ratio: ,1.03095, Inv Perim Contribution: ,0, Final Score: ,-131.384
BEST Point:,11,38, Score: ,-126.355
COUNT COMMAND: 1
Total frontiers: ,106, Prioritised frontiers: ,17
At: ,10,37,
Point: ,48,40,Repeat score:,1, Repeat contribution: ,-1,Dist:,38.1996, Dist contribution: ,-190.998, New scanned ratio: ,0.0538317, New Scanned Cells Contribution: ,0,Area ratio: ,0.83383, Area ratio Contribution: ,0,Perim diff: ,1.06793, Perim diff Contribution: ,0,Frontier diff: ,0, Frontier diff Contribution ,0,Inverse Area ratio: ,0.976665, Inv Area Ratio Contribution: ,0,Inverse Perim ratio: ,1.04484, Inv Perim Contribution: ,0, Final Score: ,-191.998
Point: ,43,40,Repeat score:,1, Repeat contribution: ,-1,Dist:,33.2297, Dist contribution: ,-166.148, New scanned ratio: ,0.0505742, New Scanned Cells Contribution: ,0,Area ratio: ,0.833693, Area ratio Contribution: ,0,Perim diff: ,1.0588, Perim diff Contribution: ,0,Frontier diff: ,0, Frontier diff Contribution ,0,Inverse Area ratio: ,0.978232, Inv Area Ratio Contribution: ,0,Inverse Perim ratio: ,1.03944, Inv Perim Contribution: ,0, Final Score: ,-167.148
Point: ,42,41,Repeat score:,1, Repeat contribution: ,-1,Dist:,32.4197, Dist contribution: ,-162.099, New scanned ratio: ,0.052773, New Scanned Cells Contribution: ,0,Area ratio: ,0.828409, Area ratio Contribution: ,0,Perim diff: ,1.05868, Perim diff Contribution: ,0,Frontier diff: ,0, Frontier diff Contribution ,0,Inverse Area ratio: ,0.977893, Inv Area Ratio Contribution: ,0,Inverse Perim ratio: ,1.03959, Inv Perim Contribution: ,0, Final Score: ,-163.099
Point: ,41,40,Repeat score:,1, Repeat contribution: ,-1,Dist:,31.2444, Dist contribution: ,-156.222, New scanned ratio: ,0.0488639, New Scanned Cells Contribution: ,0,Area ratio: ,0.833239, Area ratio Contribution: ,0,Perim diff: ,1.05667, Perim diff Contribution: ,0,Frontier diff: ,0, Frontier diff Contribution ,0,Inverse Area ratio: ,0.978513, Inv Area Ratio Contribution: ,0,Inverse Perim ratio: ,1.03801, Inv Perim Contribution: ,0, Final Score: ,-157.222
Point: ,36,40,Repeat score:,1, Repeat contribution: ,-1,Dist:,26.2909, Dist contribution: ,-131.454, New scanned ratio: ,0.0434889, New Scanned Cells Contribution: ,0,Area ratio: ,0.831101, Area ratio Contribution: ,0,Perim diff: ,1.05596, Perim diff Contribution: ,0,Frontier diff: ,0, Frontier diff Contribution ,0,Inverse Area ratio: ,0.978769, Inv Area Ratio Contribution: ,0,Inverse Perim ratio: ,1.03746, Inv Perim Contribution: ,0, Final Score: ,-132.454
Point: ,33,38,Repeat score:,1, Repeat contribution: ,-1,Dist:,23.0367, Dist contribution: ,-115.184, New scanned ratio: ,0.0342862, New Scanned Cells Contribution: ,0,Area ratio: ,0.840125, Area ratio Contribution: ,0,Perim diff: ,1.05448, Perim diff Contribution: ,0,Frontier diff: ,0, Frontier diff Contribution ,0,Inverse Area ratio: ,0.979362, Inv Area Ratio Contribution: ,0,Inverse Perim ratio: ,1.03597, Inv Perim Contribution: ,0, Final Score: ,-116.184
Point: ,31,38,Repeat score:,1, Repeat contribution: ,-1,Dist:,21.0402, Dist contribution: ,-105.201, New scanned ratio: ,0.0315172, New Scanned Cells Contribution: ,0,Area ratio: ,0.838953, Area ratio Contribution: ,0,Perim diff: ,1.05499, Perim diff Contribution: ,0,Frontier diff: ,0, Frontier diff Contribution ,0,Inverse Area ratio: ,0.978391, Inv Area Ratio Contribution: ,0,Inverse Perim ratio: ,1.03598, Inv Perim Contribution: ,0, Final Score: ,-106.201
Point: ,30,39,Repeat score:,1, Repeat contribution: ,-1,Dist:,20.1683, Dist contribution: ,-100.841, New scanned ratio: ,0.0327388, New Scanned Cells Contribution: ,0,Area ratio: ,0.832546, Area ratio Contribution: ,0,Perim diff: ,1.05599, Perim diff Contribution: ,0,Frontier diff: ,0, Frontier diff Contribution ,0,Inverse Area ratio: ,0.978075, Inv Area Ratio Contribution: ,0,Inverse Perim ratio: ,1.03674, Inv Perim Contribution: ,0, Final Score: ,-101.841
Point: ,30,43,Repeat score:,1, Repeat contribution: ,-1,Dist:,21.4672, Dist contribution: ,-107.336, New scanned ratio: ,0.0434889, New Scanned Cells Contribution: ,0,Area ratio: ,0.810785, Area ratio Contribution: ,0,Perim diff: ,1.06265, Perim diff Contribution: ,0,Frontier diff: ,0, Frontier diff Contribution ,0,Inverse Area ratio: ,0.976342, Inv Area Ratio Contribution: ,0,Inverse Perim ratio: ,1.04187, Inv Perim Contribution: ,0, Final Score: ,-108.336
Point: ,27,49,Repeat score:,1, Repeat contribution: ,-1,Dist:,23.0729, Dist contribution: ,-115.365, New scanned ratio: ,0.0566821, New Scanned Cells Contribution: ,0,Area ratio: ,0.778175, Area ratio Contribution: ,0,Perim diff: ,1.07219, Perim diff Contribution: ,0,Frontier diff: ,0, Frontier diff Contribution ,0,Inverse Area ratio: ,0.974208, Inv Area Ratio Contribution: ,0,Inverse Perim ratio: ,1.0511, Inv Perim Contribution: ,0, Final Score: ,-116.365
Point: ,22,54,Repeat score:,1, Repeat contribution: ,-1,Dist:,25.1478, Dist contribution: ,-125.739, New scanned ratio: ,0.0643375, New Scanned Cells Contribution: ,0,Area ratio: ,0.75031, Area ratio Contribution: ,0,Perim diff: ,1.08416, Perim diff Contribution: ,0,Frontier diff: ,0, Frontier diff Contribution ,0,Inverse Area ratio: ,0.972066, Inv Area Ratio Contribution: ,0,Inverse Perim ratio: ,1.06407, Inv Perim Contribution: ,0, Final Score: ,-126.739
Point: ,16,57,Repeat score:,1, Repeat contribution: ,-1,Dist:,26.6833, Dist contribution: ,-133.417, New scanned ratio: ,0.0615685, New Scanned Cells Contribution: ,0,Area ratio: ,0.729373, Area ratio Contribution: ,0,Perim diff: ,1.09025, Perim diff Contribution: ,0,Frontier diff: ,0, Frontier diff Contribution ,0,Inverse Area ratio: ,0.973376, Inv Area Ratio Contribution: ,0,Inverse Perim ratio: ,1.05314, Inv Perim Contribution: ,0, Final Score: ,-134.417
Point: ,11,57,Repeat score:,1, Repeat contribution: ,-1,Dist:,26.0192, Dist contribution: ,-130.096, New scanned ratio: ,0.0503298, New Scanned Cells Contribution: ,0,Area ratio: ,0.724038, Area ratio Contribution: ,0,Perim diff: ,1.08222, Perim diff Contribution: ,0,Frontier diff: ,0, Frontier diff Contribution ,0,Inverse Area ratio: ,0.975976, Inv Area Ratio Contribution: ,0,Inverse Perim ratio: ,1.04416, Inv Perim Contribution: ,0, Final Score: ,-131.096
Point: ,10,58,Repeat score:,1, Repeat contribution: ,-1,Dist:,27.3, Dist contribution: ,-136.5, New scanned ratio: ,0.0504113, New Scanned Cells Contribution: ,0,Area ratio: ,0.718617, Area ratio Contribution: ,0,Perim diff: ,1.08152, Perim diff Contribution: ,0,Frontier diff: ,0, Frontier diff Contribution ,0,Inverse Area ratio: ,0.976337, Inv Area Ratio Contribution: ,0,Inverse Perim ratio: ,1.04226, Inv Perim Contribution: ,0, Final Score: ,-137.5
Point: ,9,57,Repeat score:,1, Repeat contribution: ,-1,Dist:,26.0192, Dist contribution: ,-130.096, New scanned ratio: ,0.0459321, New Scanned Cells Contribution: ,0,Area ratio: ,0.722221, Area ratio Contribution: ,0,Perim diff: ,1.07934, Perim diff Contribution: ,0,Frontier diff: ,0, Frontier diff Contribution ,0,Inverse Area ratio: ,0.976871, Inv Area Ratio Contribution: ,0,Inverse Perim ratio: ,1.04147, Inv Perim Contribution: ,0, Final Score: ,-131.096
Point: ,4,57,Repeat score:,1, Repeat contribution: ,-1,Dist:,26.6833, Dist contribution: ,-133.417, New scanned ratio: ,0.0355078, New Scanned Cells Contribution: ,0,Area ratio: ,0.718543, Area ratio Contribution: ,0,Perim diff: ,1.07288, Perim diff Contribution: ,0,Frontier diff: ,0, Frontier diff Contribution ,0,Inverse Area ratio: ,0.978903, Inv Area Ratio Contribution: ,0,Inverse Perim ratio: ,1.03548, Inv Perim Contribution: ,0, Final Score: ,-134.417
Point: ,0,55,Repeat score:,1, Repeat contribution: ,-1,Dist:,25.4472, Dist contribution: ,-127.236, New scanned ratio: ,0.0247577, New Scanned Cells Contribution: ,0,Area ratio: ,0.725986, Area ratio Contribution: ,0,Perim diff: ,1.06604, Perim diff Contribution: ,0,Frontier diff: ,0, Frontier diff Contribution ,0,Inverse Area ratio: ,0.980432, Inv Area Ratio Contribution: ,0,Inverse Perim ratio: ,1.0315, Inv Perim Contribution: ,0, Final Score: ,-128.236
BEST Point:,30,39, Score: ,-101.841
COUNT COMMAND: 1
Total frontiers: ,106, Prioritised frontiers: ,24
At: ,29,38,
Point: ,68,40,Repeat score:,1, Repeat contribution: ,-1,Dist:,39.0866, Dist contribution: ,-195.433, New scanned ratio: ,0.0527191, New Scanned Cells Contribution: ,0,Area ratio: ,0.848117, Area ratio Contribution: ,0,Perim diff: ,1.07045, Perim diff Contribution: ,0,Frontier diff: ,0, Frontier diff Contribution ,0,Inverse Area ratio: ,0.975506, Inv Area Ratio Contribution: ,0,Inverse Perim ratio: ,1.04709, Inv Perim Contribution: ,0, Final Score: ,-196.433
Point: ,63,40,Repeat score:,1, Repeat contribution: ,-1,Dist:,34.0993, Dist contribution: ,-170.496, New scanned ratio: ,0.0497902, New Scanned Cells Contribution: ,0,Area ratio: ,0.848148, Area ratio Contribution: ,0,Perim diff: ,1.05909, Perim diff Contribution: ,0,Frontier diff: ,0, Frontier diff Contribution ,0,Inverse Area ratio: ,0.976601, Inv Area Ratio Contribution: ,0,Inverse Perim ratio: ,1.04003, Inv Perim Contribution: ,0, Final Score: ,-171.496
Point: ,62,41,Repeat score:,1, Repeat contribution: ,-1,Dist:,33.2297, Dist contribution: ,-166.148, New scanned ratio: ,0.0519275, New Scanned Cells Contribution: ,0,Area ratio: ,0.842835, Area ratio Contribution: ,0,Perim diff: ,1.05937, Perim diff Contribution: ,0,Frontier diff: ,0, Frontier diff Contribution ,0,Inverse Area ratio: ,0.976254, Inv Area Ratio Contribution: ,0,Inverse Perim ratio: ,1.0404, Inv Perim Contribution: ,0, Final Score: ,-167.148
Point: ,61,40,Repeat score:,1, Repeat contribution: ,-1,Dist:,32.1055, Dist contribution: ,-160.527, New scanned ratio: ,0.0481279, New Scanned Cells Contribution: ,0,Area ratio: ,0.847715, Area ratio Contribution: ,0,Perim diff: ,1.05697, Perim diff Contribution: ,0,Frontier diff: ,0, Frontier diff Contribution ,0,Inverse Area ratio: ,0.976883, Inv Area Ratio Contribution: ,0,Inverse Perim ratio: ,1.0386, Inv Perim Contribution: ,0, Final Score: ,-161.527
Point: ,56,40,Repeat score:,1, Repeat contribution: ,-1,Dist:,27.1249, Dist contribution: ,-135.624, New scanned ratio: ,0.0429035, New Scanned Cells Contribution: ,0,Area ratio: ,0.845642, Area ratio Contribution: ,0,Perim diff: ,1.05508, Perim diff Contribution: ,0,Frontier diff: ,0, Frontier diff Contribution ,0,Inverse Area ratio: ,0.977391, Inv Area Ratio Contribution: ,0,Inverse Perim ratio: ,1.03737, Inv Perim Contribution: ,0, Final Score: ,-136.624
Point: ,53,38,Repeat score:,1, Repeat contribution: ,-1,Dist:,24, Dist contribution: ,-120, New scanned ratio: ,0.0338795, New Scanned Cells Contribution: ,0,Area ratio: ,0.854097, Area ratio Contribution: ,0,Perim diff: ,1.05443, Perim diff Contribution: ,0,Frontier diff: ,0, Frontier diff Contribution ,0,Inverse Area ratio: ,0.977875, Inv Area Ratio Contribution: ,0,Inverse Perim ratio: ,1.03657, Inv Perim Contribution: ,0, Final Score: ,-121
Point: ,51,38,Repeat score:,1, Repeat contribution: ,-1,Dist:,22, Dist contribution: ,-110, New scanned ratio: ,0.0311882, New Scanned Cells Contribution: ,0,Area ratio: ,0.852913, Area ratio Contribution: ,0,Perim diff: ,1.05513, Perim diff Contribution: ,0,Frontier diff: ,0, Frontier diff Contribution ,0,Inverse Area ratio: ,0.97679, Inv Area Ratio Contribution: ,0,Inverse Perim ratio: ,1.0368, Inv Perim Contribution: ,0, Final Score: ,-111
Point: ,49,39,Repeat score:,1, Repeat contribution: ,-1,Dist:,20.0422, Dist contribution: ,-100.211, New scanned ratio: ,0.0309507, New Scanned Cells Contribution: ,0,Area ratio: ,0.84647, Area ratio Contribution: ,0,Perim diff: ,1.05545, Perim diff Contribution: ,0,Frontier diff: ,0, Frontier diff Contribution ,0,Inverse Area ratio: ,0.976692, Inv Area Ratio Contribution: ,0,Inverse Perim ratio: ,1.03707, Inv Perim Contribution: ,0, Final Score: ,-101.211
Point: ,49,44,Repeat score:,1, Repeat contribution: ,-1,Dist:,21.4672, Dist contribution: ,-107.336, New scanned ratio: ,0.0438534, New Scanned Cells Contribution: ,0,Area ratio: ,0.819902, Area ratio Contribution: ,0,Perim diff: ,1.06361, Perim diff Contribution: ,0,Frontier diff: ,0, Frontier diff Contribution ,0,Inverse Area ratio: ,0.974557, Inv Area Ratio Contribution: ,0,Inverse Perim ratio: ,1.04314, Inv Perim Contribution: ,0, Final Score: ,-108.336
Point: ,46,50,Repeat score:,1, Repeat contribution: ,-1,Dist:,23.0729, Dist contribution: ,-115.365, New scanned ratio: ,0.0563603, New Scanned Cells Contribution: ,0,Area ratio: ,0.78804, Area ratio Contribution: ,0,Perim diff: ,1.07519, Perim diff Contribution: ,0,Frontier diff: ,0, Frontier diff Contribution ,0,Inverse Area ratio: ,0.972448, Inv Area Ratio Contribution: ,0,Inverse Perim ratio: ,1.05241, Inv Perim Contribution: ,0, Final Score: ,-116.365
Point: ,41,55,Repeat score:,1, Repeat contribution: ,-1,Dist:,25.1478, Dist contribution: ,-125.739, New scanned ratio: ,0.0627721, New Scanned Cells Contribution: ,0,Area ratio: ,0.761131, Area ratio Contribution: ,0,Perim diff: ,1.09747, Perim diff Contribution: ,0,Frontier diff: ,0, Frontier diff Contribution ,0,Inverse Area ratio: ,0.968437, Inv Area Ratio Contribution: ,0,Inverse Perim ratio: ,1.07301, Inv Perim Contribution: ,0, Final Score: ,-126.739
Point: ,35,58,Repeat score:,1, Repeat contribution: ,-1,Dist:,26.6833, Dist contribution: ,-133.417, New scanned ratio: ,0.0624555, New Scanned Cells Contribution: ,0,Area ratio: ,0.742838, Area ratio Contribution: ,0,Perim diff: ,1.09975, Perim diff Contribution: ,0,Frontier diff: ,0, Frontier diff Contribution ,0,Inverse Area ratio: ,0.968352, Inv Area Ratio Contribution: ,0,Inverse Perim ratio: ,1.07345, Inv Perim Contribution: ,0, Final Score: ,-134.417
Point: ,30,58,Repeat score:,1, Repeat contribution: ,-1,Dist:,26.0192, Dist contribution: ,-130.096, New scanned ratio: ,0.0578643, New Scanned Cells Contribution: ,0,Area ratio: ,0.74051, Area ratio Contribution: ,0,Perim diff: ,1.08615, Perim diff Contribution: ,0,Frontier diff: ,0, Frontier diff Contribution ,0,Inverse Area ratio: ,0.969155, Inv Area Ratio Contribution: ,0,Inverse Perim ratio: ,1.06632, Inv Perim Contribution: ,0, Final Score: ,-131.096
Point: ,29,59,Repeat score:,1, Repeat contribution: ,-1,Dist:,27.3, Dist contribution: ,-136.5, New scanned ratio: ,0.0600016, New Scanned Cells Contribution: ,0,Area ratio: ,0.735903, Area ratio Contribution: ,0,Perim diff: ,1.08735, Perim diff Contribution: ,0,Frontier diff: ,0, Frontier diff Contribution ,0,Inverse Area ratio: ,0.968786, Inv Area Ratio Contribution: ,0,Inverse Perim ratio: ,1.06829, Inv Perim Contribution: ,0, Final Score: ,-137.5
Point: ,28,58,Repeat score:,1, Repeat contribution: ,-1,Dist:,26.0192, Dist contribution: ,-130.096, New scanned ratio: ,0.0564395, New Scanned Cells Contribution: ,0,Area ratio: ,0.739767, Area ratio Contribution: ,0,Perim diff: ,1.08451, Perim diff Contribution: ,0,Frontier diff: ,0, Frontier diff Contribution ,0,Inverse Area ratio: ,0.969385, Inv Area Ratio Contribution: ,0,Inverse Perim ratio: ,1.06595, Inv Perim Contribution: ,0, Final Score: ,-131.096
Point: ,23,58,Repeat score:,1, Repeat contribution: ,-1,Dist:,26.6833, Dist contribution: ,-133.417, New scanned ratio: ,0.0543022, New Scanned Cells Contribution: ,0,Area ratio: ,0.738962, Area ratio Contribution: ,0,Perim diff: ,1.07495, Perim diff Contribution: ,0,Frontier diff: ,0, Frontier diff Contribution ,0,Inverse Area ratio: ,0.969741, Inv Area Ratio Contribution: ,0,Inverse Perim ratio: ,1.06238, Inv Perim Contribution: ,0, Final Score: ,-134.417
Point: ,20,56,Repeat score:,1, Repeat contribution: ,-1,Dist:,25.0711, Dist contribution: ,-125.355, New scanned ratio: ,0.0478904, New Scanned Cells Contribution: ,0,Area ratio: ,0.747203, Area ratio Contribution: ,0,Perim diff: ,1.06892, Perim diff Contribution: ,0,Frontier diff: ,-1, Frontier diff Contribution ,-0,Inverse Area ratio: ,0.971456, Inv Area Ratio Contribution: ,0,Inverse Perim ratio: ,1.05557, Inv Perim Contribution: ,0, Final Score: ,-126.355
Point: ,17,56,Repeat score:,1, Repeat contribution: ,-1,Dist:,26.2975, Dist contribution: ,-131.488, New scanned ratio: ,0.0466239, New Scanned Cells Contribution: ,0,Area ratio: ,0.746723, Area ratio Contribution: ,0,Perim diff: ,1.06413, Perim diff Contribution: ,0,Frontier diff: ,0, Frontier diff Contribution ,0,Inverse Area ratio: ,0.974927, Inv Area Ratio Contribution: ,0,Inverse Perim ratio: ,1.04292, Inv Perim Contribution: ,0, Final Score: ,-132.488
Point: ,16,57,Repeat score:,1, Repeat contribution: ,-1,Dist:,27.9122, Dist contribution: ,-139.561, New scanned ratio: ,0.0487612, New Scanned Cells Contribution: ,0,Area ratio: ,0.742175, Area ratio Contribution: ,0,Perim diff: ,1.06436, Perim diff Contribution: ,0,Frontier diff: ,0, Frontier diff Contribution ,0,Inverse Area ratio: ,0.975537, Inv Area Ratio Contribution: ,0,Inverse Perim ratio: ,1.04076, Inv Perim Contribution: ,0, Final Score: ,-140.561
Point: ,11,57,Repeat score:,1, Repeat contribution: ,-1,Dist:,30.5629, Dist contribution: ,-152.814, New scanned ratio: ,0.043141, New Scanned Cells Contribution: ,0,Area ratio: ,0.740788, Area ratio Contribution: ,0,Perim diff: ,1.06381, Perim diff Contribution: ,0,Frontier diff: ,0, Frontier diff Contribution ,0,Inverse Area ratio: ,0.977699, Inv Area Ratio Contribution: ,0,Inverse Perim ratio: ,1.03716, Inv Perim Contribution: ,0, Final Score: ,-153.814
Point: ,10,58,Repeat score:,1, Repeat contribution: ,-1,Dist:,32.2025, Dist contribution: ,-161.012, New scanned ratio: ,0.0443283, New Scanned Cells Contribution: ,0,Area ratio: ,0.736043, Area ratio Contribution: ,0,Perim diff: ,1.06405, Perim diff Contribution: ,0,Frontier diff: ,0, Frontier diff Contribution ,0,Inverse Area ratio: ,0.978121, Inv Area Ratio Contribution: ,0,Inverse Perim ratio: ,1.03616, Inv Perim Contribution: ,0, Final Score: ,-162.012
Point: ,9,57,Repeat score:,1, Repeat contribution: ,-1,Dist:,31.7819, Dist contribution: ,-158.91, New scanned ratio: ,0.0406079, New Scanned Cells Contribution: ,0,Area ratio: ,0.740244, Area ratio Contribution: ,0,Perim diff: ,1.06294, Perim diff Contribution: ,0,Frontier diff: ,0, Frontier diff Contribution ,0,Inverse Area ratio: ,0.978429, Inv Area Ratio Contribution: ,0,Inverse Perim ratio: ,1.0359, Inv Perim Contribution: ,0, Final Score: ,-159.91
Point: ,4,57,Repeat score:,1, Repeat contribution: ,-1,Dist:,35.1438, Dist contribution: ,-175.719, New scanned ratio: ,0.0334046, New Scanned Cells Contribution: ,0,Area ratio: ,0.738545, Area ratio Contribution: ,0,Perim diff: ,1.06481, Perim diff Contribution: ,0,Frontier diff: ,0, Frontier diff Contribution ,0,Inverse Area ratio: ,0.980099, Inv Area Ratio Contribution: ,0,Inverse Perim ratio: ,1.03557, Inv Perim Contribution: ,0, Final Score: ,-176.719
Point: ,0,55,Repeat score:,1, Repeat contribution: ,-1,Dist:,36.4611, Dist contribution: ,-182.305, New scanned ratio: ,0.0239056, New Scanned Cells Contribution: ,0,Area ratio: ,0.746972, Area ratio Contribution: ,0,Perim diff: ,1.06579, Perim diff Contribution: ,0,Frontier diff: ,0, Frontier diff Contribution ,0,Inverse Area ratio: ,0.979935, Inv Area Ratio Contribution: ,0,Inverse Perim ratio: ,1.03581, Inv Perim Contribution: ,0, Final Score: ,-183.305
BEST Point:,49,39, Score: ,-101.211
COUNT COMMAND: 1
Total frontiers: ,105, Prioritised frontiers: ,24
At: ,48,38,
Point: ,83,40,Repeat score:,1, Repeat contribution: ,-1,Dist:,35.0964, Dist contribution: ,-175.482, New scanned ratio: ,0.0491639, New Scanned Cells Contribution: ,0,Area ratio: ,0.861317, Area ratio Contribution: ,0,Perim diff: ,1.06238, Perim diff Contribution: ,0,Frontier diff: ,0, Frontier diff Contribution ,0,Inverse Area ratio: ,0.975049, Inv Area Ratio Contribution: ,0,Inverse Perim ratio: ,1.04248, Inv Perim Contribution: ,0, Final Score: ,-176.482
Point: ,82,41,Repeat score:,1, Repeat contribution: ,-1,Dist:,34.2229, Dist contribution: ,-171.115, New scanned ratio: ,0.0513986, New Scanned Cells Contribution: ,0,Area ratio: ,0.85643, Area ratio Contribution: ,0,Perim diff: ,1.06017, Perim diff Contribution: ,0,Frontier diff: ,0, Frontier diff Contribution ,0,Inverse Area ratio: ,0.974683, Inv Area Ratio Contribution: ,0,Inverse Perim ratio: ,1.04112, Inv Perim Contribution: ,0, Final Score: ,-172.115
Point: ,81,40,Repeat score:,1, Repeat contribution: ,-1,Dist:,33.1023, Dist contribution: ,-165.511, New scanned ratio: ,0.0476998, New Scanned Cells Contribution: ,0,Area ratio: ,0.86109, Area ratio Contribution: ,0,Perim diff: ,1.05847, Perim diff Contribution: ,0,Frontier diff: ,0, Frontier diff Contribution ,0,Inverse Area ratio: ,0.975313, Inv Area Ratio Contribution: ,0,Inverse Perim ratio: ,1.04, Inv Perim Contribution: ,0, Final Score: ,-166.511
Point: ,76,40,Repeat score:,1, Repeat contribution: ,-1,Dist:,28.1205, Dist contribution: ,-140.602, New scanned ratio: ,0.042845, New Scanned Cells Contribution: ,0,Area ratio: ,0.859413, Area ratio Contribution: ,0,Perim diff: ,1.05574, Perim diff Contribution: ,0,Frontier diff: ,0, Frontier diff Contribution ,0,Inverse Area ratio: ,0.976042, Inv Area Ratio Contribution: ,0,Inverse Perim ratio: ,1.03809, Inv Perim Contribution: ,0, Final Score: ,-141.602
Point: ,73,38,Repeat score:,1, Repeat contribution: ,-1,Dist:,25, Dist contribution: ,-125, New scanned ratio: ,0.0341373, New Scanned Cells Contribution: ,0,Area ratio: ,0.867781, Area ratio Contribution: ,0,Perim diff: ,1.05414, Perim diff Contribution: ,0,Frontier diff: ,0, Frontier diff Contribution ,0,Inverse Area ratio: ,0.976391, Inv Area Ratio Contribution: ,0,Inverse Perim ratio: ,1.03678, Inv Perim Contribution: ,0, Final Score: ,-126
Point: ,71,38,Repeat score:,1, Repeat contribution: ,-1,Dist:,23, Dist contribution: ,-115, New scanned ratio: ,0.0315173, New Scanned Cells Contribution: ,0,Area ratio: ,0.866726, Area ratio Contribution: ,0,Perim diff: ,1.05466, Perim diff Contribution: ,0,Frontier diff: ,0, Frontier diff Contribution ,0,Inverse Area ratio: ,0.975161, Inv Area Ratio Contribution: ,0,Inverse Perim ratio: ,1.03696, Inv Perim Contribution: ,0, Final Score: ,-116
Point: ,68,40,Repeat score:,1, Repeat contribution: ,-1,Dist:,20.1683, Dist contribution: ,-100.841, New scanned ratio: ,0.0325191, New Scanned Cells Contribution: ,0,Area ratio: ,0.85453, Area ratio Contribution: ,0,Perim diff: ,1.05556, Perim diff Contribution: ,0,Frontier diff: ,0, Frontier diff Contribution ,0,Inverse Area ratio: ,0.974883, Inv Area Ratio Contribution: ,0,Inverse Perim ratio: ,1.03775, Inv Perim Contribution: ,0, Final Score: ,-101.841
Point: ,68,44,Repeat score:,1, Repeat contribution: ,-1,Dist:,21.4672, Dist contribution: ,-107.336, New scanned ratio: ,0.0426909, New Scanned Cells Contribution: ,0,Area ratio: ,0.833555, Area ratio Contribution: ,0,Perim diff: ,1.06268, Perim diff Contribution: ,0,Frontier diff: ,0, Frontier diff Contribution ,0,Inverse Area ratio: ,0.973132, Inv Area Ratio Contribution: ,0,Inverse Perim ratio: ,1.04285, Inv Perim Contribution: ,0, Final Score: ,-108.336
Point: ,65,50,Repeat score:,1, Repeat contribution: ,-1,Dist:,23.0729, Dist contribution: ,-115.365, New scanned ratio: ,0.0548663, New Scanned Cells Contribution: ,0,Area ratio: ,0.802025, Area ratio Contribution: ,0,Perim diff: ,1.07593, Perim diff Contribution: ,0,Frontier diff: ,0, Frontier diff Contribution ,0,Inverse Area ratio: ,0.971017, Inv Area Ratio Contribution: ,0,Inverse Perim ratio: ,1.05269, Inv Perim Contribution: ,0, Final Score: ,-116.365
Point: ,60,55,Repeat score:,1, Repeat contribution: ,-1,Dist:,25.1478, Dist contribution: ,-125.739, New scanned ratio: ,0.060954, New Scanned Cells Contribution: ,0,Area ratio: ,0.774999, Area ratio Contribution: ,0,Perim diff: ,1.10631, Perim diff Contribution: ,0,Frontier diff: ,0, Frontier diff Contribution ,0,Inverse Area ratio: ,0.966888, Inv Area Ratio Contribution: ,0,Inverse Perim ratio: ,1.07368, Inv Perim Contribution: ,0, Final Score: ,-126.739
Point: ,54,58,Repeat score:,1, Repeat contribution: ,-1,Dist:,26.6833, Dist contribution: ,-133.417, New scanned ratio: ,0.0605687, New Scanned Cells Contribution: ,0,Area ratio: ,0.758026, Area ratio Contribution: ,0,Perim diff: ,1.09944, Perim diff Contribution: ,0,Frontier diff: ,0, Frontier diff Contribution ,0,Inverse Area ratio: ,0.966977, Inv Area Ratio Contribution: ,0,Inverse Perim ratio: ,1.07126, Inv Perim Contribution: ,0, Final Score: ,-134.417
Point: ,49,58,Repeat score:,1, Repeat contribution: ,-1,Dist:,26.0192, Dist contribution: ,-130.096, New scanned ratio: ,0.0556369, New Scanned Cells Contribution: ,0,Area ratio: ,0.755747, Area ratio Contribution: ,0,Perim diff: ,1.08956, Perim diff Contribution: ,0,Frontier diff: ,0, Frontier diff Contribution ,0,Inverse Area ratio: ,0.967846, Inv Area Ratio Contribution: ,0,Inverse Perim ratio: ,1.06555, Inv Perim Contribution: ,0, Final Score: ,-131.096
Point: ,48,59,Repeat score:,1, Repeat contribution: ,-1,Dist:,27.3, Dist contribution: ,-136.5, New scanned ratio: ,0.0577175, New Scanned Cells Contribution: ,0,Area ratio: ,0.75118, Area ratio Contribution: ,0,Perim diff: ,1.0915, Perim diff Contribution: ,0,Frontier diff: ,0, Frontier diff Contribution ,0,Inverse Area ratio: ,0.967488, Inv Area Ratio Contribution: ,0,Inverse Perim ratio: ,1.06752, Inv Perim Contribution: ,0, Final Score: ,-137.5
Point: ,47,58,Repeat score:,1, Repeat contribution: ,-1,Dist:,26.0192, Dist contribution: ,-130.096, New scanned ratio: ,0.0541728, New Scanned Cells Contribution: ,0,Area ratio: ,0.755155, Area ratio Contribution: ,0,Perim diff: ,1.08632, Perim diff Contribution: ,0,Frontier diff: ,0, Frontier diff Contribution ,0,Inverse Area ratio: ,0.968102, Inv Area Ratio Contribution: ,0,Inverse Perim ratio: ,1.06375, Inv Perim Contribution: ,0, Final Score: ,-131.096
Point: ,42,58,Repeat score:,1, Repeat contribution: ,-1,Dist:,26.6833, Dist contribution: ,-133.417, New scanned ratio: ,0.0517069, New Scanned Cells Contribution: ,0,Area ratio: ,0.754581, Area ratio Contribution: ,0,Perim diff: ,1.08168, Perim diff Contribution: ,0,Frontier diff: ,0, Frontier diff Contribution ,0,Inverse Area ratio: ,0.968517, Inv Area Ratio Contribution: ,0,Inverse Perim ratio: ,1.06156, Inv Perim Contribution: ,0, Final Score: ,-134.417
Point: ,39,56,Repeat score:,1, Repeat contribution: ,-1,Dist:,25.0711, Dist contribution: ,-125.355, New scanned ratio: ,0.0452339, New Scanned Cells Contribution: ,0,Area ratio: ,0.763425, Area ratio Contribution: ,0,Perim diff: ,1.07432, Perim diff Contribution: ,0,Frontier diff: ,0, Frontier diff Contribution ,0,Inverse Area ratio: ,0.969617, Inv Area Ratio Contribution: ,0,Inverse Perim ratio: ,1.05616, Inv Perim Contribution: ,0, Final Score: ,-126.355
Point: ,35,58,Repeat score:,1, Repeat contribution: ,-1,Dist:,29.0689, Dist contribution: ,-145.344, New scanned ratio: ,0.0513216, New Scanned Cells Contribution: ,0,Area ratio: ,0.755997, Area ratio Contribution: ,0,Perim diff: ,1.07461, Perim diff Contribution: ,0,Frontier diff: ,0, Frontier diff Contribution ,0,Inverse Area ratio: ,0.9686, Inv Area Ratio Contribution: ,0,Inverse Perim ratio: ,1.05847, Inv Perim Contribution: ,0, Final Score: ,-146.344
Point: ,30,58,Repeat score:,1, Repeat contribution: ,-1,Dist:,31.6228, Dist contribution: ,-158.114, New scanned ratio: ,0.0517069, New Scanned Cells Contribution: ,0,Area ratio: ,0.757271, Area ratio Contribution: ,0,Perim diff: ,1.06609, Perim diff Contribution: ,0,Frontier diff: ,0, Frontier diff Contribution ,0,Inverse Area ratio: ,0.968543, Inv Area Ratio Contribution: ,0,Inverse Perim ratio: ,1.05441, Inv Perim Contribution: ,0, Final Score: ,-159.114
Point: ,29,59,Repeat score:,1, Repeat contribution: ,-1,Dist:,33.2609, Dist contribution: ,-166.305, New scanned ratio: ,0.0547122, New Scanned Cells Contribution: ,0,Area ratio: ,0.753147, Area ratio Contribution: ,0,Perim diff: ,1.0711, Perim diff Contribution: ,0,Frontier diff: ,0, Frontier diff Contribution ,0,Inverse Area ratio: ,0.968006, Inv Area Ratio Contribution: ,0,Inverse Perim ratio: ,1.05875, Inv Perim Contribution: ,0, Final Score: ,-167.305
Point: ,28,58,Repeat score:,1, Repeat contribution: ,-1,Dist:,32.8024, Dist contribution: ,-164.012, New scanned ratio: ,0.0517839, New Scanned Cells Contribution: ,0,Area ratio: ,0.757558, Area ratio Contribution: ,0,Perim diff: ,1.06733, Perim diff Contribution: ,0,Frontier diff: ,0, Frontier diff Contribution ,0,Inverse Area ratio: ,0.968517, Inv Area Ratio Contribution: ,0,Inverse Perim ratio: ,1.05584, Inv Perim Contribution: ,0, Final Score: ,-165.012
Point: ,23,58,Repeat score:,1, Repeat contribution: ,-1,Dist:,36.0694, Dist contribution: ,-180.347, New scanned ratio: ,0.0522463, New Scanned Cells Contribution: ,0,Area ratio: ,0.758417, Area ratio Contribution: ,0,Perim diff: ,1.06541, Perim diff Contribution: ,0,Frontier diff: ,0, Frontier diff Contribution ,0,Inverse Area ratio: ,0.968441, Inv Area Ratio Contribution: ,0,Inverse Perim ratio: ,1.05705, Inv Perim Contribution: ,0, Final Score: ,-181.347
Point: ,20,56,Repeat score:,1, Repeat contribution: ,-1,Dist:,36.4905, Dist contribution: ,-182.453, New scanned ratio: ,0.0465439, New Scanned Cells Contribution: ,0,Area ratio: ,0.767287, Area ratio Contribution: ,0,Perim diff: ,1.0639, Perim diff Contribution: ,0,Frontier diff: ,-1, Frontier diff Contribution ,-0,Inverse Area ratio: ,0.970286, Inv Area Ratio Contribution: ,0,Inverse Perim ratio: ,1.05309, Inv Perim Contribution: ,0, Final Score: ,-183.453
Point: ,17,56,Repeat score:,1, Repeat contribution: ,-1,Dist:,38.8402, Dist contribution: ,-194.201, New scanned ratio: ,0.045388, New Scanned Cells Contribution: ,0,Area ratio: ,0.766879, Area ratio Contribution: ,0,Perim diff: ,1.06299, Perim diff Contribution: ,0,Frontier diff: ,0, Frontier diff Contribution ,0,Inverse Area ratio: ,0.975041, Inv Area Ratio Contribution: ,0,Inverse Perim ratio: ,1.04413, Inv Perim Contribution: ,0, Final Score: ,-195.201
Point: ,16,57,Repeat score:,1, Repeat contribution: ,-1,Dist:,40.4239, Dist contribution: ,-202.119, New scanned ratio: ,0.0474686, New Scanned Cells Contribution: ,0,Area ratio: ,0.762169, Area ratio Contribution: ,0,Perim diff: ,1.06323, Perim diff Contribution: ,0,Frontier diff: ,0, Frontier diff Contribution ,0,Inverse Area ratio: ,0.976056, Inv Area Ratio Contribution: ,0,Inverse Perim ratio: ,1.04222, Inv Perim Contribution: ,0, Final Score: ,-203.119
BEST Point:,68,40, Score: ,-101.841
COUNT COMMAND: 1
Total frontiers: ,105, Prioritised frontiers: ,24
At: ,67,39,
Point: ,103,40,Repeat score:,1, Repeat contribution: ,-1,Dist:,36.0235, Dist contribution: ,-180.117, New scanned ratio: ,0.048311, New Scanned Cells Contribution: ,0,Area ratio: ,0.875709, Area ratio Contribution: ,0,Perim diff: ,1.06242, Perim diff Contribution: ,0,Frontier diff: ,0, Frontier diff Contribution ,0,Inverse Area ratio: ,0.973147, Inv Area Ratio Contribution: ,0,Inverse Perim ratio: ,1.04269, Inv Perim Contribution: ,0, Final Score: ,-181.117
Point: ,102,41,Repeat score:,1, Repeat contribution: ,-1,Dist:,35.0964, Dist contribution: ,-175.482, New scanned ratio: ,0.0504831, New Scanned Cells Contribution: ,0,Area ratio: ,0.87107, Area ratio Contribution: ,0,Perim diff: ,1.06286, Perim diff Contribution: ,0,Frontier diff: ,0, Frontier diff Contribution ,0,Inverse Area ratio: ,0.972779, Inv Area Ratio Contribution: ,0,Inverse Perim ratio: ,1.04322, Inv Perim Contribution: ,0, Final Score: ,-176.482
Point: ,101,40,Repeat score:,1, Repeat contribution: ,-1,Dist:,34.0248, Dist contribution: ,-170.124, New scanned ratio: ,0.0469628, New Scanned Cells Contribution: ,0,Area ratio: ,0.875662, Area ratio Contribution: ,0,Perim diff: ,1.05865, Perim diff Contribution: ,0,Frontier diff: ,0, Frontier diff Contribution ,0,Inverse Area ratio: ,0.973405, Inv Area Ratio Contribution: ,0,Inverse Perim ratio: ,1.04037, Inv Perim Contribution: ,0, Final Score: ,-171.124
Point: ,96,40,Repeat score:,1, Repeat contribution: ,-1,Dist:,29.0291, Dist contribution: ,-145.146, New scanned ratio: ,0.042244, New Scanned Cells Contribution: ,0,Area ratio: ,0.874143, Area ratio Contribution: ,0,Perim diff: ,1.05601, Perim diff Contribution: ,0,Frontier diff: ,0, Frontier diff Contribution ,0,Inverse Area ratio: ,0.974217, Inv Area Ratio Contribution: ,0,Inverse Perim ratio: ,1.03852, Inv Perim Contribution: ,0, Final Score: ,-146.146
Point: ,93,38,Repeat score:,1, Repeat contribution: ,-1,Dist:,26.0325, Dist contribution: ,-130.162, New scanned ratio: ,0.0337802, New Scanned Cells Contribution: ,0,Area ratio: ,0.880737, Area ratio Contribution: ,0,Perim diff: ,1.05402, Perim diff Contribution: ,0,Frontier diff: ,0, Frontier diff Contribution ,0,Inverse Area ratio: ,0.974614, Inv Area Ratio Contribution: ,0,Inverse Perim ratio: ,1.03703, Inv Perim Contribution: ,0, Final Score: ,-131.162
Point: ,91,38,Repeat score:,1, Repeat contribution: ,-1,Dist:,24.0352, Dist contribution: ,-120.176, New scanned ratio: ,0.0312336, New Scanned Cells Contribution: ,0,Area ratio: ,0.879671, Area ratio Contribution: ,0,Perim diff: ,1.05472, Perim diff Contribution: ,0,Frontier diff: ,0, Frontier diff Contribution ,0,Inverse Area ratio: ,0.973277, Inv Area Ratio Contribution: ,0,Inverse Perim ratio: ,1.03735, Inv Perim Contribution: ,0, Final Score: ,-121.176
Point: ,87,40,Repeat score:,1, Repeat contribution: ,-1,Dist:,20.0422, Dist contribution: ,-100.211, New scanned ratio: ,0.0307842, New Scanned Cells Contribution: ,0,Area ratio: ,0.868694, Area ratio Contribution: ,0,Perim diff: ,1.05481, Perim diff Contribution: ,0,Frontier diff: ,0, Frontier diff Contribution ,0,Inverse Area ratio: ,0.97321, Inv Area Ratio Contribution: ,0,Inverse Perim ratio: ,1.03757, Inv Perim Contribution: ,0, Final Score: ,-101.211
Point: ,87,45,Repeat score:,1, Repeat contribution: ,-1,Dist:,21.4672, Dist contribution: ,-107.336, New scanned ratio: ,0.042993, New Scanned Cells Contribution: ,0,Area ratio: ,0.842549, Area ratio Contribution: ,0,Perim diff: ,1.06323, Perim diff Contribution: ,0,Frontier diff: ,0, Frontier diff Contribution ,0,Inverse Area ratio: ,0.971075, Inv Area Ratio Contribution: ,0,Inverse Perim ratio: ,1.04371, Inv Perim Contribution: ,0, Final Score: ,-108.336
Point: ,84,51,Repeat score:,1, Repeat contribution: ,-1,Dist:,23.0729, Dist contribution: ,-115.365, New scanned ratio: ,0.0544528, New Scanned Cells Contribution: ,0,Area ratio: ,0.811588, Area ratio Contribution: ,0,Perim diff: ,1.07602, Perim diff Contribution: ,0,Frontier diff: ,0, Frontier diff Contribution ,0,Inverse Area ratio: ,0.969011, Inv Area Ratio Contribution: ,0,Inverse Perim ratio: ,1.05564, Inv Perim Contribution: ,0, Final Score: ,-116.365
Point: ,79,56,Repeat score:,1, Repeat contribution: ,-1,Dist:,25.1478, Dist contribution: ,-125.739, New scanned ratio: ,0.0593963, New Scanned Cells Contribution: ,0,Area ratio: ,0.783258, Area ratio Contribution: ,0,Perim diff: ,1.10686, Perim diff Contribution: ,0,Frontier diff: ,0, Frontier diff Contribution ,0,Inverse Area ratio: ,0.965042, Inv Area Ratio Contribution: ,0,Inverse Perim ratio: ,1.07429, Inv Perim Contribution: ,0, Final Score: ,-126.739
Point: ,73,59,Repeat score:,1, Repeat contribution: ,-1,Dist:,26.6833, Dist contribution: ,-133.417, New scanned ratio: ,0.0590967, New Scanned Cells Contribution: ,0,Area ratio: ,0.765881, Area ratio Contribution: ,0,Perim diff: ,1.10481, Perim diff Contribution: ,0,Frontier diff: ,0, Frontier diff Contribution ,0,Inverse Area ratio: ,0.9651, Inv Area Ratio Contribution: ,0,Inverse Perim ratio: ,1.07449, Inv Perim Contribution: ,0, Final Score: ,-134.417
Point: ,68,59,Repeat score:,1, Repeat contribution: ,-1,Dist:,26.0192, Dist contribution: ,-130.096, New scanned ratio: ,0.0547525, New Scanned Cells Contribution: ,0,Area ratio: ,0.764547, Area ratio Contribution: ,0,Perim diff: ,1.09296, Perim diff Contribution: ,0,Frontier diff: ,0, Frontier diff Contribution ,0,Inverse Area ratio: ,0.965907, Inv Area Ratio Contribution: ,0,Inverse Perim ratio: ,1.06736, Inv Perim Contribution: ,0, Final Score: ,-131.096
Point: ,67,60,Repeat score:,1, Repeat contribution: ,-1,Dist:,27.3, Dist contribution: ,-136.5, New scanned ratio: ,0.0567748, New Scanned Cells Contribution: ,0,Area ratio: ,0.760118, Area ratio Contribution: ,0,Perim diff: ,1.09524, Perim diff Contribution: ,0,Frontier diff: ,0, Frontier diff Contribution ,0,Inverse Area ratio: ,0.965536, Inv Area Ratio Contribution: ,0,Inverse Perim ratio: ,1.06933, Inv Perim Contribution: ,0, Final Score: ,-137.5
Point: ,66,59,Repeat score:,1, Repeat contribution: ,-1,Dist:,26.0192, Dist contribution: ,-130.096, New scanned ratio: ,0.0534042, New Scanned Cells Contribution: ,0,Area ratio: ,0.764296, Area ratio Contribution: ,0,Perim diff: ,1.09228, Perim diff Contribution: ,0,Frontier diff: ,0, Frontier diff Contribution ,0,Inverse Area ratio: ,0.966138, Inv Area Ratio Contribution: ,0,Inverse Perim ratio: ,1.06699, Inv Perim Contribution: ,0, Final Score: ,-131.096
Point: ,61,59,Repeat score:,1, Repeat contribution: ,-1,Dist:,26.6833, Dist contribution: ,-133.417, New scanned ratio: ,0.0513819, New Scanned Cells Contribution: ,0,Area ratio: ,0.764826, Area ratio Contribution: ,0,Perim diff: ,1.08594, Perim diff Contribution: ,0,Frontier diff: ,0, Frontier diff Contribution ,0,Inverse Area ratio: ,0.966491, Inv Area Ratio Contribution: ,0,Inverse Perim ratio: ,1.06336, Inv Perim Contribution: ,0, Final Score: ,-134.417
Point: ,58,57,Repeat score:,1, Repeat contribution: ,-1,Dist:,25.0711, Dist contribution: ,-125.355, New scanned ratio: ,0.045315, New Scanned Cells Contribution: ,0,Area ratio: ,0.774346, Area ratio Contribution: ,0,Perim diff: ,1.07726, Perim diff Contribution: ,0,Frontier diff: ,0, Frontier diff Contribution ,0,Inverse Area ratio: ,0.967574, Inv Area Ratio Contribution: ,0,Inverse Perim ratio: ,1.05968, Inv Perim Contribution: ,0, Final Score: ,-126.355
Point: ,55,57,Repeat score:,1, Repeat contribution: ,-1,Dist:,26.2975, Dist contribution: ,-131.488, New scanned ratio: ,0.045315, New Scanned Cells Contribution: ,0,Area ratio: ,0.775281, Area ratio Contribution: ,0,Perim diff: ,1.07302, Perim diff Contribution: ,0,Frontier diff: ,0, Frontier diff Contribution ,0,Inverse Area ratio: ,0.967587, Inv Area Ratio Contribution: ,0,Inverse Perim ratio: ,1.05447, Inv Perim Contribution: ,0, Final Score: ,-132.488
Point: ,54,58,Repeat score:,1, Repeat contribution: ,-1,Dist:,27.9122, Dist contribution: ,-139.561, New scanned ratio: ,0.0483859, New Scanned Cells Contribution: ,0,Area ratio: ,0.771705, Area ratio Contribution: ,0,Perim diff: ,1.07319, Perim diff Contribution: ,0,Frontier diff: ,0, Frontier diff Contribution ,0,Inverse Area ratio: ,0.967074, Inv Area Ratio Contribution: ,0,Inverse Perim ratio: ,1.05531, Inv Perim Contribution: ,0, Final Score: ,-140.561
Point: ,49,58,Repeat score:,1, Repeat contribution: ,-1,Dist:,30.5629, Dist contribution: ,-152.814, New scanned ratio: ,0.0486106, New Scanned Cells Contribution: ,0,Area ratio: ,0.77327, Area ratio Contribution: ,0,Perim diff: ,1.07086, Perim diff Contribution: ,0,Frontier diff: ,0, Frontier diff Contribution ,0,Inverse Area ratio: ,0.967016, Inv Area Ratio Contribution: ,0,Inverse Perim ratio: ,1.05431, Inv Perim Contribution: ,0, Final Score: ,-153.814
Point: ,48,59,Repeat score:,1, Repeat contribution: ,-1,Dist:,32.2025, Dist contribution: ,-161.012, New scanned ratio: ,0.0516815, New Scanned Cells Contribution: ,0,Area ratio: ,0.76935, Area ratio Contribution: ,0,Perim diff: ,1.07375, Perim diff Contribution: ,0,Frontier diff: ,0, Frontier diff Contribution ,0,Inverse Area ratio: ,0.966478, Inv Area Ratio Contribution: ,0,Inverse Perim ratio: ,1.05685, Inv Perim Contribution: ,0, Final Score: ,-162.012
Point: ,47,58,Repeat score:,1, Repeat contribution: ,-1,Dist:,31.7819, Dist contribution: ,-158.91, New scanned ratio: ,0.0488353, New Scanned Cells Contribution: ,0,Area ratio: ,0.773907, Area ratio Contribution: ,0,Perim diff: ,1.06967, Perim diff Contribution: ,0,Frontier diff: ,0, Frontier diff Contribution ,0,Inverse Area ratio: ,0.966984, Inv Area Ratio Contribution: ,0,Inverse Perim ratio: ,1.05378, Inv Perim Contribution: ,0, Final Score: ,-159.91
Point: ,42,58,Repeat score:,1, Repeat contribution: ,-1,Dist:,35.1438, Dist contribution: ,-175.719, New scanned ratio: ,0.0492098, New Scanned Cells Contribution: ,0,Area ratio: ,0.775203, Area ratio Contribution: ,0,Perim diff: ,1.07353, Perim diff Contribution: ,0,Frontier diff: ,0, Frontier diff Contribution ,0,Inverse Area ratio: ,0.966907, Inv Area Ratio Contribution: ,0,Inverse Perim ratio: ,1.05689, Inv Perim Contribution: ,0, Final Score: ,-176.719
Point: ,38,56,Repeat score:,1, Repeat contribution: ,-1,Dist:,36.4611, Dist contribution: ,-182.305, New scanned ratio: ,0.0438169, New Scanned Cells Contribution: ,0,Area ratio: ,0.785161, Area ratio Contribution: ,0,Perim diff: ,1.07186, Perim diff Contribution: ,0,Frontier diff: ,0, Frontier diff Contribution ,0,Inverse Area ratio: ,0.967837, Inv Area Ratio Contribution: ,0,Inverse Perim ratio: ,1.05505, Inv Perim Contribution: ,0, Final Score: ,-183.305
Point: ,35,58,Repeat score:,1, Repeat contribution: ,-1,Dist:,40.4239, Dist contribution: ,-202.119, New scanned ratio: ,0.0498839, New Scanned Cells Contribution: ,0,Area ratio: ,0.7772, Area ratio Contribution: ,0,Perim diff: ,1.07552, Perim diff Contribution: ,0,Frontier diff: ,0, Frontier diff Contribution ,0,Inverse Area ratio: ,0.966773, Inv Area Ratio Contribution: ,0,Inverse Perim ratio: ,1.0594, Inv Perim Contribution: ,0, Final Score: ,-203.119
BEST Point:,87,40, Score: ,-101.211
COUNT COMMAND: 1
Total frontiers: ,105, Prioritised frontiers: ,25
At: ,86,39,
Point: ,123,40,Repeat score:,1, Repeat contribution: ,-1,Dist:,37.0228, Dist contribution: ,-185.114, New scanned ratio: ,0.0476156, New Scanned Cells Contribution: ,0,Area ratio: ,0.888822, Area ratio Contribution: ,0,Perim diff: ,1.0641, Perim diff Contribution: ,0,Frontier diff: ,0, Frontier diff Contribution ,0,Inverse Area ratio: ,0.971342, Inv Area Ratio Contribution: ,0,Inverse Perim ratio: ,1.0438, Inv Perim Contribution: ,0, Final Score: ,-186.114
Point: ,122,41,Repeat score:,1, Repeat contribution: ,-1,Dist:,36.0938, Dist contribution: ,-180.469, New scanned ratio: ,0.049876, New Scanned Cells Contribution: ,0,Area ratio: ,0.884736, Area ratio Contribution: ,0,Perim diff: ,1.06245, Perim diff Contribution: ,0,Frontier diff: ,0, Frontier diff Contribution ,0,Inverse Area ratio: ,0.97096, Inv Area Ratio Contribution: ,0,Inverse Perim ratio: ,1.04322, Inv Perim Contribution: ,0, Final Score: ,-181.469
Point: ,121,40,Repeat score:,1, Repeat contribution: ,-1,Dist:,35.0241, Dist contribution: ,-175.121, New scanned ratio: ,0.0464489, New Scanned Cells Contribution: ,0,Area ratio: ,0.888847, Area ratio Contribution: ,0,Perim diff: ,1.05992, Perim diff Contribution: ,0,Frontier diff: ,0, Frontier diff Contribution ,0,Inverse Area ratio: ,0.971575, Inv Area Ratio Contribution: ,0,Inverse Perim ratio: ,1.04148, Inv Perim Contribution: ,0, Final Score: ,-176.121
Point: ,116,40,Repeat score:,1, Repeat contribution: ,-1,Dist:,30.0282, Dist contribution: ,-150.141, New scanned ratio: ,0.0421467, New Scanned Cells Contribution: ,0,Area ratio: ,0.887843, Area ratio Contribution: ,0,Perim diff: ,1.05528, Perim diff Contribution: ,0,Frontier diff: ,0, Frontier diff Contribution ,0,Inverse Area ratio: ,0.972358, Inv Area Ratio Contribution: ,0,Inverse Perim ratio: ,1.0383, Inv Perim Contribution: ,0, Final Score: ,-151.141
Point: ,113,38,Repeat score:,1, Repeat contribution: ,-1,Dist:,27.0313, Dist contribution: ,-135.156, New scanned ratio: ,0.033907, New Scanned Cells Contribution: ,0,Area ratio: ,0.893897, Area ratio Contribution: ,0,Perim diff: ,1.0547, Perim diff Contribution: ,0,Frontier diff: ,0, Frontier diff Contribution ,0,Inverse Area ratio: ,0.972857, Inv Area Ratio Contribution: ,0,Inverse Perim ratio: ,1.03768, Inv Perim Contribution: ,0, Final Score: ,-136.156
Point: ,111,38,Repeat score:,1, Repeat contribution: ,-1,Dist:,25.0338, Dist contribution: ,-125.169, New scanned ratio: ,0.0315007, New Scanned Cells Contribution: ,0,Area ratio: ,0.892959, Area ratio Contribution: ,0,Perim diff: ,1.0542, Perim diff Contribution: ,0,Frontier diff: ,0, Frontier diff Contribution ,0,Inverse Area ratio: ,0.971375, Inv Area Ratio Contribution: ,0,Inverse Perim ratio: ,1.03729, Inv Perim Contribution: ,0, Final Score: ,-126.169
Point: ,108,40,Repeat score:,1, Repeat contribution: ,-1,Dist:,22.0384, Dist contribution: ,-110.192, New scanned ratio: ,0.0324486, New Scanned Cells Contribution: ,0,Area ratio: ,0.88343, Area ratio Contribution: ,0,Perim diff: ,1.05508, Perim diff Contribution: ,0,Frontier diff: ,0, Frontier diff Contribution ,0,Inverse Area ratio: ,0.971102, Inv Area Ratio Contribution: ,0,Inverse Perim ratio: ,1.03805, Inv Perim Contribution: ,0, Final Score: ,-111.192
Point: ,106,40,Repeat score:,1, Repeat contribution: ,-1,Dist:,20.0422, Dist contribution: ,-100.211, New scanned ratio: ,0.0299694, New Scanned Cells Contribution: ,0,Area ratio: ,0.882328, Area ratio Contribution: ,0,Perim diff: ,1.05431, Perim diff Contribution: ,0,Frontier diff: ,0, Frontier diff Contribution ,0,Inverse Area ratio: ,0.971534, Inv Area Ratio Contribution: ,0,Inverse Perim ratio: ,1.03747, Inv Perim Contribution: ,0, Final Score: ,-101.211
Point: ,106,45,Repeat score:,1, Repeat contribution: ,-1,Dist:,21.4672, Dist contribution: ,-107.336, New scanned ratio: ,0.041855, New Scanned Cells Contribution: ,0,Area ratio: ,0.856516, Area ratio Contribution: ,0,Perim diff: ,1.06272, Perim diff Contribution: ,0,Frontier diff: ,0, Frontier diff Contribution ,0,Inverse Area ratio: ,0.969373, Inv Area Ratio Contribution: ,0,Inverse Perim ratio: ,1.04387, Inv Perim Contribution: ,0, Final Score: ,-108.336
Point: ,103,51,Repeat score:,1, Repeat contribution: ,-1,Dist:,23.0729, Dist contribution: ,-115.365, New scanned ratio: ,0.0530115, New Scanned Cells Contribution: ,0,Area ratio: ,0.82522, Area ratio Contribution: ,0,Perim diff: ,1.07961, Perim diff Contribution: ,0,Frontier diff: ,0, Frontier diff Contribution ,0,Inverse Area ratio: ,0.967309, Inv Area Ratio Contribution: ,0,Inverse Perim ratio: ,1.05553, Inv Perim Contribution: ,0, Final Score: ,-116.365
Point: ,98,56,Repeat score:,1, Repeat contribution: ,-1,Dist:,25.1478, Dist contribution: ,-125.739, New scanned ratio: ,0.0577512, New Scanned Cells Contribution: ,0,Area ratio: ,0.796567, Area ratio Contribution: ,0,Perim diff: ,1.1067, Perim diff Contribution: ,0,Frontier diff: ,0, Frontier diff Contribution ,0,Inverse Area ratio: ,0.963359, Inv Area Ratio Contribution: ,0,Inverse Perim ratio: ,1.07427, Inv Perim Contribution: ,0, Final Score: ,-126.739
Point: ,92,59,Repeat score:,1, Repeat contribution: ,-1,Dist:,26.6833, Dist contribution: ,-133.417, New scanned ratio: ,0.0573137, New Scanned Cells Contribution: ,0,Area ratio: ,0.778919, Area ratio Contribution: ,0,Perim diff: ,1.10164, Perim diff Contribution: ,0,Frontier diff: ,0, Frontier diff Contribution ,0,Inverse Area ratio: ,0.963449, Inv Area Ratio Contribution: ,0,Inverse Perim ratio: ,1.07253, Inv Perim Contribution: ,0, Final Score: ,-134.417
Point: ,87,59,Repeat score:,1, Repeat contribution: ,-1,Dist:,26.0192, Dist contribution: ,-130.096, New scanned ratio: ,0.0526469, New Scanned Cells Contribution: ,0,Area ratio: ,0.777269, Area ratio Contribution: ,0,Perim diff: ,1.09236, Perim diff Contribution: ,0,Frontier diff: ,0, Frontier diff Contribution ,0,Inverse Area ratio: ,0.964323, Inv Area Ratio Contribution: ,0,Inverse Perim ratio: ,1.06682, Inv Perim Contribution: ,0, Final Score: ,-131.096
Point: ,86,60,Repeat score:,1, Repeat contribution: ,-1,Dist:,27.3, Dist contribution: ,-136.5, New scanned ratio: ,0.0546157, New Scanned Cells Contribution: ,0,Area ratio: ,0.772755, Area ratio Contribution: ,0,Perim diff: ,1.09472, Perim diff Contribution: ,0,Frontier diff: ,0, Frontier diff Contribution ,0,Inverse Area ratio: ,0.963963, Inv Area Ratio Contribution: ,0,Inverse Perim ratio: ,1.06879, Inv Perim Contribution: ,0, Final Score: ,-137.5
Point: ,85,59,Repeat score:,1, Repeat contribution: ,-1,Dist:,26.0192, Dist contribution: ,-130.096, New scanned ratio: ,0.0512615, New Scanned Cells Contribution: ,0,Area ratio: ,0.777004, Area ratio Contribution: ,0,Perim diff: ,1.08941, Perim diff Contribution: ,0,Frontier diff: ,0, Frontier diff Contribution ,0,Inverse Area ratio: ,0.96458, Inv Area Ratio Contribution: ,0,Inverse Perim ratio: ,1.06502, Inv Perim Contribution: ,0, Final Score: ,-131.096
Point: ,80,59,Repeat score:,1, Repeat contribution: ,-1,Dist:,26.6833, Dist contribution: ,-133.417, New scanned ratio: ,0.0489281, New Scanned Cells Contribution: ,0,Area ratio: ,0.777227, Area ratio Contribution: ,0,Perim diff: ,1.08563, Perim diff Contribution: ,0,Frontier diff: ,0, Frontier diff Contribution ,0,Inverse Area ratio: ,0.964998, Inv Area Ratio Contribution: ,0,Inverse Perim ratio: ,1.06283, Inv Perim Contribution: ,0, Final Score: ,-134.417
Point: ,77,57,Repeat score:,1, Repeat contribution: ,-1,Dist:,25.0711, Dist contribution: ,-125.355, New scanned ratio: ,0.042803, New Scanned Cells Contribution: ,0,Area ratio: ,0.786803, Area ratio Contribution: ,0,Perim diff: ,1.07814, Perim diff Contribution: ,0,Frontier diff: ,0, Frontier diff Contribution ,0,Inverse Area ratio: ,0.966104, Inv Area Ratio Contribution: ,0,Inverse Perim ratio: ,1.05743, Inv Perim Contribution: ,0, Final Score: ,-126.355
Point: ,73,59,Repeat score:,1, Repeat contribution: ,-1,Dist:,29.0689, Dist contribution: ,-145.344, New scanned ratio: ,0.0485635, New Scanned Cells Contribution: ,0,Area ratio: ,0.779713, Area ratio Contribution: ,0,Perim diff: ,1.08025, Perim diff Contribution: ,0,Frontier diff: ,0, Frontier diff Contribution ,0,Inverse Area ratio: ,0.965082, Inv Area Ratio Contribution: ,0,Inverse Perim ratio: ,1.05973, Inv Perim Contribution: ,0, Final Score: ,-146.344
Point: ,68,59,Repeat score:,1, Repeat contribution: ,-1,Dist:,31.6228, Dist contribution: ,-158.114, New scanned ratio: ,0.0489281, New Scanned Cells Contribution: ,0,Area ratio: ,0.78192, Area ratio Contribution: ,0,Perim diff: ,1.07347, Perim diff Contribution: ,0,Frontier diff: ,0, Frontier diff Contribution ,0,Inverse Area ratio: ,0.965024, Inv Area Ratio Contribution: ,0,Inverse Perim ratio: ,1.05567, Inv Perim Contribution: ,0, Final Score: ,-159.114
Point: ,67,60,Repeat score:,1, Repeat contribution: ,-1,Dist:,33.2609, Dist contribution: ,-166.305, New scanned ratio: ,0.0517719, New Scanned Cells Contribution: ,0,Area ratio: ,0.777965, Area ratio Contribution: ,0,Perim diff: ,1.07956, Perim diff Contribution: ,0,Frontier diff: ,0, Frontier diff Contribution ,0,Inverse Area ratio: ,0.964484, Inv Area Ratio Contribution: ,0,Inverse Perim ratio: ,1.06002, Inv Perim Contribution: ,0, Final Score: ,-167.305
Point: ,66,59,Repeat score:,1, Repeat contribution: ,-1,Dist:,32.8024, Dist contribution: ,-164.012, New scanned ratio: ,0.049001, New Scanned Cells Contribution: ,0,Area ratio: ,0.782689, Area ratio Contribution: ,0,Perim diff: ,1.07567, Perim diff Contribution: ,0,Frontier diff: ,0, Frontier diff Contribution ,0,Inverse Area ratio: ,0.964998, Inv Area Ratio Contribution: ,0,Inverse Perim ratio: ,1.05711, Inv Perim Contribution: ,0, Final Score: ,-165.012
Point: ,61,59,Repeat score:,1, Repeat contribution: ,-1,Dist:,36.0694, Dist contribution: ,-180.347, New scanned ratio: ,0.0494385, New Scanned Cells Contribution: ,0,Area ratio: ,0.784882, Area ratio Contribution: ,0,Perim diff: ,1.07699, Perim diff Contribution: ,0,Frontier diff: ,0, Frontier diff Contribution ,0,Inverse Area ratio: ,0.964915, Inv Area Ratio Contribution: ,0,Inverse Perim ratio: ,1.05826, Inv Perim Contribution: ,0, Final Score: ,-181.347
Point: ,58,57,Repeat score:,1, Repeat contribution: ,-1,Dist:,36.4905, Dist contribution: ,-182.453, New scanned ratio: ,0.0440426, New Scanned Cells Contribution: ,0,Area ratio: ,0.795051, Area ratio Contribution: ,0,Perim diff: ,1.07288, Perim diff Contribution: ,0,Frontier diff: ,0, Frontier diff Contribution ,0,Inverse Area ratio: ,0.965879, Inv Area Ratio Contribution: ,0,Inverse Perim ratio: ,1.05727, Inv Perim Contribution: ,0, Final Score: ,-183.453
Point: ,55,57,Repeat score:,1, Repeat contribution: ,-1,Dist:,38.8402, Dist contribution: ,-194.201, New scanned ratio: ,0.0441155, New Scanned Cells Contribution: ,0,Area ratio: ,0.79607, Area ratio Contribution: ,0,Perim diff: ,1.07256, Perim diff Contribution: ,0,Frontier diff: ,0, Frontier diff Contribution ,0,Inverse Area ratio: ,0.965873, Inv Area Ratio Contribution: ,0,Inverse Perim ratio: ,1.05476, Inv Perim Contribution: ,0, Final Score: ,-195.201
Point: ,54,58,Repeat score:,1, Repeat contribution: ,-1,Dist:,40.4239, Dist contribution: ,-202.119, New scanned ratio: ,0.0471051, New Scanned Cells Contribution: ,0,Area ratio: ,0.792336, Area ratio Contribution: ,0,Perim diff: ,1.07274, Perim diff Contribution: ,0,Frontier diff: ,0, Frontier diff Contribution ,0,Inverse Area ratio: ,0.965346, Inv Area Ratio Contribution: ,0,Inverse Perim ratio: ,1.05551, Inv Perim Contribution: ,0, Final Score: ,-203.119
BEST Point:,106,40, Score: ,-101.211
COUNT COMMAND: 1
Total frontiers: ,104, Prioritised frontiers: ,24
At: ,105,39,
Point: ,143,40,Repeat score:,1, Repeat contribution: ,-1,Dist:,38.0222, Dist contribution: ,-190.111, New scanned ratio: ,0.046885, New Scanned Cells Contribution: ,0,Area ratio: ,0.901474, Area ratio Contribution: ,0,Perim diff: ,1.06543, Perim diff Contribution: ,0,Frontier diff: ,0, Frontier diff Contribution ,0,Inverse Area ratio: ,0.969546, Inv Area Ratio Contribution: ,0,Inverse Perim ratio: ,1.04486, Inv Perim Contribution: ,0, Final Score: ,-191.111
Point: ,142,41,Repeat score:,1, Repeat contribution: ,-1,Dist:,37.0912, Dist contribution: ,-185.456, New scanned ratio: ,0.0491582, New Scanned Cells Contribution: ,0,Area ratio: ,0.897972, Area ratio Contribution: ,0,Perim diff: ,1.06556, Perim diff Contribution: ,0,Frontier diff: ,0, Frontier diff Contribution ,0,Inverse Area ratio: ,0.969143, Inv Area Ratio Contribution: ,0,Inverse Perim ratio: ,1.04532, Inv Perim Contribution: ,0, Final Score: ,-186.456
Point: ,141,40,Repeat score:,1, Repeat contribution: ,-1,Dist:,36.0235, Dist contribution: ,-180.117, New scanned ratio: ,0.0458905, New Scanned Cells Contribution: ,0,Area ratio: ,0.901639, Area ratio Contribution: ,0,Perim diff: ,1.06126, Perim diff Contribution: ,0,Frontier diff: ,0, Frontier diff Contribution ,0,Inverse Area ratio: ,0.969753, Inv Area Ratio Contribution: ,0,Inverse Perim ratio: ,1.04249, Inv Perim Contribution: ,0, Final Score: ,-181.117
Point: ,136,40,Repeat score:,1, Repeat contribution: ,-1,Dist:,31.0272, Dist contribution: ,-155.136, New scanned ratio: ,0.0419834, New Scanned Cells Contribution: ,0,Area ratio: ,0.900968, Area ratio Contribution: ,0,Perim diff: ,1.05639, Perim diff Contribution: ,0,Frontier diff: ,0, Frontier diff Contribution ,0,Inverse Area ratio: ,0.970487, Inv Area Ratio Contribution: ,0,Inverse Perim ratio: ,1.03922, Inv Perim Contribution: ,0, Final Score: ,-156.136
Point: ,133,38,Repeat score:,1, Repeat contribution: ,-1,Dist:,28.0302, Dist contribution: ,-140.151, New scanned ratio: ,0.0340271, New Scanned Cells Contribution: ,0,Area ratio: ,0.906596, Area ratio Contribution: ,0,Perim diff: ,1.05396, Perim diff Contribution: ,0,Frontier diff: ,0, Frontier diff Contribution ,0,Inverse Area ratio: ,0.971116, Inv Area Ratio Contribution: ,0,Inverse Perim ratio: ,1.03744, Inv Perim Contribution: ,0, Final Score: ,-141.151
Point: ,131,38,Repeat score:,1, Repeat contribution: ,-1,Dist:,26.0325, Dist contribution: ,-130.162, New scanned ratio: ,0.0317539, New Scanned Cells Contribution: ,0,Area ratio: ,0.905653, Area ratio Contribution: ,0,Perim diff: ,1.05399, Perim diff Contribution: ,0,Frontier diff: ,0, Frontier diff Contribution ,0,Inverse Area ratio: ,0.969513, Inv Area Ratio Contribution: ,0,Inverse Perim ratio: ,1.03739, Inv Perim Contribution: ,0, Final Score: ,-131.162
Point: ,128,40,Repeat score:,1, Repeat contribution: ,-1,Dist:,23.0367, Dist contribution: ,-115.184, New scanned ratio: ,0.0328195, New Scanned Cells Contribution: ,0,Area ratio: ,0.896893, Area ratio Contribution: ,0,Perim diff: ,1.05467, Perim diff Contribution: ,0,Frontier diff: ,0, Frontier diff Contribution ,0,Inverse Area ratio: ,0.969187, Inv Area Ratio Contribution: ,0,Inverse Perim ratio: ,1.03804, Inv Perim Contribution: ,0, Final Score: ,-116.184
Point: ,125,40,Repeat score:,1, Repeat contribution: ,-1,Dist:,20.0422, Dist contribution: ,-100.211, New scanned ratio: ,0.0291966, New Scanned Cells Contribution: ,0,Area ratio: ,0.895346, Area ratio Contribution: ,0,Perim diff: ,1.05411, Perim diff Contribution: ,0,Frontier diff: ,0, Frontier diff Contribution ,0,Inverse Area ratio: ,0.969847, Inv Area Ratio Contribution: ,0,Inverse Perim ratio: ,1.03736, Inv Perim Contribution: ,0, Final Score: ,-101.211
Point: ,125,45,Repeat score:,1, Repeat contribution: ,-1,Dist:,21.4672, Dist contribution: ,-107.336, New scanned ratio: ,0.0407757, New Scanned Cells Contribution: ,0,Area ratio: ,0.870268, Area ratio Contribution: ,0,Perim diff: ,1.06274, Perim diff Contribution: ,0,Frontier diff: ,0, Frontier diff Contribution ,0,Inverse Area ratio: ,0.967673, Inv Area Ratio Contribution: ,0,Inverse Perim ratio: ,1.04387, Inv Perim Contribution: ,0, Final Score: ,-108.336
Point: ,122,51,Repeat score:,1, Repeat contribution: ,-1,Dist:,23.0729, Dist contribution: ,-115.365, New scanned ratio: ,0.0516445, New Scanned Cells Contribution: ,0,Area ratio: ,0.837649, Area ratio Contribution: ,0,Perim diff: ,1.07947, Perim diff Contribution: ,0,Frontier diff: ,0, Frontier diff Contribution ,0,Inverse Area ratio: ,0.965609, Inv Area Ratio Contribution: ,0,Inverse Perim ratio: ,1.05569, Inv Perim Contribution: ,0, Final Score: ,-116.365
Point: ,117,56,Repeat score:,1, Repeat contribution: ,-1,Dist:,25.1478, Dist contribution: ,-125.739, New scanned ratio: ,0.056262, New Scanned Cells Contribution: ,0,Area ratio: ,0.80972, Area ratio Contribution: ,0,Perim diff: ,1.10381, Perim diff Contribution: ,0,Frontier diff: ,0, Frontier diff Contribution ,0,Inverse Area ratio: ,0.961658, Inv Area Ratio Contribution: ,0,Inverse Perim ratio: ,1.07252, Inv Perim Contribution: ,0, Final Score: ,-126.739
Point: ,111,59,Repeat score:,1, Repeat contribution: ,-1,Dist:,26.6833, Dist contribution: ,-133.417, New scanned ratio: ,0.0558358, New Scanned Cells Contribution: ,0,Area ratio: ,0.791945, Area ratio Contribution: ,0,Perim diff: ,1.10206, Perim diff Contribution: ,0,Frontier diff: ,0, Frontier diff Contribution ,0,Inverse Area ratio: ,0.961736, Inv Area Ratio Contribution: ,0,Inverse Perim ratio: ,1.07258, Inv Perim Contribution: ,0, Final Score: ,-134.417
Point: ,106,59,Repeat score:,1, Repeat contribution: ,-1,Dist:,26.0192, Dist contribution: ,-130.096, New scanned ratio: ,0.0512893, New Scanned Cells Contribution: ,0,Area ratio: ,0.79034, Area ratio Contribution: ,0,Perim diff: ,1.09291, Perim diff Contribution: ,0,Frontier diff: ,0, Frontier diff Contribution ,0,Inverse Area ratio: ,0.962613, Inv Area Ratio Contribution: ,0,Inverse Perim ratio: ,1.06688, Inv Perim Contribution: ,0, Final Score: ,-131.096
Point: ,105,60,Repeat score:,1, Repeat contribution: ,-1,Dist:,27.3, Dist contribution: ,-136.5, New scanned ratio: ,0.0532074, New Scanned Cells Contribution: ,0,Area ratio: ,0.785767, Area ratio Contribution: ,0,Perim diff: ,1.09535, Perim diff Contribution: ,0,Frontier diff: ,0, Frontier diff Contribution ,0,Inverse Area ratio: ,0.962252, Inv Area Ratio Contribution: ,0,Inverse Perim ratio: ,1.06884, Inv Perim Contribution: ,0, Final Score: ,-137.5
Point: ,104,59,Repeat score:,1, Repeat contribution: ,-1,Dist:,26.0192, Dist contribution: ,-130.096, New scanned ratio: ,0.0499396, New Scanned Cells Contribution: ,0,Area ratio: ,0.79009, Area ratio Contribution: ,0,Perim diff: ,1.09001, Perim diff Contribution: ,0,Frontier diff: ,0, Frontier diff Contribution ,0,Inverse Area ratio: ,0.962871, Inv Area Ratio Contribution: ,0,Inverse Perim ratio: ,1.06508, Inv Perim Contribution: ,0, Final Score: ,-131.096
Point: ,99,59,Repeat score:,1, Repeat contribution: ,-1,Dist:,26.6833, Dist contribution: ,-133.417, New scanned ratio: ,0.0476664, New Scanned Cells Contribution: ,0,Area ratio: ,0.790342, Area ratio Contribution: ,0,Perim diff: ,1.08639, Perim diff Contribution: ,0,Frontier diff: ,0, Frontier diff Contribution ,0,Inverse Area ratio: ,0.96329, Inv Area Ratio Contribution: ,0,Inverse Perim ratio: ,1.06288, Inv Perim Contribution: ,0, Final Score: ,-134.417
Point: ,96,57,Repeat score:,1, Repeat contribution: ,-1,Dist:,25.0711, Dist contribution: ,-125.355, New scanned ratio: ,0.0416992, New Scanned Cells Contribution: ,0,Area ratio: ,0.799983, Area ratio Contribution: ,0,Perim diff: ,1.07843, Perim diff Contribution: ,0,Frontier diff: ,0, Frontier diff Contribution ,0,Inverse Area ratio: ,0.964419, Inv Area Ratio Contribution: ,0,Inverse Perim ratio: ,1.05721, Inv Perim Contribution: ,0, Final Score: ,-126.355
Point: ,92,59,Repeat score:,1, Repeat contribution: ,-1,Dist:,29.0689, Dist contribution: ,-145.344, New scanned ratio: ,0.0470981, New Scanned Cells Contribution: ,0,Area ratio: ,0.792683, Area ratio Contribution: ,0,Perim diff: ,1.07768, Perim diff Contribution: ,0,Frontier diff: ,0, Frontier diff Contribution ,0,Inverse Area ratio: ,0.963439, Inv Area Ratio Contribution: ,0,Inverse Perim ratio: ,1.05756, Inv Perim Contribution: ,0, Final Score: ,-146.344
Point: ,87,59,Repeat score:,1, Repeat contribution: ,-1,Dist:,31.6228, Dist contribution: ,-158.114, New scanned ratio: ,0.0470271, New Scanned Cells Contribution: ,0,Area ratio: ,0.794542, Area ratio Contribution: ,0,Perim diff: ,1.07347, Perim diff Contribution: ,0,Frontier diff: ,0, Frontier diff Contribution ,0,Inverse Area ratio: ,0.963445, Inv Area Ratio Contribution: ,0,Inverse Perim ratio: ,1.05493, Inv Perim Contribution: ,0, Final Score: ,-159.114
Point: ,86,60,Repeat score:,1, Repeat contribution: ,-1,Dist:,33.2609, Dist contribution: ,-166.305, New scanned ratio: ,0.0497975, New Scanned Cells Contribution: ,0,Area ratio: ,0.790498, Area ratio Contribution: ,0,Perim diff: ,1.07966, Perim diff Contribution: ,0,Frontier diff: ,0, Frontier diff Contribution ,0,Inverse Area ratio: ,0.962916, Inv Area Ratio Contribution: ,0,Inverse Perim ratio: ,1.05928, Inv Perim Contribution: ,0, Final Score: ,-167.305
Point: ,85,59,Repeat score:,1, Repeat contribution: ,-1,Dist:,32.8024, Dist contribution: ,-164.012, New scanned ratio: ,0.0470271, New Scanned Cells Contribution: ,0,Area ratio: ,0.795288, Area ratio Contribution: ,0,Perim diff: ,1.07341, Perim diff Contribution: ,0,Frontier diff: ,0, Frontier diff Contribution ,0,Inverse Area ratio: ,0.963445, Inv Area Ratio Contribution: ,0,Inverse Perim ratio: ,1.05493, Inv Perim Contribution: ,0, Final Score: ,-165.012
Point: ,80,59,Repeat score:,1, Repeat contribution: ,-1,Dist:,36.0694, Dist contribution: ,-180.347, New scanned ratio: ,0.0470981, New Scanned Cells Contribution: ,0,Area ratio: ,0.79716, Area ratio Contribution: ,0,Perim diff: ,1.0773, Perim diff Contribution: ,0,Frontier diff: ,0, Frontier diff Contribution ,0,Inverse Area ratio: ,0.963426, Inv Area Ratio Contribution: ,0,Inverse Perim ratio: ,1.05752, Inv Perim Contribution: ,0, Final Score: ,-181.347
Point: ,76,57,Repeat score:,1, Repeat contribution: ,-1,Dist:,37.2634, Dist contribution: ,-186.317, New scanned ratio: ,0.0416992, New Scanned Cells Contribution: ,0,Area ratio: ,0.807766, Area ratio Contribution: ,0,Perim diff: ,1.07485, Perim diff Contribution: ,0,Frontier diff: ,0, Frontier diff Contribution ,0,Inverse Area ratio: ,0.964413, Inv Area Ratio Contribution: ,0,Inverse Perim ratio: ,1.05513, Inv Perim Contribution: ,0, Final Score: ,-187.317
Point: ,73,59,Repeat score:,1, Repeat contribution: ,-1,Dist:,41.2311, Dist contribution: ,-206.155, New scanned ratio: ,0.0473112, New Scanned Cells Contribution: ,0,Area ratio: ,0.799906, Area ratio Contribution: ,0,Perim diff: ,1.08065, Perim diff Contribution: ,0,Frontier diff: ,0, Frontier diff Contribution ,0,Inverse Area ratio: ,0.963368, Inv Area Ratio Contribution: ,0,Inverse Perim ratio: ,1.0598, Inv Perim Contribution: ,0, Final Score: ,-207.155
BEST Point:,125,40, Score: ,-101.211
COUNT COMMAND: 1
Total frontiers: ,103, Prioritised frontiers: ,24
At: ,124,39,
Point: ,163,40,Repeat score:,1, Repeat contribution: ,-1,Dist:,39.0217, Dist contribution: ,-195.108, New scanned ratio: ,0.0461219, New Scanned Cells Contribution: ,0,Area ratio: ,0.91368, Area ratio Contribution: ,0,Perim diff: ,1.06665, Perim diff Contribution: ,0,Frontier diff: ,0, Frontier diff Contribution ,0,Inverse Area ratio: ,0.967745, Inv Area Ratio Contribution: ,0,Inverse Perim ratio: ,1.0459, Inv Perim Contribution: ,0, Final Score: ,-196.108
Point: ,162,41,Repeat score:,1, Repeat contribution: ,-1,Dist:,38.0888, Dist contribution: ,-190.444, New scanned ratio: ,0.0484765, New Scanned Cells Contribution: ,0,Area ratio: ,0.910016, Area ratio Contribution: ,0,Perim diff: ,1.06487, Perim diff Contribution: ,0,Frontier diff: ,0, Frontier diff Contribution ,0,Inverse Area ratio: ,0.967328, Inv Area Ratio Contribution: ,0,Inverse Perim ratio: ,1.04525, Inv Perim Contribution: ,0, Final Score: ,-191.444
Point: ,161,40,Repeat score:,1, Repeat contribution: ,-1,Dist:,37.0228, Dist contribution: ,-185.114, New scanned ratio: ,0.0452909, New Scanned Cells Contribution: ,0,Area ratio: ,0.914099, Area ratio Contribution: ,0,Perim diff: ,1.06279, Perim diff Contribution: ,0,Frontier diff: ,0, Frontier diff Contribution ,0,Inverse Area ratio: ,0.967927, Inv Area Ratio Contribution: ,0,Inverse Perim ratio: ,1.04353, Inv Perim Contribution: ,0, Final Score: ,-186.114
Point: ,156,40,Repeat score:,1, Repeat contribution: ,-1,Dist:,32.0264, Dist contribution: ,-160.132, New scanned ratio: ,0.0418283, New Scanned Cells Contribution: ,0,Area ratio: ,0.913752, Area ratio Contribution: ,0,Perim diff: ,1.05587, Perim diff Contribution: ,0,Frontier diff: ,0, Frontier diff Contribution ,0,Inverse Area ratio: ,0.968611, Inv Area Ratio Contribution: ,0,Inverse Perim ratio: ,1.03915, Inv Perim Contribution: ,0, Final Score: ,-161.132
Point: ,153,38,Repeat score:,1, Repeat contribution: ,-1,Dist:,29.0291, Dist contribution: ,-145.146, New scanned ratio: ,0.034072, New Scanned Cells Contribution: ,0,Area ratio: ,0.91907, Area ratio Contribution: ,0,Perim diff: ,1.05515, Perim diff Contribution: ,0,Frontier diff: ,0, Frontier diff Contribution ,0,Inverse Area ratio: ,0.96923, Inv Area Ratio Contribution: ,0,Inverse Perim ratio: ,1.03839, Inv Perim Contribution: ,0, Final Score: ,-146.146
Point: ,151,38,Repeat score:,1, Repeat contribution: ,-1,Dist:,27.0313, Dist contribution: ,-135.156, New scanned ratio: ,0.0319252, New Scanned Cells Contribution: ,0,Area ratio: ,0.918185, Area ratio Contribution: ,0,Perim diff: ,1.05458, Perim diff Contribution: ,0,Frontier diff: ,0, Frontier diff Contribution ,0,Inverse Area ratio: ,0.967606, Inv Area Ratio Contribution: ,0,Inverse Perim ratio: ,1.03798, Inv Perim Contribution: ,0, Final Score: ,-136.156
Point: ,148,40,Repeat score:,1, Repeat contribution: ,-1,Dist:,24.0352, Dist contribution: ,-120.176, New scanned ratio: ,0.0331025, New Scanned Cells Contribution: ,0,Area ratio: ,0.909973, Area ratio Contribution: ,0,Perim diff: ,1.05485, Perim diff Contribution: ,0,Frontier diff: ,0, Frontier diff Contribution ,0,Inverse Area ratio: ,0.967274, Inv Area Ratio Contribution: ,0,Inverse Perim ratio: ,1.03841, Inv Perim Contribution: ,0, Final Score: ,-121.176
Point: ,144,40,Repeat score:,1, Repeat contribution: ,-1,Dist:,20.0422, Dist contribution: ,-100.211, New scanned ratio: ,0.0284626, New Scanned Cells Contribution: ,0,Area ratio: ,0.908008, Area ratio Contribution: ,0,Perim diff: ,1.05365, Perim diff Contribution: ,0,Frontier diff: ,0, Frontier diff Contribution ,0,Inverse Area ratio: ,0.968137, Inv Area Ratio Contribution: ,0,Inverse Perim ratio: ,1.0376, Inv Perim Contribution: ,0, Final Score: ,-101.211
Point: ,144,45,Repeat score:,1, Repeat contribution: ,-1,Dist:,21.4672, Dist contribution: ,-107.336, New scanned ratio: ,0.0397507, New Scanned Cells Contribution: ,0,Area ratio: ,0.883086, Area ratio Contribution: ,0,Perim diff: ,1.06219, Perim diff Contribution: ,0,Frontier diff: ,0, Frontier diff Contribution ,0,Inverse Area ratio: ,0.965963, Inv Area Ratio Contribution: ,0,Inverse Perim ratio: ,1.04383, Inv Perim Contribution: ,0, Final Score: ,-108.336
Point: ,141,51,Repeat score:,1, Repeat contribution: ,-1,Dist:,23.0729, Dist contribution: ,-115.365, New scanned ratio: ,0.0503463, New Scanned Cells Contribution: ,0,Area ratio: ,0.84985, Area ratio Contribution: ,0,Perim diff: ,1.07886, Perim diff Contribution: ,0,Frontier diff: ,0, Frontier diff Contribution ,0,Inverse Area ratio: ,0.963892, Inv Area Ratio Contribution: ,0,Inverse Perim ratio: ,1.05565, Inv Perim Contribution: ,0, Final Score: ,-116.365
Point: ,136,56,Repeat score:,1, Repeat contribution: ,-1,Dist:,25.1478, Dist contribution: ,-125.739, New scanned ratio: ,0.0548476, New Scanned Cells Contribution: ,0,Area ratio: ,0.822093, Area ratio Contribution: ,0,Perim diff: ,1.10119, Perim diff Contribution: ,0,Frontier diff: ,0, Frontier diff Contribution ,0,Inverse Area ratio: ,0.959941, Inv Area Ratio Contribution: ,0,Inverse Perim ratio: ,1.07125, Inv Perim Contribution: ,0, Final Score: ,-126.739
Point: ,130,59,Repeat score:,1, Repeat contribution: ,-1,Dist:,26.6833, Dist contribution: ,-133.417, New scanned ratio: ,0.0544321, New Scanned Cells Contribution: ,0,Area ratio: ,0.804717, Area ratio Contribution: ,0,Perim diff: ,1.1016, Perim diff Contribution: ,0,Frontier diff: ,0, Frontier diff Contribution ,0,Inverse Area ratio: ,0.960012, Inv Area Ratio Contribution: ,0,Inverse Perim ratio: ,1.07258, Inv Perim Contribution: ,0, Final Score: ,-134.417
Point: ,125,59,Repeat score:,1, Repeat contribution: ,-1,Dist:,26.0192, Dist contribution: ,-130.096, New scanned ratio: ,0.05, New Scanned Cells Contribution: ,0,Area ratio: ,0.803156, Area ratio Contribution: ,0,Perim diff: ,1.09256, Perim diff Contribution: ,0,Frontier diff: ,0, Frontier diff Contribution ,0,Inverse Area ratio: ,0.960892, Inv Area Ratio Contribution: ,0,Inverse Perim ratio: ,1.06687, Inv Perim Contribution: ,0, Final Score: ,-131.096
Point: ,124,60,Repeat score:,1, Repeat contribution: ,-1,Dist:,27.3, Dist contribution: ,-136.5, New scanned ratio: ,0.0518698, New Scanned Cells Contribution: ,0,Area ratio: ,0.798526, Area ratio Contribution: ,0,Perim diff: ,1.09504, Perim diff Contribution: ,0,Frontier diff: ,0, Frontier diff Contribution ,0,Inverse Area ratio: ,0.96053, Inv Area Ratio Contribution: ,0,Inverse Perim ratio: ,1.06884, Inv Perim Contribution: ,0, Final Score: ,-137.5
Point: ,123,59,Repeat score:,1, Repeat contribution: ,-1,Dist:,26.0192, Dist contribution: ,-130.096, New scanned ratio: ,0.0486842, New Scanned Cells Contribution: ,0,Area ratio: ,0.80292, Area ratio Contribution: ,0,Perim diff: ,1.08971, Perim diff Contribution: ,0,Frontier diff: ,0, Frontier diff Contribution ,0,Inverse Area ratio: ,0.961151, Inv Area Ratio Contribution: ,0,Inverse Perim ratio: ,1.06507, Inv Perim Contribution: ,0, Final Score: ,-131.096
Point: ,118,59,Repeat score:,1, Repeat contribution: ,-1,Dist:,26.6833, Dist contribution: ,-133.417, New scanned ratio: ,0.0464681, New Scanned Cells Contribution: ,0,Area ratio: ,0.803198, Area ratio Contribution: ,0,Perim diff: ,1.08619, Perim diff Contribution: ,0,Frontier diff: ,0, Frontier diff Contribution ,0,Inverse Area ratio: ,0.961572, Inv Area Ratio Contribution: ,0,Inverse Perim ratio: ,1.06288, Inv Perim Contribution: ,0, Final Score: ,-134.417
Point: ,115,57,Repeat score:,1, Repeat contribution: ,-1,Dist:,25.0711, Dist contribution: ,-125.355, New scanned ratio: ,0.040651, New Scanned Cells Contribution: ,0,Area ratio: ,0.812983, Area ratio Contribution: ,0,Perim diff: ,1.07824, Perim diff Contribution: ,0,Frontier diff: ,0, Frontier diff Contribution ,0,Inverse Area ratio: ,0.962704, Inv Area Ratio Contribution: ,0,Inverse Perim ratio: ,1.05721, Inv Perim Contribution: ,0, Final Score: ,-126.355
Point: ,111,59,Repeat score:,1, Repeat contribution: ,-1,Dist:,29.0689, Dist contribution: ,-145.344, New scanned ratio: ,0.0459141, New Scanned Cells Contribution: ,0,Area ratio: ,0.805561, Area ratio Contribution: ,0,Perim diff: ,1.07765, Perim diff Contribution: ,0,Frontier diff: ,0, Frontier diff Contribution ,0,Inverse Area ratio: ,0.96172, Inv Area Ratio Contribution: ,0,Inverse Perim ratio: ,1.05756, Inv Perim Contribution: ,0, Final Score: ,-146.344
Point: ,106,59,Repeat score:,1, Repeat contribution: ,-1,Dist:,31.6228, Dist contribution: ,-158.114, New scanned ratio: ,0.0458449, New Scanned Cells Contribution: ,0,Area ratio: ,0.807434, Area ratio Contribution: ,0,Perim diff: ,1.07357, Perim diff Contribution: ,0,Frontier diff: ,0, Frontier diff Contribution ,0,Inverse Area ratio: ,0.961727, Inv Area Ratio Contribution: ,0,Inverse Perim ratio: ,1.05493, Inv Perim Contribution: ,0, Final Score: ,-159.114
Point: ,105,60,Repeat score:,1, Repeat contribution: ,-1,Dist:,33.2609, Dist contribution: ,-166.305, New scanned ratio: ,0.0485457, New Scanned Cells Contribution: ,0,Area ratio: ,0.803328, Area ratio Contribution: ,0,Perim diff: ,1.07983, Perim diff Contribution: ,0,Frontier diff: ,0, Frontier diff Contribution ,0,Inverse Area ratio: ,0.961196, Inv Area Ratio Contribution: ,0,Inverse Perim ratio: ,1.05928, Inv Perim Contribution: ,0, Final Score: ,-167.305
Point: ,104,59,Repeat score:,1, Repeat contribution: ,-1,Dist:,32.8024, Dist contribution: ,-164.012, New scanned ratio: ,0.0458449, New Scanned Cells Contribution: ,0,Area ratio: ,0.808185, Area ratio Contribution: ,0,Perim diff: ,1.07356, Perim diff Contribution: ,0,Frontier diff: ,0, Frontier diff Contribution ,0,Inverse Area ratio: ,0.961727, Inv Area Ratio Contribution: ,0,Inverse Perim ratio: ,1.05493, Inv Perim Contribution: ,0, Final Score: ,-165.012
Point: ,99,59,Repeat score:,1, Repeat contribution: ,-1,Dist:,36.0694, Dist contribution: ,-180.347, New scanned ratio: ,0.0459141, New Scanned Cells Contribution: ,0,Area ratio: ,0.81007, Area ratio Contribution: ,0,Perim diff: ,1.0776, Perim diff Contribution: ,0,Frontier diff: ,0, Frontier diff Contribution ,0,Inverse Area ratio: ,0.961707, Inv Area Ratio Contribution: ,0,Inverse Perim ratio: ,1.05752, Inv Perim Contribution: ,0, Final Score: ,-181.347
Point: ,96,57,Repeat score:,1, Repeat contribution: ,-1,Dist:,36.4905, Dist contribution: ,-182.453, New scanned ratio: ,0.0405817, New Scanned Cells Contribution: ,0,Area ratio: ,0.820345, Area ratio Contribution: ,0,Perim diff: ,1.07422, Perim diff Contribution: ,0,Frontier diff: ,0, Frontier diff Contribution ,0,Inverse Area ratio: ,0.962717, Inv Area Ratio Contribution: ,0,Inverse Perim ratio: ,1.05455, Inv Perim Contribution: ,0, Final Score: ,-183.453
Point: ,92,59,Repeat score:,1, Repeat contribution: ,-1,Dist:,41.2311, Dist contribution: ,-206.155, New scanned ratio: ,0.0459141, New Scanned Cells Contribution: ,0,Area ratio: ,0.812669, Area ratio Contribution: ,0,Perim diff: ,1.07764, Perim diff Contribution: ,0,Frontier diff: ,0, Frontier diff Contribution ,0,Inverse Area ratio: ,0.961714, Inv Area Ratio Contribution: ,0,Inverse Perim ratio: ,1.05757, Inv Perim Contribution: ,0, Final Score: ,-207.155
BEST Point:,144,40, Score: ,-101.211
COUNT COMMAND: 1
Total frontiers: ,102, Prioritised frontiers: ,23
At: ,143,39,
Point: ,182,41,Repeat score:,1, Repeat contribution: ,-1,Dist:,39.0866, Dist contribution: ,-195.433, New scanned ratio: ,0.047693, New Scanned Cells Contribution: ,0,Area ratio: ,0.920902, Area ratio Contribution: ,0,Perim diff: ,1.06783, Perim diff Contribution: ,0,Frontier diff: ,0, Frontier diff Contribution ,0,Inverse Area ratio: ,0.965514, Inv Area Ratio Contribution: ,0,Inverse Perim ratio: ,1.04736, Inv Perim Contribution: ,0, Final Score: ,-196.433
Point: ,181,40,Repeat score:,1, Repeat contribution: ,-1,Dist:,38.0222, Dist contribution: ,-190.111, New scanned ratio: ,0.0446531, New Scanned Cells Contribution: ,0,Area ratio: ,0.925102, Area ratio Contribution: ,0,Perim diff: ,1.0639, Perim diff Contribution: ,0,Frontier diff: ,0, Frontier diff Contribution ,0,Inverse Area ratio: ,0.966109, Inv Area Ratio Contribution: ,0,Inverse Perim ratio: ,1.04453, Inv Perim Contribution: ,0, Final Score: ,-191.111
Point: ,176,40,Repeat score:,1, Repeat contribution: ,-1,Dist:,33.0256, Dist contribution: ,-165.128, New scanned ratio: ,0.0416132, New Scanned Cells Contribution: ,0,Area ratio: ,0.925382, Area ratio Contribution: ,0,Perim diff: ,1.05644, Perim diff Contribution: ,0,Frontier diff: ,0, Frontier diff Contribution ,0,Inverse Area ratio: ,0.966736, Inv Area Ratio Contribution: ,0,Inverse Perim ratio: ,1.03979, Inv Perim Contribution: ,0, Final Score: ,-166.128
Point: ,173,38,Repeat score:,1, Repeat contribution: ,-1,Dist:,30.0282, Dist contribution: ,-150.141, New scanned ratio: ,0.0341147, New Scanned Cells Contribution: ,0,Area ratio: ,0.93111, Area ratio Contribution: ,0,Perim diff: ,1.05461, Perim diff Contribution: ,0,Frontier diff: ,0, Frontier diff Contribution ,0,Inverse Area ratio: ,0.967345, Inv Area Ratio Contribution: ,0,Inverse Perim ratio: ,1.0383, Inv Perim Contribution: ,0, Final Score: ,-151.141
Point: ,171,38,Repeat score:,1, Repeat contribution: ,-1,Dist:,28.0302, Dist contribution: ,-140.151, New scanned ratio: ,0.0320881, New Scanned Cells Contribution: ,0,Area ratio: ,0.930281, Area ratio Contribution: ,0,Perim diff: ,1.0537, Perim diff Contribution: ,0,Frontier diff: ,0, Frontier diff Contribution ,0,Inverse Area ratio: ,0.965714, Inv Area Ratio Contribution: ,0,Inverse Perim ratio: ,1.03769, Inv Perim Contribution: ,0, Final Score: ,-141.151
Point: ,168,40,Repeat score:,1, Repeat contribution: ,-1,Dist:,25.0338, Dist contribution: ,-125.169, New scanned ratio: ,0.0333716, New Scanned Cells Contribution: ,0,Area ratio: ,0.922498, Area ratio Contribution: ,0,Perim diff: ,1.05408, Perim diff Contribution: ,0,Frontier diff: ,0, Frontier diff Contribution ,0,Inverse Area ratio: ,0.965329, Inv Area Ratio Contribution: ,0,Inverse Perim ratio: ,1.03823, Inv Perim Contribution: ,0, Final Score: ,-126.169
Point: ,163,40,Repeat score:,1, Repeat contribution: ,-1,Dist:,20.0422, Dist contribution: ,-100.211, New scanned ratio: ,0.0277646, New Scanned Cells Contribution: ,0,Area ratio: ,0.920329, Area ratio Contribution: ,0,Perim diff: ,1.05311, Perim diff Contribution: ,0,Frontier diff: ,0, Frontier diff Contribution ,0,Inverse Area ratio: ,0.966423, Inv Area Ratio Contribution: ,0,Inverse Perim ratio: ,1.03752, Inv Perim Contribution: ,0, Final Score: ,-101.211
Point: ,163,45,Repeat score:,1, Repeat contribution: ,-1,Dist:,21.4672, Dist contribution: ,-107.336, New scanned ratio: ,0.0387759, New Scanned Cells Contribution: ,0,Area ratio: ,0.895238, Area ratio Contribution: ,0,Perim diff: ,1.0615, Perim diff Contribution: ,0,Frontier diff: ,0, Frontier diff Contribution ,0,Inverse Area ratio: ,0.964242, Inv Area Ratio Contribution: ,0,Inverse Perim ratio: ,1.04376, Inv Perim Contribution: ,0, Final Score: ,-108.336
Point: ,160,51,Repeat score:,1, Repeat contribution: ,-1,Dist:,23.0729, Dist contribution: ,-115.365, New scanned ratio: ,0.0491117, New Scanned Cells Contribution: ,0,Area ratio: ,0.8618, Area ratio Contribution: ,0,Perim diff: ,1.07801, Perim diff Contribution: ,0,Frontier diff: ,0, Frontier diff Contribution ,0,Inverse Area ratio: ,0.962165, Inv Area Ratio Contribution: ,0,Inverse Perim ratio: ,1.05558, Inv Perim Contribution: ,0, Final Score: ,-116.365
Point: ,155,56,Repeat score:,1, Repeat contribution: ,-1,Dist:,25.1478, Dist contribution: ,-125.739, New scanned ratio: ,0.0535027, New Scanned Cells Contribution: ,0,Area ratio: ,0.833939, Area ratio Contribution: ,0,Perim diff: ,1.09941, Perim diff Contribution: ,0,Frontier diff: ,0, Frontier diff Contribution ,0,Inverse Area ratio: ,0.958206, Inv Area Ratio Contribution: ,0,Inverse Perim ratio: ,1.07064, Inv Perim Contribution: ,0, Final Score: ,-126.739
Point: ,149,59,Repeat score:,1, Repeat contribution: ,-1,Dist:,26.6833, Dist contribution: ,-133.417, New scanned ratio: ,0.0530973, New Scanned Cells Contribution: ,0,Area ratio: ,0.816961, Area ratio Contribution: ,0,Perim diff: ,1.10076, Perim diff Contribution: ,0,Frontier diff: ,0, Frontier diff Contribution ,0,Inverse Area ratio: ,0.958278, Inv Area Ratio Contribution: ,0,Inverse Perim ratio: ,1.07255, Inv Perim Contribution: ,0, Final Score: ,-134.417
Point: ,144,59,Repeat score:,1, Repeat contribution: ,-1,Dist:,26.0192, Dist contribution: ,-130.096, New scanned ratio: ,0.0487739, New Scanned Cells Contribution: ,0,Area ratio: ,0.815661, Area ratio Contribution: ,0,Perim diff: ,1.09183, Perim diff Contribution: ,0,Frontier diff: ,0, Frontier diff Contribution ,0,Inverse Area ratio: ,0.959161, Inv Area Ratio Contribution: ,0,Inverse Perim ratio: ,1.06684, Inv Perim Contribution: ,0, Final Score: ,-131.096
Point: ,143,60,Repeat score:,1, Repeat contribution: ,-1,Dist:,27.3, Dist contribution: ,-136.5, New scanned ratio: ,0.0505979, New Scanned Cells Contribution: ,0,Area ratio: ,0.811065, Area ratio Contribution: ,0,Perim diff: ,1.09433, Perim diff Contribution: ,0,Frontier diff: ,0, Frontier diff Contribution ,0,Inverse Area ratio: ,0.958797, Inv Area Ratio Contribution: ,0,Inverse Perim ratio: ,1.06881, Inv Perim Contribution: ,0, Final Score: ,-137.5
Point: ,142,59,Repeat score:,1, Repeat contribution: ,-1,Dist:,26.0192, Dist contribution: ,-130.096, New scanned ratio: ,0.0474904, New Scanned Cells Contribution: ,0,Area ratio: ,0.815526, Area ratio Contribution: ,0,Perim diff: ,1.08902, Perim diff Contribution: ,0,Frontier diff: ,0, Frontier diff Contribution ,0,Inverse Area ratio: ,0.95942, Inv Area Ratio Contribution: ,0,Inverse Perim ratio: ,1.06504, Inv Perim Contribution: ,0, Final Score: ,-131.096
Point: ,137,59,Repeat score:,1, Repeat contribution: ,-1,Dist:,26.6833, Dist contribution: ,-133.417, New scanned ratio: ,0.0453286, New Scanned Cells Contribution: ,0,Area ratio: ,0.815831, Area ratio Contribution: ,0,Perim diff: ,1.0856, Perim diff Contribution: ,0,Frontier diff: ,0, Frontier diff Contribution ,0,Inverse Area ratio: ,0.959842, Inv Area Ratio Contribution: ,0,Inverse Perim ratio: ,1.06284, Inv Perim Contribution: ,0, Final Score: ,-134.417
Point: ,134,57,Repeat score:,1, Repeat contribution: ,-1,Dist:,25.0711, Dist contribution: ,-125.355, New scanned ratio: ,0.0396541, New Scanned Cells Contribution: ,0,Area ratio: ,0.825571, Area ratio Contribution: ,0,Perim diff: ,1.07771, Perim diff Contribution: ,0,Frontier diff: ,0, Frontier diff Contribution ,0,Inverse Area ratio: ,0.960978, Inv Area Ratio Contribution: ,0,Inverse Perim ratio: ,1.05717, Inv Perim Contribution: ,0, Final Score: ,-126.355
Point: ,130,59,Repeat score:,1, Repeat contribution: ,-1,Dist:,29.0689, Dist contribution: ,-145.344, New scanned ratio: ,0.0447882, New Scanned Cells Contribution: ,0,Area ratio: ,0.818214, Area ratio Contribution: ,0,Perim diff: ,1.0772, Perim diff Contribution: ,0,Frontier diff: ,0, Frontier diff Contribution ,0,Inverse Area ratio: ,0.959991, Inv Area Ratio Contribution: ,0,Inverse Perim ratio: ,1.05752, Inv Perim Contribution: ,0, Final Score: ,-146.344
Point: ,125,59,Repeat score:,1, Repeat contribution: ,-1,Dist:,31.6228, Dist contribution: ,-158.114, New scanned ratio: ,0.0447207, New Scanned Cells Contribution: ,0,Area ratio: ,0.820099, Area ratio Contribution: ,0,Perim diff: ,1.07322, Perim diff Contribution: ,0,Frontier diff: ,0, Frontier diff Contribution ,0,Inverse Area ratio: ,0.959998, Inv Area Ratio Contribution: ,0,Inverse Perim ratio: ,1.05489, Inv Perim Contribution: ,0, Final Score: ,-159.114
Point: ,124,60,Repeat score:,1, Repeat contribution: ,-1,Dist:,33.2609, Dist contribution: ,-166.305, New scanned ratio: ,0.0473553, New Scanned Cells Contribution: ,0,Area ratio: ,0.815934, Area ratio Contribution: ,0,Perim diff: ,1.07953, Perim diff Contribution: ,0,Frontier diff: ,0, Frontier diff Contribution ,0,Inverse Area ratio: ,0.959466, Inv Area Ratio Contribution: ,0,Inverse Perim ratio: ,1.05924, Inv Perim Contribution: ,0, Final Score: ,-167.305
Point: ,123,59,Repeat score:,1, Repeat contribution: ,-1,Dist:,32.8024, Dist contribution: ,-164.012, New scanned ratio: ,0.0447207, New Scanned Cells Contribution: ,0,Area ratio: ,0.820856, Area ratio Contribution: ,0,Perim diff: ,1.07325, Perim diff Contribution: ,0,Frontier diff: ,0, Frontier diff Contribution ,0,Inverse Area ratio: ,0.959998, Inv Area Ratio Contribution: ,0,Inverse Perim ratio: ,1.05489, Inv Perim Contribution: ,0, Final Score: ,-165.012
Point: ,118,59,Repeat score:,1, Repeat contribution: ,-1,Dist:,36.0694, Dist contribution: ,-180.347, New scanned ratio: ,0.0447882, New Scanned Cells Contribution: ,0,Area ratio: ,0.822753, Area ratio Contribution: ,0,Perim diff: ,1.0774, Perim diff Contribution: ,0,Frontier diff: ,0, Frontier diff Contribution ,0,Inverse Area ratio: ,0.959978, Inv Area Ratio Contribution: ,0,Inverse Perim ratio: ,1.05748, Inv Perim Contribution: ,0, Final Score: ,-181.347
Point: ,115,57,Repeat score:,1, Repeat contribution: ,-1,Dist:,36.4905, Dist contribution: ,-182.453, New scanned ratio: ,0.0395866, New Scanned Cells Contribution: ,0,Area ratio: ,0.833163, Area ratio Contribution: ,0,Perim diff: ,1.07403, Perim diff Contribution: ,0,Frontier diff: ,0, Frontier diff Contribution ,0,Inverse Area ratio: ,0.960991, Inv Area Ratio Contribution: ,0,Inverse Perim ratio: ,1.05451, Inv Perim Contribution: ,0, Final Score: ,-183.453
Point: ,111,59,Repeat score:,1, Repeat contribution: ,-1,Dist:,41.2311, Dist contribution: ,-206.155, New scanned ratio: ,0.0447882, New Scanned Cells Contribution: ,0,Area ratio: ,0.82537, Area ratio Contribution: ,0,Perim diff: ,1.0776, Perim diff Contribution: ,0,Frontier diff: ,0, Frontier diff Contribution ,0,Inverse Area ratio: ,0.959985, Inv Area Ratio Contribution: ,0,Inverse Perim ratio: ,1.05753, Inv Perim Contribution: ,0, Final Score: ,-207.155
BEST Point:,163,40, Score: ,-101.211
COUNT COMMAND: 1
Total frontiers: ,102, Prioritised frontiers: ,23
At: ,162,39,
Point: ,201,40,Repeat score:,1, Repeat contribution: ,-1,Dist:,39.0217, Dist contribution: ,-195.108, New scanned ratio: ,0.0439111, New Scanned Cells Contribution: ,0,Area ratio: ,0.93568, Area ratio Contribution: ,0,Perim diff: ,1.06476, Perim diff Contribution: ,0,Frontier diff: ,0, Frontier diff Contribution ,0,Inverse Area ratio: ,0.961382, Inv Area Ratio Contribution: ,0,Inverse Perim ratio: ,1.04552, Inv Perim Contribution: ,0, Final Score: ,-196.108
Point: ,196,40,Repeat score:,1, Repeat contribution: ,-1,Dist:,34.0248, Dist contribution: ,-170.124, New scanned ratio: ,0.0412738, New Scanned Cells Contribution: ,0,Area ratio: ,0.936323, Area ratio Contribution: ,0,Perim diff: ,1.05739, Perim diff Contribution: ,0,Frontier diff: ,0, Frontier diff Contribution ,0,Inverse Area ratio: ,0.96195, Inv Area Ratio Contribution: ,0,Inverse Perim ratio: ,1.04094, Inv Perim Contribution: ,0, Final Score: ,-171.124
Point: ,193,38,Repeat score:,1, Repeat contribution: ,-1,Dist:,31.0272, Dist contribution: ,-155.136, New scanned ratio: ,0.0340212, New Scanned Cells Contribution: ,0,Area ratio: ,0.941694, Area ratio Contribution: ,0,Perim diff: ,1.05513, Perim diff Contribution: ,0,Frontier diff: ,0, Frontier diff Contribution ,0,Inverse Area ratio: ,0.963394, Inv Area Ratio Contribution: ,0,Inverse Perim ratio: ,1.03893, Inv Perim Contribution: ,0, Final Score: ,-156.136
Point: ,191,38,Repeat score:,1, Repeat contribution: ,-1,Dist:,29.0291, Dist contribution: ,-145.146, New scanned ratio: ,0.0321092, New Scanned Cells Contribution: ,0,Area ratio: ,0.941189, Area ratio Contribution: ,0,Perim diff: ,1.05467, Perim diff Contribution: ,0,Frontier diff: ,0, Frontier diff Contribution ,0,Inverse Area ratio: ,0.963759, Inv Area Ratio Contribution: ,0,Inverse Perim ratio: ,1.0386, Inv Perim Contribution: ,0, Final Score: ,-146.146
Point: ,188,40,Repeat score:,1, Repeat contribution: ,-1,Dist:,26.0325, Dist contribution: ,-130.162, New scanned ratio: ,0.0335597, New Scanned Cells Contribution: ,0,Area ratio: ,0.933745, Area ratio Contribution: ,0,Perim diff: ,1.05351, Perim diff Contribution: ,0,Frontier diff: ,0, Frontier diff Contribution ,0,Inverse Area ratio: ,0.963411, Inv Area Ratio Contribution: ,0,Inverse Perim ratio: ,1.03824, Inv Perim Contribution: ,0, Final Score: ,-131.162
Point: ,183,40,Repeat score:,1, Repeat contribution: ,-1,Dist:,21.0402, Dist contribution: ,-105.201, New scanned ratio: ,0.0281532, New Scanned Cells Contribution: ,0,Area ratio: ,0.931854, Area ratio Contribution: ,0,Perim diff: ,1.05222, Perim diff Contribution: ,0,Frontier diff: ,0, Frontier diff Contribution ,0,Inverse Area ratio: ,0.964463, Inv Area Ratio Contribution: ,0,Inverse Perim ratio: ,1.0373, Inv Perim Contribution: ,0, Final Score: ,-106.201
Point: ,182,41,Repeat score:,1, Repeat contribution: ,-1,Dist:,20.1683, Dist contribution: ,-100.841, New scanned ratio: ,0.0291422, New Scanned Cells Contribution: ,0,Area ratio: ,0.926849, Area ratio Contribution: ,0,Perim diff: ,1.05297, Perim diff Contribution: ,0,Frontier diff: ,0, Frontier diff Contribution ,0,Inverse Area ratio: ,0.96428, Inv Area Ratio Contribution: ,0,Inverse Perim ratio: ,1.03799, Inv Perim Contribution: ,0, Final Score: ,-101.841
Point: ,182,45,Repeat score:,1, Repeat contribution: ,-1,Dist:,21.4672, Dist contribution: ,-107.336, New scanned ratio: ,0.0378453, New Scanned Cells Contribution: ,0,Area ratio: ,0.906739, Area ratio Contribution: ,0,Perim diff: ,1.05975, Perim diff Contribution: ,0,Frontier diff: ,0, Frontier diff Contribution ,0,Inverse Area ratio: ,0.962503, Inv Area Ratio Contribution: ,0,Inverse Perim ratio: ,1.04313, Inv Perim Contribution: ,0, Final Score: ,-108.336
Point: ,179,51,Repeat score:,1, Repeat contribution: ,-1,Dist:,23.0729, Dist contribution: ,-115.365, New scanned ratio: ,0.0478671, New Scanned Cells Contribution: ,0,Area ratio: ,0.873508, Area ratio Contribution: ,0,Perim diff: ,1.07686, Perim diff Contribution: ,0,Frontier diff: ,0, Frontier diff Contribution ,0,Inverse Area ratio: ,0.960426, Inv Area Ratio Contribution: ,0,Inverse Perim ratio: ,1.05548, Inv Perim Contribution: ,0, Final Score: ,-116.365
Point: ,174,56,Repeat score:,1, Repeat contribution: ,-1,Dist:,25.1478, Dist contribution: ,-125.739, New scanned ratio: ,0.0521527, New Scanned Cells Contribution: ,0,Area ratio: ,0.845473, Area ratio Contribution: ,0,Perim diff: ,1.09787, Perim diff Contribution: ,0,Frontier diff: ,0, Frontier diff Contribution ,0,Inverse Area ratio: ,0.956474, Inv Area Ratio Contribution: ,0,Inverse Perim ratio: ,1.07045, Inv Perim Contribution: ,0, Final Score: ,-126.739
Point: ,168,59,Repeat score:,1, Repeat contribution: ,-1,Dist:,26.6833, Dist contribution: ,-133.417, New scanned ratio: ,0.051823, New Scanned Cells Contribution: ,0,Area ratio: ,0.828537, Area ratio Contribution: ,0,Perim diff: ,1.09865, Perim diff Contribution: ,0,Frontier diff: ,0, Frontier diff Contribution ,0,Inverse Area ratio: ,0.956526, Inv Area Ratio Contribution: ,0,Inverse Perim ratio: ,1.07195, Inv Perim Contribution: ,0, Final Score: ,-134.417
Point: ,163,59,Repeat score:,1, Repeat contribution: ,-1,Dist:,26.0192, Dist contribution: ,-130.096, New scanned ratio: ,0.0476033, New Scanned Cells Contribution: ,0,Area ratio: ,0.827279, Area ratio Contribution: ,0,Perim diff: ,1.08984, Perim diff Contribution: ,0,Frontier diff: ,0, Frontier diff Contribution ,0,Inverse Area ratio: ,0.957412, Inv Area Ratio Contribution: ,0,Inverse Perim ratio: ,1.06624, Inv Perim Contribution: ,0, Final Score: ,-131.096
Point: ,162,60,Repeat score:,1, Repeat contribution: ,-1,Dist:,27.3, Dist contribution: ,-136.5, New scanned ratio: ,0.0493835, New Scanned Cells Contribution: ,0,Area ratio: ,0.822859, Area ratio Contribution: ,0,Perim diff: ,1.09234, Perim diff Contribution: ,0,Frontier diff: ,0, Frontier diff Contribution ,0,Inverse Area ratio: ,0.957047, Inv Area Ratio Contribution: ,0,Inverse Perim ratio: ,1.06821, Inv Perim Contribution: ,0, Final Score: ,-137.5
Point: ,161,59,Repeat score:,1, Repeat contribution: ,-1,Dist:,26.0192, Dist contribution: ,-130.096, New scanned ratio: ,0.0463506, New Scanned Cells Contribution: ,0,Area ratio: ,0.827157, Area ratio Contribution: ,0,Perim diff: ,1.08708, Perim diff Contribution: ,0,Frontier diff: ,0, Frontier diff Contribution ,0,Inverse Area ratio: ,0.957672, Inv Area Ratio Contribution: ,0,Inverse Perim ratio: ,1.06444, Inv Perim Contribution: ,0, Final Score: ,-131.096
Point: ,156,59,Repeat score:,1, Repeat contribution: ,-1,Dist:,26.6833, Dist contribution: ,-133.417, New scanned ratio: ,0.0442408, New Scanned Cells Contribution: ,0,Area ratio: ,0.827707, Area ratio Contribution: ,0,Perim diff: ,1.08378, Perim diff Contribution: ,0,Frontier diff: ,0, Frontier diff Contribution ,0,Inverse Area ratio: ,0.958095, Inv Area Ratio Contribution: ,0,Inverse Perim ratio: ,1.06224, Inv Perim Contribution: ,0, Final Score: ,-134.417
Point: ,153,57,Repeat score:,1, Repeat contribution: ,-1,Dist:,25.0711, Dist contribution: ,-125.355, New scanned ratio: ,0.0387024, New Scanned Cells Contribution: ,0,Area ratio: ,0.837331, Area ratio Contribution: ,0,Perim diff: ,1.07599, Perim diff Contribution: ,0,Frontier diff: ,0, Frontier diff Contribution ,0,Inverse Area ratio: ,0.959235, Inv Area Ratio Contribution: ,0,Inverse Perim ratio: ,1.05658, Inv Perim Contribution: ,0, Final Score: ,-126.355
Point: ,149,59,Repeat score:,1, Repeat contribution: ,-1,Dist:,29.0689, Dist contribution: ,-145.344, New scanned ratio: ,0.0437133, New Scanned Cells Contribution: ,0,Area ratio: ,0.830416, Area ratio Contribution: ,0,Perim diff: ,1.07553, Perim diff Contribution: ,0,Frontier diff: ,0, Frontier diff Contribution ,0,Inverse Area ratio: ,0.958245, Inv Area Ratio Contribution: ,0,Inverse Perim ratio: ,1.05692, Inv Perim Contribution: ,0, Final Score: ,-146.344
Point: ,144,59,Repeat score:,1, Repeat contribution: ,-1,Dist:,31.6228, Dist contribution: ,-158.114, New scanned ratio: ,0.0436474, New Scanned Cells Contribution: ,0,Area ratio: ,0.832536, Area ratio Contribution: ,0,Perim diff: ,1.07165, Perim diff Contribution: ,0,Frontier diff: ,0, Frontier diff Contribution ,0,Inverse Area ratio: ,0.958252, Inv Area Ratio Contribution: ,0,Inverse Perim ratio: ,1.0543, Inv Perim Contribution: ,0, Final Score: ,-159.114
Point: ,143,60,Repeat score:,1, Repeat contribution: ,-1,Dist:,33.2609, Dist contribution: ,-166.305, New scanned ratio: ,0.0462188, New Scanned Cells Contribution: ,0,Area ratio: ,0.828403, Area ratio Contribution: ,0,Perim diff: ,1.07797, Perim diff Contribution: ,0,Frontier diff: ,0, Frontier diff Contribution ,0,Inverse Area ratio: ,0.957718, Inv Area Ratio Contribution: ,0,Inverse Perim ratio: ,1.05864, Inv Perim Contribution: ,0, Final Score: ,-167.305
Point: ,142,59,Repeat score:,1, Repeat contribution: ,-1,Dist:,32.8024, Dist contribution: ,-164.012, New scanned ratio: ,0.0436474, New Scanned Cells Contribution: ,0,Area ratio: ,0.833387, Area ratio Contribution: ,0,Perim diff: ,1.07173, Perim diff Contribution: ,0,Frontier diff: ,0, Frontier diff Contribution ,0,Inverse Area ratio: ,0.958252, Inv Area Ratio Contribution: ,0,Inverse Perim ratio: ,1.0543, Inv Perim Contribution: ,0, Final Score: ,-165.012
Point: ,137,59,Repeat score:,1, Repeat contribution: ,-1,Dist:,36.0694, Dist contribution: ,-180.347, New scanned ratio: ,0.0437133, New Scanned Cells Contribution: ,0,Area ratio: ,0.835297, Area ratio Contribution: ,0,Perim diff: ,1.07597, Perim diff Contribution: ,0,Frontier diff: ,0, Frontier diff Contribution ,0,Inverse Area ratio: ,0.958232, Inv Area Ratio Contribution: ,0,Inverse Perim ratio: ,1.05688, Inv Perim Contribution: ,0, Final Score: ,-181.347
Point: ,134,57,Repeat score:,1, Repeat contribution: ,-1,Dist:,36.4905, Dist contribution: ,-182.453, New scanned ratio: ,0.0386365, New Scanned Cells Contribution: ,0,Area ratio: ,0.84565, Area ratio Contribution: ,0,Perim diff: ,1.07265, Perim diff Contribution: ,0,Frontier diff: ,0, Frontier diff Contribution ,0,Inverse Area ratio: ,0.959248, Inv Area Ratio Contribution: ,0,Inverse Perim ratio: ,1.05391, Inv Perim Contribution: ,0, Final Score: ,-183.453
Point: ,130,59,Repeat score:,1, Repeat contribution: ,-1,Dist:,41.2311, Dist contribution: ,-206.155, New scanned ratio: ,0.0437133, New Scanned Cells Contribution: ,0,Area ratio: ,0.837931, Area ratio Contribution: ,0,Perim diff: ,1.07631, Perim diff Contribution: ,0,Frontier diff: ,0, Frontier diff Contribution ,0,Inverse Area ratio: ,0.958239, Inv Area Ratio Contribution: ,0,Inverse Perim ratio: ,1.05694, Inv Perim Contribution: ,0, Final Score: ,-207.155
BEST Point:,182,41, Score: ,-101.841
COUNT COMMAND: 1
Total frontiers: ,102, Prioritised frontiers: ,24
At: ,181,40,
Point: ,221,40,Repeat score:,1, Repeat contribution: ,-1,Dist:,40, Dist contribution: ,-200, New scanned ratio: ,0.0427993, New Scanned Cells Contribution: ,0,Area ratio: ,0.946117, Area ratio Contribution: ,0,Perim diff: ,1.07827, Perim diff Contribution: ,0,Frontier diff: ,0, Frontier diff Contribution ,0,Inverse Area ratio: ,0.956149, Inv Area Ratio Contribution: ,0,Inverse Perim ratio: ,1.05464, Inv Perim Contribution: ,0, Final Score: ,-201
Point: ,216,40,Repeat score:,1, Repeat contribution: ,-1,Dist:,35, Dist contribution: ,-175, New scanned ratio: ,0.0406786, New Scanned Cells Contribution: ,0,Area ratio: ,0.947552, Area ratio Contribution: ,0,Perim diff: ,1.05727, Perim diff Contribution: ,0,Frontier diff: ,0, Frontier diff Contribution ,0,Inverse Area ratio: ,0.956705, Inv Area Ratio Contribution: ,0,Inverse Perim ratio: ,1.04167, Inv Perim Contribution: ,0, Final Score: ,-176
Point: ,213,38,Repeat score:,1, Repeat contribution: ,-1,Dist:,32.1055, Dist contribution: ,-160.527, New scanned ratio: ,0.0336739, New Scanned Cells Contribution: ,0,Area ratio: ,0.949321, Area ratio Contribution: ,0,Perim diff: ,1.05459, Perim diff Contribution: ,0,Frontier diff: ,0, Frontier diff Contribution ,0,Inverse Area ratio: ,0.958142, Inv Area Ratio Contribution: ,0,Inverse Perim ratio: ,1.03913, Inv Perim Contribution: ,0, Final Score: ,-161.527
Point: ,211,38,Repeat score:,1, Repeat contribution: ,-1,Dist:,30.1125, Dist contribution: ,-150.562, New scanned ratio: ,0.0318103, New Scanned Cells Contribution: ,0,Area ratio: ,0.948891, Area ratio Contribution: ,0,Perim diff: ,1.05417, Perim diff Contribution: ,0,Frontier diff: ,0, Frontier diff Contribution ,0,Inverse Area ratio: ,0.958508, Inv Area Ratio Contribution: ,0,Inverse Perim ratio: ,1.0388, Inv Perim Contribution: ,0, Final Score: ,-151.562
Point: ,208,40,Repeat score:,1, Repeat contribution: ,-1,Dist:,27, Dist contribution: ,-135, New scanned ratio: ,0.0332241, New Scanned Cells Contribution: ,0,Area ratio: ,0.945474, Area ratio Contribution: ,0,Perim diff: ,1.05256, Perim diff Contribution: ,0,Frontier diff: ,0, Frontier diff Contribution ,0,Inverse Area ratio: ,0.958253, Inv Area Ratio Contribution: ,0,Inverse Perim ratio: ,1.03817, Inv Perim Contribution: ,0, Final Score: ,-136
Point: ,203,40,Repeat score:,1, Repeat contribution: ,-1,Dist:,22, Dist contribution: ,-110, New scanned ratio: ,0.0278902, New Scanned Cells Contribution: ,0,Area ratio: ,0.943546, Area ratio Contribution: ,0,Perim diff: ,1.05171, Perim diff Contribution: ,0,Frontier diff: ,0, Frontier diff Contribution ,0,Inverse Area ratio: ,0.959357, Inv Area Ratio Contribution: ,0,Inverse Perim ratio: ,1.03745, Inv Perim Contribution: ,0, Final Score: ,-111
Point: ,201,41,Repeat score:,1, Repeat contribution: ,-1,Dist:,20.0422, Dist contribution: ,-100.211, New scanned ratio: ,0.0276332, New Scanned Cells Contribution: ,0,Area ratio: ,0.938755, Area ratio Contribution: ,0,Perim diff: ,1.05169, Perim diff Contribution: ,0,Frontier diff: ,0, Frontier diff Contribution ,0,Inverse Area ratio: ,0.959396, Inv Area Ratio Contribution: ,0,Inverse Perim ratio: ,1.04017, Inv Perim Contribution: ,0, Final Score: ,-101.211
Point: ,201,46,Repeat score:,1, Repeat contribution: ,-1,Dist:,21.4672, Dist contribution: ,-107.336, New scanned ratio: ,0.0381081, New Scanned Cells Contribution: ,0,Area ratio: ,0.913646, Area ratio Contribution: ,0,Perim diff: ,1.06141, Perim diff Contribution: ,0,Frontier diff: ,0, Frontier diff Contribution ,0,Inverse Area ratio: ,0.957214, Inv Area Ratio Contribution: ,0,Inverse Perim ratio: ,1.04513, Inv Perim Contribution: ,0, Final Score: ,-108.336
Point: ,198,52,Repeat score:,1, Repeat contribution: ,-1,Dist:,23.0729, Dist contribution: ,-115.365, New scanned ratio: ,0.0472977, New Scanned Cells Contribution: ,0,Area ratio: ,0.880255, Area ratio Contribution: ,0,Perim diff: ,1.0795, Perim diff Contribution: ,0,Frontier diff: ,0, Frontier diff Contribution ,0,Inverse Area ratio: ,0.955215, Inv Area Ratio Contribution: ,0,Inverse Perim ratio: ,1.06099, Inv Perim Contribution: ,0, Final Score: ,-116.365
Point: ,193,57,Repeat score:,1, Repeat contribution: ,-1,Dist:,25.1478, Dist contribution: ,-125.739, New scanned ratio: ,0.0509607, New Scanned Cells Contribution: ,0,Area ratio: ,0.851957, Area ratio Contribution: ,0,Perim diff: ,1.10154, Perim diff Contribution: ,0,Frontier diff: ,0, Frontier diff Contribution ,0,Inverse Area ratio: ,0.954261, Inv Area Ratio Contribution: ,0,Inverse Perim ratio: ,1.07439, Inv Perim Contribution: ,0, Final Score: ,-126.739
Point: ,187,60,Repeat score:,1, Repeat contribution: ,-1,Dist:,26.6833, Dist contribution: ,-133.417, New scanned ratio: ,0.0507037, New Scanned Cells Contribution: ,0,Area ratio: ,0.835286, Area ratio Contribution: ,0,Perim diff: ,1.10059, Perim diff Contribution: ,0,Frontier diff: ,0, Frontier diff Contribution ,0,Inverse Area ratio: ,0.954313, Inv Area Ratio Contribution: ,0,Inverse Perim ratio: ,1.07476, Inv Perim Contribution: ,0, Final Score: ,-134.417
Point: ,182,60,Repeat score:,1, Repeat contribution: ,-1,Dist:,26.0192, Dist contribution: ,-130.096, New scanned ratio: ,0.0469764, New Scanned Cells Contribution: ,0,Area ratio: ,0.834406, Area ratio Contribution: ,0,Perim diff: ,1.08964, Perim diff Contribution: ,0,Frontier diff: ,0, Frontier diff Contribution ,0,Inverse Area ratio: ,0.955136, Inv Area Ratio Contribution: ,0,Inverse Perim ratio: ,1.06762, Inv Perim Contribution: ,0, Final Score: ,-131.096
Point: ,181,61,Repeat score:,1, Repeat contribution: ,-1,Dist:,27.3, Dist contribution: ,-136.5, New scanned ratio: ,0.0487115, New Scanned Cells Contribution: ,0,Area ratio: ,0.830038, Area ratio Contribution: ,0,Perim diff: ,1.09215, Perim diff Contribution: ,0,Frontier diff: ,0, Frontier diff Contribution ,0,Inverse Area ratio: ,0.954757, Inv Area Ratio Contribution: ,0,Inverse Perim ratio: ,1.06959, Inv Perim Contribution: ,0, Final Score: ,-137.5
Point: ,180,60,Repeat score:,1, Repeat contribution: ,-1,Dist:,26.0192, Dist contribution: ,-130.096, New scanned ratio: ,0.0458197, New Scanned Cells Contribution: ,0,Area ratio: ,0.83432, Area ratio Contribution: ,0,Perim diff: ,1.08931, Perim diff Contribution: ,0,Frontier diff: ,0, Frontier diff Contribution ,0,Inverse Area ratio: ,0.955371, Inv Area Ratio Contribution: ,0,Inverse Perim ratio: ,1.06725, Inv Perim Contribution: ,0, Final Score: ,-131.096
Point: ,175,60,Repeat score:,1, Repeat contribution: ,-1,Dist:,26.6833, Dist contribution: ,-133.417, New scanned ratio: ,0.0440846, New Scanned Cells Contribution: ,0,Area ratio: ,0.835193, Area ratio Contribution: ,0,Perim diff: ,1.08389, Perim diff Contribution: ,0,Frontier diff: ,0, Frontier diff Contribution ,0,Inverse Area ratio: ,0.95573, Inv Area Ratio Contribution: ,0,Inverse Perim ratio: ,1.06362, Inv Perim Contribution: ,0, Final Score: ,-134.417
Point: ,172,58,Repeat score:,1, Repeat contribution: ,-1,Dist:,25.0711, Dist contribution: ,-125.355, New scanned ratio: ,0.0388792, New Scanned Cells Contribution: ,0,Area ratio: ,0.845016, Area ratio Contribution: ,0,Perim diff: ,1.07549, Perim diff Contribution: ,0,Frontier diff: ,0, Frontier diff Contribution ,0,Inverse Area ratio: ,0.956834, Inv Area Ratio Contribution: ,0,Inverse Perim ratio: ,1.05993, Inv Perim Contribution: ,0, Final Score: ,-126.355
Point: ,169,58,Repeat score:,1, Repeat contribution: ,-1,Dist:,26.2975, Dist contribution: ,-131.488, New scanned ratio: ,0.0388792, New Scanned Cells Contribution: ,0,Area ratio: ,0.846251, Area ratio Contribution: ,0,Perim diff: ,1.07177, Perim diff Contribution: ,0,Frontier diff: ,0, Frontier diff Contribution ,0,Inverse Area ratio: ,0.956847, Inv Area Ratio Contribution: ,0,Inverse Perim ratio: ,1.05472, Inv Perim Contribution: ,0, Final Score: ,-132.488
Point: ,168,59,Repeat score:,1, Repeat contribution: ,-1,Dist:,27.9122, Dist contribution: ,-139.561, New scanned ratio: ,0.041514, New Scanned Cells Contribution: ,0,Area ratio: ,0.842474, Area ratio Contribution: ,0,Perim diff: ,1.07233, Perim diff Contribution: ,0,Frontier diff: ,0, Frontier diff Contribution ,0,Inverse Area ratio: ,0.956325, Inv Area Ratio Contribution: ,0,Inverse Perim ratio: ,1.05556, Inv Perim Contribution: ,0, Final Score: ,-140.561
Point: ,163,59,Repeat score:,1, Repeat contribution: ,-1,Dist:,30.5629, Dist contribution: ,-152.814, New scanned ratio: ,0.0417068, New Scanned Cells Contribution: ,0,Area ratio: ,0.844844, Area ratio Contribution: ,0,Perim diff: ,1.07105, Perim diff Contribution: ,0,Frontier diff: ,0, Frontier diff Contribution ,0,Inverse Area ratio: ,0.956266, Inv Area Ratio Contribution: ,0,Inverse Perim ratio: ,1.05456, Inv Perim Contribution: ,0, Final Score: ,-153.814
Point: ,162,60,Repeat score:,1, Repeat contribution: ,-1,Dist:,32.2025, Dist contribution: ,-161.012, New scanned ratio: ,0.0443416, New Scanned Cells Contribution: ,0,Area ratio: ,0.841041, Area ratio Contribution: ,0,Perim diff: ,1.07448, Perim diff Contribution: ,0,Frontier diff: ,0, Frontier diff Contribution ,0,Inverse Area ratio: ,0.955717, Inv Area Ratio Contribution: ,0,Inverse Perim ratio: ,1.05711, Inv Perim Contribution: ,0, Final Score: ,-162.012
Point: ,161,59,Repeat score:,1, Repeat contribution: ,-1,Dist:,31.7819, Dist contribution: ,-158.91, New scanned ratio: ,0.0418996, New Scanned Cells Contribution: ,0,Area ratio: ,0.845885, Area ratio Contribution: ,0,Perim diff: ,1.07033, Perim diff Contribution: ,0,Frontier diff: ,0, Frontier diff Contribution ,0,Inverse Area ratio: ,0.956233, Inv Area Ratio Contribution: ,0,Inverse Perim ratio: ,1.05403, Inv Perim Contribution: ,0, Final Score: ,-159.91
Point: ,156,59,Repeat score:,1, Repeat contribution: ,-1,Dist:,35.1438, Dist contribution: ,-175.719, New scanned ratio: ,0.0422209, New Scanned Cells Contribution: ,0,Area ratio: ,0.848219, Area ratio Contribution: ,0,Perim diff: ,1.07553, Perim diff Contribution: ,0,Frontier diff: ,0, Frontier diff Contribution ,0,Inverse Area ratio: ,0.956155, Inv Area Ratio Contribution: ,0,Inverse Perim ratio: ,1.05715, Inv Perim Contribution: ,0, Final Score: ,-176.719
Point: ,153,57,Repeat score:,1, Repeat contribution: ,-1,Dist:,35.6709, Dist contribution: ,-178.354, New scanned ratio: ,0.0375297, New Scanned Cells Contribution: ,0,Area ratio: ,0.858707, Area ratio Contribution: ,0,Perim diff: ,1.07146, Perim diff Contribution: ,0,Frontier diff: ,0, Frontier diff Contribution ,0,Inverse Area ratio: ,0.957128, Inv Area Ratio Contribution: ,0,Inverse Perim ratio: ,1.05365, Inv Perim Contribution: ,0, Final Score: ,-179.354
Point: ,149,59,Repeat score:,1, Repeat contribution: ,-1,Dist:,40.4239, Dist contribution: ,-202.119, New scanned ratio: ,0.0426065, New Scanned Cells Contribution: ,0,Area ratio: ,0.85151, Area ratio Contribution: ,0,Perim diff: ,1.07637, Perim diff Contribution: ,0,Frontier diff: ,0, Frontier diff Contribution ,0,Inverse Area ratio: ,0.956083, Inv Area Ratio Contribution: ,0,Inverse Perim ratio: ,1.05743, Inv Perim Contribution: ,0, Final Score: ,-203.119
BEST Point:,201,41, Score: ,-101.211
COUNT COMMAND: 1
Total frontiers: ,103, Prioritised frontiers: ,25
At: ,200,40,
Point: ,236,40,Repeat score:,1, Repeat contribution: ,-1,Dist:,36, Dist contribution: ,-180, New scanned ratio: ,0.0402685, New Scanned Cells Contribution: ,0,Area ratio: ,0.958374, Area ratio Contribution: ,0,Perim diff: ,1.05883, Perim diff Contribution: ,0,Frontier diff: ,0, Frontier diff Contribution ,0,Inverse Area ratio: ,0.95157, Inv Area Ratio Contribution: ,0,Inverse Perim ratio: ,1.04364, Inv Perim Contribution: ,0, Final Score: ,-181
Point: ,233,38,Repeat score:,1, Repeat contribution: ,-1,Dist:,33.1023, Dist contribution: ,-165.511, New scanned ratio: ,0.033557, New Scanned Cells Contribution: ,0,Area ratio: ,0.959248, Area ratio Contribution: ,0,Perim diff: ,1.05483, Perim diff Contribution: ,0,Frontier diff: ,0, Frontier diff Contribution ,0,Inverse Area ratio: ,0.952988, Inv Area Ratio Contribution: ,0,Inverse Perim ratio: ,1.04028, Inv Perim Contribution: ,0, Final Score: ,-166.511
Point: ,231,38,Repeat score:,1, Repeat contribution: ,-1,Dist:,31.1088, Dist contribution: ,-155.544, New scanned ratio: ,0.0318635, New Scanned Cells Contribution: ,0,Area ratio: ,0.958957, Area ratio Contribution: ,0,Perim diff: ,1.0527, Perim diff Contribution: ,0,Frontier diff: ,0, Frontier diff Contribution ,0,Inverse Area ratio: ,0.953334, Inv Area Ratio Contribution: ,0,Inverse Perim ratio: ,1.03868, Inv Perim Contribution: ,0, Final Score: ,-156.544
Point: ,228,40,Repeat score:,1, Repeat contribution: ,-1,Dist:,28, Dist contribution: ,-140, New scanned ratio: ,0.0333689, New Scanned Cells Contribution: ,0,Area ratio: ,0.956794, Area ratio Contribution: ,0,Perim diff: ,1.05249, Perim diff Contribution: ,0,Frontier diff: ,0, Frontier diff Contribution ,0,Inverse Area ratio: ,0.95304, Inv Area Ratio Contribution: ,0,Inverse Perim ratio: ,1.03901, Inv Perim Contribution: ,0, Final Score: ,-141
Point: ,223,40,Repeat score:,1, Repeat contribution: ,-1,Dist:,23, Dist contribution: ,-115, New scanned ratio: ,0.0282883, New Scanned Cells Contribution: ,0,Area ratio: ,0.955077, Area ratio Contribution: ,0,Perim diff: ,1.05011, Perim diff Contribution: ,0,Frontier diff: ,0, Frontier diff Contribution ,0,Inverse Area ratio: ,0.954111, Inv Area Ratio Contribution: ,0,Inverse Perim ratio: ,1.03722, Inv Perim Contribution: ,0, Final Score: ,-116
Point: ,222,41,Repeat score:,1, Repeat contribution: ,-1,Dist:,22.0384, Dist contribution: ,-110.192, New scanned ratio: ,0.0292291, New Scanned Cells Contribution: ,0,Area ratio: ,0.951212, Area ratio Contribution: ,0,Perim diff: ,1.05067, Perim diff Contribution: ,0,Frontier diff: ,0, Frontier diff Contribution ,0,Inverse Area ratio: ,0.953935, Inv Area Ratio Contribution: ,0,Inverse Perim ratio: ,1.03787, Inv Perim Contribution: ,0, Final Score: ,-111.192
Point: ,221,40,Repeat score:,1, Repeat contribution: ,-1,Dist:,21, Dist contribution: ,-105, New scanned ratio: ,0.0262184, New Scanned Cells Contribution: ,0,Area ratio: ,0.954273, Area ratio Contribution: ,0,Perim diff: ,1.04947, Perim diff Contribution: ,0,Frontier diff: ,0, Frontier diff Contribution ,0,Inverse Area ratio: ,0.954569, Inv Area Ratio Contribution: ,0,Inverse Perim ratio: ,1.03677, Inv Perim Contribution: ,0, Final Score: ,-106
Point: ,220,41,Repeat score:,1, Repeat contribution: ,-1,Dist:,20.0422, Dist contribution: ,-100.211, New scanned ratio: ,0.0269711, New Scanned Cells Contribution: ,0,Area ratio: ,0.950262, Area ratio Contribution: ,0,Perim diff: ,1.05415, Perim diff Contribution: ,0,Frontier diff: ,0, Frontier diff Contribution ,0,Inverse Area ratio: ,0.954386, Inv Area Ratio Contribution: ,0,Inverse Perim ratio: ,1.03989, Inv Perim Contribution: ,0, Final Score: ,-101.211
Point: ,220,46,Repeat score:,1, Repeat contribution: ,-1,Dist:,21.4672, Dist contribution: ,-107.336, New scanned ratio: ,0.037195, New Scanned Cells Contribution: ,0,Area ratio: ,0.925639, Area ratio Contribution: ,0,Perim diff: ,1.05921, Perim diff Contribution: ,0,Frontier diff: ,0, Frontier diff Contribution ,0,Inverse Area ratio: ,0.952204, Inv Area Ratio Contribution: ,0,Inverse Perim ratio: ,1.04485, Inv Perim Contribution: ,0, Final Score: ,-108.336
Point: ,217,52,Repeat score:,1, Repeat contribution: ,-1,Dist:,23.0729, Dist contribution: ,-115.365, New scanned ratio: ,0.046039, New Scanned Cells Contribution: ,0,Area ratio: ,0.892388, Area ratio Contribution: ,0,Perim diff: ,1.08087, Perim diff Contribution: ,0,Frontier diff: ,0, Frontier diff Contribution ,0,Inverse Area ratio: ,0.950225, Inv Area Ratio Contribution: ,0,Inverse Perim ratio: ,1.06075, Inv Perim Contribution: ,0, Final Score: ,-116.365
Point: ,212,57,Repeat score:,1, Repeat contribution: ,-1,Dist:,25.1478, Dist contribution: ,-125.739, New scanned ratio: ,0.0497397, New Scanned Cells Contribution: ,0,Area ratio: ,0.863495, Area ratio Contribution: ,0,Perim diff: ,1.09867, Perim diff Contribution: ,0,Frontier diff: ,0, Frontier diff Contribution ,0,Inverse Area ratio: ,0.949376, Inv Area Ratio Contribution: ,0,Inverse Perim ratio: ,1.07427, Inv Perim Contribution: ,0, Final Score: ,-126.739
Point: ,206,60,Repeat score:,1, Repeat contribution: ,-1,Dist:,26.6833, Dist contribution: ,-133.417, New scanned ratio: ,0.0493006, New Scanned Cells Contribution: ,0,Area ratio: ,0.846615, Area ratio Contribution: ,0,Perim diff: ,1.09574, Perim diff Contribution: ,0,Frontier diff: ,0, Frontier diff Contribution ,0,Inverse Area ratio: ,0.949487, Inv Area Ratio Contribution: ,0,Inverse Perim ratio: ,1.07332, Inv Perim Contribution: ,0, Final Score: ,-134.417
Point: ,201,60,Repeat score:,1, Repeat contribution: ,-1,Dist:,26.0192, Dist contribution: ,-130.096, New scanned ratio: ,0.0452863, New Scanned Cells Contribution: ,0,Area ratio: ,0.84596, Area ratio Contribution: ,0,Perim diff: ,1.08744, Perim diff Contribution: ,0,Frontier diff: ,0, Frontier diff Contribution ,0,Inverse Area ratio: ,0.950375, Inv Area Ratio Contribution: ,0,Inverse Perim ratio: ,1.06761, Inv Perim Contribution: ,0, Final Score: ,-131.096
Point: ,200,61,Repeat score:,1, Repeat contribution: ,-1,Dist:,27.3, Dist contribution: ,-136.5, New scanned ratio: ,0.0469799, New Scanned Cells Contribution: ,0,Area ratio: ,0.841528, Area ratio Contribution: ,0,Perim diff: ,1.08984, Perim diff Contribution: ,0,Frontier diff: ,0, Frontier diff Contribution ,0,Inverse Area ratio: ,0.950009, Inv Area Ratio Contribution: ,0,Inverse Perim ratio: ,1.06958, Inv Perim Contribution: ,0, Final Score: ,-137.5
Point: ,199,60,Repeat score:,1, Repeat contribution: ,-1,Dist:,26.0192, Dist contribution: ,-130.096, New scanned ratio: ,0.0440946, New Scanned Cells Contribution: ,0,Area ratio: ,0.84586, Area ratio Contribution: ,0,Perim diff: ,1.08486, Perim diff Contribution: ,0,Frontier diff: ,0, Frontier diff Contribution ,0,Inverse Area ratio: ,0.950636, Inv Area Ratio Contribution: ,0,Inverse Perim ratio: ,1.06581, Inv Perim Contribution: ,0, Final Score: ,-131.096
Point: ,194,60,Repeat score:,1, Repeat contribution: ,-1,Dist:,26.6833, Dist contribution: ,-133.417, New scanned ratio: ,0.0420874, New Scanned Cells Contribution: ,0,Area ratio: ,0.846442, Area ratio Contribution: ,0,Perim diff: ,1.08197, Perim diff Contribution: ,0,Frontier diff: ,0, Frontier diff Contribution ,0,Inverse Area ratio: ,0.951061, Inv Area Ratio Contribution: ,0,Inverse Perim ratio: ,1.06361, Inv Perim Contribution: ,0, Final Score: ,-134.417
Point: ,191,58,Repeat score:,1, Repeat contribution: ,-1,Dist:,25.0711, Dist contribution: ,-125.355, New scanned ratio: ,0.0368187, New Scanned Cells Contribution: ,0,Area ratio: ,0.856199, Area ratio Contribution: ,0,Perim diff: ,1.07512, Perim diff Contribution: ,0,Frontier diff: ,0, Frontier diff Contribution ,0,Inverse Area ratio: ,0.952184, Inv Area Ratio Contribution: ,0,Inverse Perim ratio: ,1.05821, Inv Perim Contribution: ,0, Final Score: ,-126.355
Point: ,187,60,Repeat score:,1, Repeat contribution: ,-1,Dist:,29.0689, Dist contribution: ,-145.344, New scanned ratio: ,0.0417738, New Scanned Cells Contribution: ,0,Area ratio: ,0.849302, Area ratio Contribution: ,0,Perim diff: ,1.07779, Perim diff Contribution: ,0,Frontier diff: ,0, Frontier diff Contribution ,0,Inverse Area ratio: ,0.951146, Inv Area Ratio Contribution: ,0,Inverse Perim ratio: ,1.06052, Inv Perim Contribution: ,0, Final Score: ,-146.344
Point: ,182,60,Repeat score:,1, Repeat contribution: ,-1,Dist:,31.6228, Dist contribution: ,-158.114, New scanned ratio: ,0.0420874, New Scanned Cells Contribution: ,0,Area ratio: ,0.851753, Area ratio Contribution: ,0,Perim diff: ,1.07188, Perim diff Contribution: ,0,Frontier diff: ,0, Frontier diff Contribution ,0,Inverse Area ratio: ,0.951087, Inv Area Ratio Contribution: ,0,Inverse Perim ratio: ,1.05646, Inv Perim Contribution: ,0, Final Score: ,-159.114
Point: ,181,61,Repeat score:,1, Repeat contribution: ,-1,Dist:,33.2609, Dist contribution: ,-166.305, New scanned ratio: ,0.0445337, New Scanned Cells Contribution: ,0,Area ratio: ,0.847837, Area ratio Contribution: ,0,Perim diff: ,1.0782, Perim diff Contribution: ,0,Frontier diff: ,0, Frontier diff Contribution ,0,Inverse Area ratio: ,0.950538, Inv Area Ratio Contribution: ,0,Inverse Perim ratio: ,1.06081, Inv Perim Contribution: ,0, Final Score: ,-167.305
Point: ,180,60,Repeat score:,1, Repeat contribution: ,-1,Dist:,32.8024, Dist contribution: ,-164.012, New scanned ratio: ,0.0421502, New Scanned Cells Contribution: ,0,Area ratio: ,0.852627, Area ratio Contribution: ,0,Perim diff: ,1.07442, Perim diff Contribution: ,0,Frontier diff: ,0, Frontier diff Contribution ,0,Inverse Area ratio: ,0.951061, Inv Area Ratio Contribution: ,0,Inverse Perim ratio: ,1.05789, Inv Perim Contribution: ,0, Final Score: ,-165.012
Point: ,175,60,Repeat score:,1, Repeat contribution: ,-1,Dist:,36.0694, Dist contribution: ,-180.347, New scanned ratio: ,0.0425265, New Scanned Cells Contribution: ,0,Area ratio: ,0.855069, Area ratio Contribution: ,0,Perim diff: ,1.07664, Perim diff Contribution: ,0,Frontier diff: ,0, Frontier diff Contribution ,0,Inverse Area ratio: ,0.950976, Inv Area Ratio Contribution: ,0,Inverse Perim ratio: ,1.05905, Inv Perim Contribution: ,0, Final Score: ,-181.347
Point: ,172,58,Repeat score:,1, Repeat contribution: ,-1,Dist:,36.4905, Dist contribution: ,-182.453, New scanned ratio: ,0.037885, New Scanned Cells Contribution: ,0,Area ratio: ,0.86549, Area ratio Contribution: ,0,Perim diff: ,1.0728, Perim diff Contribution: ,0,Frontier diff: ,0, Frontier diff Contribution ,0,Inverse Area ratio: ,0.951956, Inv Area Ratio Contribution: ,0,Inverse Perim ratio: ,1.05805, Inv Perim Contribution: ,0, Final Score: ,-183.453
Point: ,169,58,Repeat score:,1, Repeat contribution: ,-1,Dist:,38.8402, Dist contribution: ,-194.201, New scanned ratio: ,0.0379477, New Scanned Cells Contribution: ,0,Area ratio: ,0.866809, Area ratio Contribution: ,0,Perim diff: ,1.07301, Perim diff Contribution: ,0,Frontier diff: ,0, Frontier diff Contribution ,0,Inverse Area ratio: ,0.951949, Inv Area Ratio Contribution: ,0,Inverse Perim ratio: ,1.05555, Inv Perim Contribution: ,0, Final Score: ,-195.201
Point: ,168,59,Repeat score:,1, Repeat contribution: ,-1,Dist:,40.4239, Dist contribution: ,-202.119, New scanned ratio: ,0.0405194, New Scanned Cells Contribution: ,0,Area ratio: ,0.862888, Area ratio Contribution: ,0,Perim diff: ,1.07357, Perim diff Contribution: ,0,Frontier diff: ,0, Frontier diff Contribution ,0,Inverse Area ratio: ,0.951414, Inv Area Ratio Contribution: ,0,Inverse Perim ratio: ,1.05629, Inv Perim Contribution: ,0, Final Score: ,-203.119
BEST Point:,220,41, Score: ,-101.211
COUNT COMMAND: 1
Total frontiers: ,102, Prioritised frontiers: ,24
At: ,219,40,
Point: ,256,40,Repeat score:,1, Repeat contribution: ,-1,Dist:,37, Dist contribution: ,-185, New scanned ratio: ,0.0398775, New Scanned Cells Contribution: ,0,Area ratio: ,0.966526, Area ratio Contribution: ,0,Perim diff: ,1.05449, Perim diff Contribution: ,0,Frontier diff: ,0, Frontier diff Contribution ,0,Inverse Area ratio: ,0.946449, Inv Area Ratio Contribution: ,0,Inverse Perim ratio: ,1.04352, Inv Perim Contribution: ,0, Final Score: ,-186
Point: ,253,38,Repeat score:,1, Repeat contribution: ,-1,Dist:,34.0993, Dist contribution: ,-170.496, New scanned ratio: ,0.0334456, New Scanned Cells Contribution: ,0,Area ratio: ,0.967707, Area ratio Contribution: ,0,Perim diff: ,1.0517, Perim diff Contribution: ,0,Frontier diff: ,0, Frontier diff Contribution ,0,Inverse Area ratio: ,0.94784, Inv Area Ratio Contribution: ,0,Inverse Perim ratio: ,1.04016, Inv Perim Contribution: ,0, Final Score: ,-171.496
Point: ,251,38,Repeat score:,1, Repeat contribution: ,-1,Dist:,32.1055, Dist contribution: ,-160.527, New scanned ratio: ,0.031853, New Scanned Cells Contribution: ,0,Area ratio: ,0.96783, Area ratio Contribution: ,0,Perim diff: ,1.05102, Perim diff Contribution: ,0,Frontier diff: ,0, Frontier diff Contribution ,0,Inverse Area ratio: ,0.948174, Inv Area Ratio Contribution: ,0,Inverse Perim ratio: ,1.03931, Inv Perim Contribution: ,0, Final Score: ,-161.527
Point: ,248,40,Repeat score:,1, Repeat contribution: ,-1,Dist:,29, Dist contribution: ,-145, New scanned ratio: ,0.0335069, New Scanned Cells Contribution: ,0,Area ratio: ,0.966775, Area ratio Contribution: ,0,Perim diff: ,1.04895, Perim diff Contribution: ,0,Frontier diff: ,0, Frontier diff Contribution ,0,Inverse Area ratio: ,0.947834, Inv Area Ratio Contribution: ,0,Inverse Perim ratio: ,1.03857, Inv Perim Contribution: ,0, Final Score: ,-146
Point: ,243,40,Repeat score:,1, Repeat contribution: ,-1,Dist:,24, Dist contribution: ,-120, New scanned ratio: ,0.0286677, New Scanned Cells Contribution: ,0,Area ratio: ,0.965963, Area ratio Contribution: ,0,Perim diff: ,1.04777, Perim diff Contribution: ,0,Frontier diff: ,0, Frontier diff Contribution ,0,Inverse Area ratio: ,0.948905, Inv Area Ratio Contribution: ,0,Inverse Perim ratio: ,1.03721, Inv Perim Contribution: ,0, Final Score: ,-121
Point: ,242,41,Repeat score:,1, Repeat contribution: ,-1,Dist:,23.0367, Dist contribution: ,-115.184, New scanned ratio: ,0.0296478, New Scanned Cells Contribution: ,0,Area ratio: ,0.962636, Area ratio Contribution: ,0,Perim diff: ,1.04803, Perim diff Contribution: ,0,Frontier diff: ,0, Frontier diff Contribution ,0,Inverse Area ratio: ,0.948696, Inv Area Ratio Contribution: ,0,Inverse Perim ratio: ,1.03775, Inv Perim Contribution: ,0, Final Score: ,-116.184
Point: ,240,40,Repeat score:,1, Repeat contribution: ,-1,Dist:,21, Dist contribution: ,-105, New scanned ratio: ,0.0256049, New Scanned Cells Contribution: ,0,Area ratio: ,0.965068, Area ratio Contribution: ,0,Perim diff: ,1.04879, Perim diff Contribution: ,0,Frontier diff: ,0, Frontier diff Contribution ,0,Inverse Area ratio: ,0.949558, Inv Area Ratio Contribution: ,0,Inverse Perim ratio: ,1.03755, Inv Perim Contribution: ,0, Final Score: ,-106
Point: ,239,41,Repeat score:,1, Repeat contribution: ,-1,Dist:,20.0422, Dist contribution: ,-100.211, New scanned ratio: ,0.02634, New Scanned Cells Contribution: ,0,Area ratio: ,0.961559, Area ratio Contribution: ,0,Perim diff: ,1.05209, Perim diff Contribution: ,0,Frontier diff: ,0, Frontier diff Contribution ,0,Inverse Area ratio: ,0.949389, Inv Area Ratio Contribution: ,0,Inverse Perim ratio: ,1.03993, Inv Perim Contribution: ,0, Final Score: ,-101.211
Point: ,239,46,Repeat score:,1, Repeat contribution: ,-1,Dist:,21.4672, Dist contribution: ,-107.336, New scanned ratio: ,0.0363247, New Scanned Cells Contribution: ,0,Area ratio: ,0.93589, Area ratio Contribution: ,0,Perim diff: ,1.05621, Perim diff Contribution: ,0,Frontier diff: ,0, Frontier diff Contribution ,0,Inverse Area ratio: ,0.947207, Inv Area Ratio Contribution: ,0,Inverse Perim ratio: ,1.04489, Inv Perim Contribution: ,0, Final Score: ,-108.336
Point: ,236,52,Repeat score:,1, Repeat contribution: ,-1,Dist:,23.0729, Dist contribution: ,-115.365, New scanned ratio: ,0.0448392, New Scanned Cells Contribution: ,0,Area ratio: ,0.901596, Area ratio Contribution: ,0,Perim diff: ,1.07693, Perim diff Contribution: ,0,Frontier diff: ,0, Frontier diff Contribution ,0,Inverse Area ratio: ,0.94526, Inv Area Ratio Contribution: ,0,Inverse Perim ratio: ,1.06075, Inv Perim Contribution: ,0, Final Score: ,-116.365
Point: ,231,57,Repeat score:,1, Repeat contribution: ,-1,Dist:,25.1478, Dist contribution: ,-125.739, New scanned ratio: ,0.0486371, New Scanned Cells Contribution: ,0,Area ratio: ,0.872831, Area ratio Contribution: ,0,Perim diff: ,1.09156, Perim diff Contribution: ,0,Frontier diff: ,0, Frontier diff Contribution ,0,Inverse Area ratio: ,0.944372, Inv Area Ratio Contribution: ,0,Inverse Perim ratio: ,1.07235, Inv Perim Contribution: ,0, Final Score: ,-126.739
Point: ,225,60,Repeat score:,1, Repeat contribution: ,-1,Dist:,26.6833, Dist contribution: ,-133.417, New scanned ratio: ,0.048147, New Scanned Cells Contribution: ,0,Area ratio: ,0.855929, Area ratio Contribution: ,0,Perim diff: ,1.09117, Perim diff Contribution: ,0,Frontier diff: ,0, Frontier diff Contribution ,0,Inverse Area ratio: ,0.944476, Inv Area Ratio Contribution: ,0,Inverse Perim ratio: ,1.07304, Inv Perim Contribution: ,0, Final Score: ,-134.417
Point: ,220,60,Repeat score:,1, Repeat contribution: ,-1,Dist:,26.0192, Dist contribution: ,-130.096, New scanned ratio: ,0.0442266, New Scanned Cells Contribution: ,0,Area ratio: ,0.855442, Area ratio Contribution: ,0,Perim diff: ,1.08338, Perim diff Contribution: ,0,Frontier diff: ,0, Frontier diff Contribution ,0,Inverse Area ratio: ,0.945365, Inv Area Ratio Contribution: ,0,Inverse Perim ratio: ,1.06733, Inv Perim Contribution: ,0, Final Score: ,-131.096
Point: ,219,61,Repeat score:,1, Repeat contribution: ,-1,Dist:,27.3, Dist contribution: ,-136.5, New scanned ratio: ,0.0458806, New Scanned Cells Contribution: ,0,Area ratio: ,0.850868, Area ratio Contribution: ,0,Perim diff: ,1.08574, Perim diff Contribution: ,0,Frontier diff: ,0, Frontier diff Contribution ,0,Inverse Area ratio: ,0.944999, Inv Area Ratio Contribution: ,0,Inverse Perim ratio: ,1.0693, Inv Perim Contribution: ,0, Final Score: ,-137.5
Point: ,218,60,Repeat score:,1, Repeat contribution: ,-1,Dist:,26.0192, Dist contribution: ,-130.096, New scanned ratio: ,0.0430628, New Scanned Cells Contribution: ,0,Area ratio: ,0.855615, Area ratio Contribution: ,0,Perim diff: ,1.08099, Perim diff Contribution: ,0,Frontier diff: ,0, Frontier diff Contribution ,0,Inverse Area ratio: ,0.945626, Inv Area Ratio Contribution: ,0,Inverse Perim ratio: ,1.06553, Inv Perim Contribution: ,0, Final Score: ,-131.096
Point: ,213,60,Repeat score:,1, Repeat contribution: ,-1,Dist:,26.6833, Dist contribution: ,-133.417, New scanned ratio: ,0.0411026, New Scanned Cells Contribution: ,0,Area ratio: ,0.856875, Area ratio Contribution: ,0,Perim diff: ,1.07849, Perim diff Contribution: ,0,Frontier diff: ,0, Frontier diff Contribution ,0,Inverse Area ratio: ,0.946051, Inv Area Ratio Contribution: ,0,Inverse Perim ratio: ,1.06333, Inv Perim Contribution: ,0, Final Score: ,-134.417
Point: ,210,58,Repeat score:,1, Repeat contribution: ,-1,Dist:,25.0711, Dist contribution: ,-125.355, New scanned ratio: ,0.0359571, New Scanned Cells Contribution: ,0,Area ratio: ,0.867567, Area ratio Contribution: ,0,Perim diff: ,1.07165, Perim diff Contribution: ,0,Frontier diff: ,0, Frontier diff Contribution ,0,Inverse Area ratio: ,0.947194, Inv Area Ratio Contribution: ,0,Inverse Perim ratio: ,1.05767, Inv Perim Contribution: ,0, Final Score: ,-126.355
Point: ,206,60,Repeat score:,1, Repeat contribution: ,-1,Dist:,29.0689, Dist contribution: ,-145.344, New scanned ratio: ,0.0406126, New Scanned Cells Contribution: ,0,Area ratio: ,0.860517, Area ratio Contribution: ,0,Perim diff: ,1.07123, Perim diff Contribution: ,0,Frontier diff: ,0, Frontier diff Contribution ,0,Inverse Area ratio: ,0.946201, Inv Area Ratio Contribution: ,0,Inverse Perim ratio: ,1.05802, Inv Perim Contribution: ,0, Final Score: ,-146.344
Point: ,201,60,Repeat score:,1, Repeat contribution: ,-1,Dist:,31.6228, Dist contribution: ,-158.114, New scanned ratio: ,0.0405513, New Scanned Cells Contribution: ,0,Area ratio: ,0.863171, Area ratio Contribution: ,0,Perim diff: ,1.06795, Perim diff Contribution: ,0,Frontier diff: ,0, Frontier diff Contribution ,0,Inverse Area ratio: ,0.946207, Inv Area Ratio Contribution: ,0,Inverse Perim ratio: ,1.05539, Inv Perim Contribution: ,0, Final Score: ,-159.114
Point: ,200,61,Repeat score:,1, Repeat contribution: ,-1,Dist:,33.2609, Dist contribution: ,-166.305, New scanned ratio: ,0.0429403, New Scanned Cells Contribution: ,0,Area ratio: ,0.859188, Area ratio Contribution: ,0,Perim diff: ,1.07416, Perim diff Contribution: ,0,Frontier diff: ,0, Frontier diff Contribution ,0,Inverse Area ratio: ,0.945672, Inv Area Ratio Contribution: ,0,Inverse Perim ratio: ,1.05973, Inv Perim Contribution: ,0, Final Score: ,-167.305
Point: ,199,60,Repeat score:,1, Repeat contribution: ,-1,Dist:,32.8024, Dist contribution: ,-164.012, New scanned ratio: ,0.0405513, New Scanned Cells Contribution: ,0,Area ratio: ,0.864022, Area ratio Contribution: ,0,Perim diff: ,1.06824, Perim diff Contribution: ,0,Frontier diff: ,0, Frontier diff Contribution ,0,Inverse Area ratio: ,0.946207, Inv Area Ratio Contribution: ,0,Inverse Perim ratio: ,1.05539, Inv Perim Contribution: ,0, Final Score: ,-165.012
Point: ,194,60,Repeat score:,1, Repeat contribution: ,-1,Dist:,36.0694, Dist contribution: ,-180.347, New scanned ratio: ,0.0406126, New Scanned Cells Contribution: ,0,Area ratio: ,0.866157, Area ratio Contribution: ,0,Perim diff: ,1.07297, Perim diff Contribution: ,0,Frontier diff: ,0, Frontier diff Contribution ,0,Inverse Area ratio: ,0.946188, Inv Area Ratio Contribution: ,0,Inverse Perim ratio: ,1.05797, Inv Perim Contribution: ,0, Final Score: ,-181.347
Point: ,190,58,Repeat score:,1, Repeat contribution: ,-1,Dist:,37.2634, Dist contribution: ,-186.317, New scanned ratio: ,0.0359571, New Scanned Cells Contribution: ,0,Area ratio: ,0.876944, Area ratio Contribution: ,0,Perim diff: ,1.07128, Perim diff Contribution: ,0,Frontier diff: ,0, Frontier diff Contribution ,0,Inverse Area ratio: ,0.947187, Inv Area Ratio Contribution: ,0,Inverse Perim ratio: ,1.05559, Inv Perim Contribution: ,0, Final Score: ,-187.317
Point: ,187,60,Repeat score:,1, Repeat contribution: ,-1,Dist:,41.2311, Dist contribution: ,-206.155, New scanned ratio: ,0.0407963, New Scanned Cells Contribution: ,0,Area ratio: ,0.869268, Area ratio Contribution: ,0,Perim diff: ,1.07749, Perim diff Contribution: ,0,Frontier diff: ,0, Frontier diff Contribution ,0,Inverse Area ratio: ,0.946129, Inv Area Ratio Contribution: ,0,Inverse Perim ratio: ,1.06025, Inv Perim Contribution: ,0, Final Score: ,-207.155
BEST Point:,239,41, Score: ,-101.211
COUNT COMMAND: 1
Total frontiers: ,102, Prioritised frontiers: ,25
At: ,238,40,
Point: ,276,40,Repeat score:,1, Repeat contribution: ,-1,Dist:,38, Dist contribution: ,-190, New scanned ratio: ,0.0397438, New Scanned Cells Contribution: ,0,Area ratio: ,0.969387, Area ratio Contribution: ,0,Perim diff: ,1.05424, Perim diff Contribution: ,0,Frontier diff: ,0, Frontier diff Contribution ,0,Inverse Area ratio: ,0.941243, Inv Area Ratio Contribution: ,0,Inverse Perim ratio: ,1.05109, Inv Perim Contribution: ,0, Final Score: ,-191
Point: ,273,38,Repeat score:,1, Repeat contribution: ,-1,Dist:,35.0964, Dist contribution: ,-175.482, New scanned ratio: ,0.0332196, New Scanned Cells Contribution: ,0,Area ratio: ,0.971483, Area ratio Contribution: ,0,Perim diff: ,1.04994, Perim diff Contribution: ,0,Frontier diff: ,0, Frontier diff Contribution ,0,Inverse Area ratio: ,0.942713, Inv Area Ratio Contribution: ,0,Inverse Perim ratio: ,1.04498, Inv Perim Contribution: ,0, Final Score: ,-176.482
Point: ,271,38,Repeat score:,1, Repeat contribution: ,-1,Dist:,33.1023, Dist contribution: ,-165.511, New scanned ratio: ,0.0317831, New Scanned Cells Contribution: ,0,Area ratio: ,0.972143, Area ratio Contribution: ,0,Perim diff: ,1.04532, Perim diff Contribution: ,0,Frontier diff: ,0, Frontier diff Contribution ,0,Inverse Area ratio: ,0.943072, Inv Area Ratio Contribution: ,0,Inverse Perim ratio: ,1.04062, Inv Perim Contribution: ,0, Final Score: ,-166.511
Point: ,268,40,Repeat score:,1, Repeat contribution: ,-1,Dist:,30, Dist contribution: ,-150, New scanned ratio: ,0.0335787, New Scanned Cells Contribution: ,0,Area ratio: ,0.972666, Area ratio Contribution: ,0,Perim diff: ,1.04298, Perim diff Contribution: ,0,Frontier diff: ,0, Frontier diff Contribution ,0,Inverse Area ratio: ,0.942667, Inv Area Ratio Contribution: ,0,Inverse Perim ratio: ,1.03956, Inv Perim Contribution: ,0, Final Score: ,-151
Point: ,263,40,Repeat score:,1, Repeat contribution: ,-1,Dist:,25, Dist contribution: ,-125, New scanned ratio: ,0.0290297, New Scanned Cells Contribution: ,0,Area ratio: ,0.973217, Area ratio Contribution: ,0,Perim diff: ,1.04191, Perim diff Contribution: ,0,Frontier diff: ,0, Frontier diff Contribution ,0,Inverse Area ratio: ,0.943679, Inv Area Ratio Contribution: ,0,Inverse Perim ratio: ,1.03709, Inv Perim Contribution: ,0, Final Score: ,-126
Point: ,262,41,Repeat score:,1, Repeat contribution: ,-1,Dist:,24.0352, Dist contribution: ,-120.176, New scanned ratio: ,0.0299874, New Scanned Cells Contribution: ,0,Area ratio: ,0.970471, Area ratio Contribution: ,0,Perim diff: ,1.04274, Perim diff Contribution: ,0,Frontier diff: ,0, Frontier diff Contribution ,0,Inverse Area ratio: ,0.94347, Inv Area Ratio Contribution: ,0,Inverse Perim ratio: ,1.03804, Inv Perim Contribution: ,0, Final Score: ,-121.176
Point: ,261,40,Repeat score:,1, Repeat contribution: ,-1,Dist:,23, Dist contribution: ,-115, New scanned ratio: ,0.0270545, New Scanned Cells Contribution: ,0,Area ratio: ,0.973196, Area ratio Contribution: ,0,Perim diff: ,1.0423, Perim diff Contribution: ,0,Frontier diff: ,0, Frontier diff Contribution ,0,Inverse Area ratio: ,0.944098, Inv Area Ratio Contribution: ,0,Inverse Perim ratio: ,1.03682, Inv Perim Contribution: ,0, Final Score: ,-116
Point: ,259,40,Repeat score:,1, Repeat contribution: ,-1,Dist:,21, Dist contribution: ,-105, New scanned ratio: ,0.0250195, New Scanned Cells Contribution: ,0,Area ratio: ,0.972748, Area ratio Contribution: ,0,Perim diff: ,1.04386, Perim diff Contribution: ,0,Frontier diff: ,0, Frontier diff Contribution ,0,Inverse Area ratio: ,0.944548, Inv Area Ratio Contribution: ,0,Inverse Perim ratio: ,1.03727, Inv Perim Contribution: ,0, Final Score: ,-106
Point: ,258,41,Repeat score:,1, Repeat contribution: ,-1,Dist:,20.0422, Dist contribution: ,-100.211, New scanned ratio: ,0.0257377, New Scanned Cells Contribution: ,0,Area ratio: ,0.969593, Area ratio Contribution: ,0,Perim diff: ,1.0473, Perim diff Contribution: ,0,Frontier diff: ,0, Frontier diff Contribution ,0,Inverse Area ratio: ,0.944385, Inv Area Ratio Contribution: ,0,Inverse Perim ratio: ,1.03981, Inv Perim Contribution: ,0, Final Score: ,-101.211
Point: ,258,46,Repeat score:,1, Repeat contribution: ,-1,Dist:,21.4672, Dist contribution: ,-107.336, New scanned ratio: ,0.0354941, New Scanned Cells Contribution: ,0,Area ratio: ,0.943921, Area ratio Contribution: ,0,Perim diff: ,1.04978, Perim diff Contribution: ,0,Frontier diff: ,0, Frontier diff Contribution ,0,Inverse Area ratio: ,0.942203, Inv Area Ratio Contribution: ,0,Inverse Perim ratio: ,1.04477, Inv Perim Contribution: ,0, Final Score: ,-108.336
Point: ,255,52,Repeat score:,1, Repeat contribution: ,-1,Dist:,23.0729, Dist contribution: ,-115.365, New scanned ratio: ,0.0437541, New Scanned Cells Contribution: ,0,Area ratio: ,0.909541, Area ratio Contribution: ,0,Perim diff: ,1.06703, Perim diff Contribution: ,0,Frontier diff: ,0, Frontier diff Contribution ,0,Inverse Area ratio: ,0.94027, Inv Area Ratio Contribution: ,0,Inverse Perim ratio: ,1.05919, Inv Perim Contribution: ,0, Final Score: ,-116.365
Point: ,250,57,Repeat score:,1, Repeat contribution: ,-1,Dist:,25.1478, Dist contribution: ,-125.739, New scanned ratio: ,0.047525, New Scanned Cells Contribution: ,0,Area ratio: ,0.881059, Area ratio Contribution: ,0,Perim diff: ,1.08161, Perim diff Contribution: ,0,Frontier diff: ,-1, Frontier diff Contribution ,-0,Inverse Area ratio: ,0.939362, Inv Area Ratio Contribution: ,0,Inverse Perim ratio: ,1.07096, Inv Perim Contribution: ,0, Final Score: ,-126.739
Point: ,244,60,Repeat score:,1, Repeat contribution: ,-1,Dist:,26.6833, Dist contribution: ,-133.417, New scanned ratio: ,0.0470461, New Scanned Cells Contribution: ,0,Area ratio: ,0.86462, Area ratio Contribution: ,0,Perim diff: ,1.08436, Perim diff Contribution: ,0,Frontier diff: ,0, Frontier diff Contribution ,0,Inverse Area ratio: ,0.939479, Inv Area Ratio Contribution: ,0,Inverse Perim ratio: ,1.07308, Inv Perim Contribution: ,0, Final Score: ,-134.417
Point: ,239,60,Repeat score:,1, Repeat contribution: ,-1,Dist:,26.0192, Dist contribution: ,-130.096, New scanned ratio: ,0.0432154, New Scanned Cells Contribution: ,0,Area ratio: ,0.864516, Area ratio Contribution: ,0,Perim diff: ,1.07753, Perim diff Contribution: ,0,Frontier diff: ,0, Frontier diff Contribution ,0,Inverse Area ratio: ,0.940368, Inv Area Ratio Contribution: ,0,Inverse Perim ratio: ,1.06737, Inv Perim Contribution: ,0, Final Score: ,-131.096
Point: ,238,61,Repeat score:,1, Repeat contribution: ,-1,Dist:,27.3, Dist contribution: ,-136.5, New scanned ratio: ,0.0448315, New Scanned Cells Contribution: ,0,Area ratio: ,0.859936, Area ratio Contribution: ,0,Perim diff: ,1.07984, Perim diff Contribution: ,0,Frontier diff: ,0, Frontier diff Contribution ,0,Inverse Area ratio: ,0.940002, Inv Area Ratio Contribution: ,0,Inverse Perim ratio: ,1.06934, Inv Perim Contribution: ,0, Final Score: ,-137.5
Point: ,237,60,Repeat score:,1, Repeat contribution: ,-1,Dist:,26.0192, Dist contribution: ,-130.096, New scanned ratio: ,0.0420782, New Scanned Cells Contribution: ,0,Area ratio: ,0.864699, Area ratio Contribution: ,0,Perim diff: ,1.07547, Perim diff Contribution: ,0,Frontier diff: ,0, Frontier diff Contribution ,0,Inverse Area ratio: ,0.940629, Inv Area Ratio Contribution: ,0,Inverse Perim ratio: ,1.06557, Inv Perim Contribution: ,0, Final Score: ,-131.096
Point: ,232,60,Repeat score:,1, Repeat contribution: ,-1,Dist:,26.6833, Dist contribution: ,-133.417, New scanned ratio: ,0.0401628, New Scanned Cells Contribution: ,0,Area ratio: ,0.865972, Area ratio Contribution: ,0,Perim diff: ,1.07369, Perim diff Contribution: ,0,Frontier diff: ,0, Frontier diff Contribution ,0,Inverse Area ratio: ,0.941054, Inv Area Ratio Contribution: ,0,Inverse Perim ratio: ,1.06337, Inv Perim Contribution: ,0, Final Score: ,-134.417
Point: ,229,58,Repeat score:,1, Repeat contribution: ,-1,Dist:,25.0711, Dist contribution: ,-125.355, New scanned ratio: ,0.035135, New Scanned Cells Contribution: ,0,Area ratio: ,0.87669, Area ratio Contribution: ,0,Perim diff: ,1.06757, Perim diff Contribution: ,0,Frontier diff: ,0, Frontier diff Contribution ,0,Inverse Area ratio: ,0.942197, Inv Area Ratio Contribution: ,0,Inverse Perim ratio: ,1.05771, Inv Perim Contribution: ,0, Final Score: ,-126.355
Point: ,225,60,Repeat score:,1, Repeat contribution: ,-1,Dist:,29.0689, Dist contribution: ,-145.344, New scanned ratio: ,0.039684, New Scanned Cells Contribution: ,0,Area ratio: ,0.869611, Area ratio Contribution: ,0,Perim diff: ,1.06726, Perim diff Contribution: ,0,Frontier diff: ,0, Frontier diff Contribution ,0,Inverse Area ratio: ,0.941204, Inv Area Ratio Contribution: ,0,Inverse Perim ratio: ,1.05806, Inv Perim Contribution: ,0, Final Score: ,-146.344
Point: ,220,60,Repeat score:,1, Repeat contribution: ,-1,Dist:,31.6228, Dist contribution: ,-158.114, New scanned ratio: ,0.0396241, New Scanned Cells Contribution: ,0,Area ratio: ,0.872394, Area ratio Contribution: ,0,Perim diff: ,1.06447, Perim diff Contribution: ,0,Frontier diff: ,0, Frontier diff Contribution ,0,Inverse Area ratio: ,0.94121, Inv Area Ratio Contribution: ,0,Inverse Perim ratio: ,1.05543, Inv Perim Contribution: ,0, Final Score: ,-159.114
Point: ,219,61,Repeat score:,1, Repeat contribution: ,-1,Dist:,33.2609, Dist contribution: ,-166.305, New scanned ratio: ,0.0419585, New Scanned Cells Contribution: ,0,Area ratio: ,0.868264, Area ratio Contribution: ,0,Perim diff: ,1.07061, Perim diff Contribution: ,0,Frontier diff: ,0, Frontier diff Contribution ,0,Inverse Area ratio: ,0.940675, Inv Area Ratio Contribution: ,0,Inverse Perim ratio: ,1.05977, Inv Perim Contribution: ,0, Final Score: ,-167.305
Point: ,218,60,Repeat score:,1, Repeat contribution: ,-1,Dist:,32.8024, Dist contribution: ,-164.012, New scanned ratio: ,0.0396241, New Scanned Cells Contribution: ,0,Area ratio: ,0.873513, Area ratio Contribution: ,0,Perim diff: ,1.06493, Perim diff Contribution: ,0,Frontier diff: ,0, Frontier diff Contribution ,0,Inverse Area ratio: ,0.94121, Inv Area Ratio Contribution: ,0,Inverse Perim ratio: ,1.05543, Inv Perim Contribution: ,0, Final Score: ,-165.012
Point: ,213,60,Repeat score:,1, Repeat contribution: ,-1,Dist:,36.0694, Dist contribution: ,-180.347, New scanned ratio: ,0.039684, New Scanned Cells Contribution: ,0,Area ratio: ,0.876322, Area ratio Contribution: ,0,Perim diff: ,1.07002, Perim diff Contribution: ,0,Frontier diff: ,0, Frontier diff Contribution ,0,Inverse Area ratio: ,0.941191, Inv Area Ratio Contribution: ,0,Inverse Perim ratio: ,1.05801, Inv Perim Contribution: ,0, Final Score: ,-181.347
Point: ,210,58,Repeat score:,1, Repeat contribution: ,-1,Dist:,36.4905, Dist contribution: ,-182.453, New scanned ratio: ,0.0350751, New Scanned Cells Contribution: ,0,Area ratio: ,0.887615, Area ratio Contribution: ,0,Perim diff: ,1.06772, Perim diff Contribution: ,0,Frontier diff: ,0, Frontier diff Contribution ,0,Inverse Area ratio: ,0.94221, Inv Area Ratio Contribution: ,0,Inverse Perim ratio: ,1.05504, Inv Perim Contribution: ,0, Final Score: ,-183.453
Point: ,206,60,Repeat score:,1, Repeat contribution: ,-1,Dist:,41.2311, Dist contribution: ,-206.155, New scanned ratio: ,0.039684, New Scanned Cells Contribution: ,0,Area ratio: ,0.880233, Area ratio Contribution: ,0,Perim diff: ,1.07144, Perim diff Contribution: ,0,Frontier diff: ,0, Frontier diff Contribution ,0,Inverse Area ratio: ,0.941197, Inv Area Ratio Contribution: ,0,Inverse Perim ratio: ,1.05807, Inv Perim Contribution: ,0, Final Score: ,-207.155
BEST Point:,258,41, Score: ,-101.211
COUNT COMMAND: 1
Total frontiers: ,101, Prioritised frontiers: ,23
At: ,257,40,
Point: ,294,37,Repeat score:,1, Repeat contribution: ,-1,Dist:,37.205, Dist contribution: ,-186.025, New scanned ratio: ,0.0228217, New Scanned Cells Contribution: ,0,Area ratio: ,0.97011, Area ratio Contribution: ,0,Perim diff: ,1.05067, Perim diff Contribution: ,0,Frontier diff: ,0, Frontier diff Contribution ,0,Inverse Area ratio: ,0.97076, Inv Area Ratio Contribution: ,0,Inverse Perim ratio: ,1.03196, Inv Perim Contribution: ,0, Final Score: ,-187.025
Point: ,288,40,Repeat score:,1, Repeat contribution: ,-1,Dist:,31, Dist contribution: ,-155, New scanned ratio: ,0.0296097, New Scanned Cells Contribution: ,0,Area ratio: ,0.973592, Area ratio Contribution: ,0,Perim diff: ,1.04222, Perim diff Contribution: ,0,Frontier diff: ,0, Frontier diff Contribution ,0,Inverse Area ratio: ,0.983142, Inv Area Ratio Contribution: ,0,Inverse Perim ratio: ,1.02886, Inv Perim Contribution: ,0, Final Score: ,-156
Point: ,283,40,Repeat score:,1, Repeat contribution: ,-1,Dist:,26, Dist contribution: ,-130, New scanned ratio: ,0.0296682, New Scanned Cells Contribution: ,0,Area ratio: ,0.975135, Area ratio Contribution: ,0,Perim diff: ,1.03985, Perim diff Contribution: ,0,Frontier diff: ,0, Frontier diff Contribution ,0,Inverse Area ratio: ,0.980773, Inv Area Ratio Contribution: ,0,Inverse Perim ratio: ,1.02869, Inv Perim Contribution: ,0, Final Score: ,-131
Point: ,282,41,Repeat score:,1, Repeat contribution: ,-1,Dist:,25.0338, Dist contribution: ,-125.169, New scanned ratio: ,0.0311311, New Scanned Cells Contribution: ,0,Area ratio: ,0.973086, Area ratio Contribution: ,0,Perim diff: ,1.03933, Perim diff Contribution: ,0,Frontier diff: ,0, Frontier diff Contribution ,0,Inverse Area ratio: ,0.978401, Inv Area Ratio Contribution: ,0,Inverse Perim ratio: ,1.02963, Inv Perim Contribution: ,0, Final Score: ,-126.169
Point: ,281,40,Repeat score:,1, Repeat contribution: ,-1,Dist:,24, Dist contribution: ,-120, New scanned ratio: ,0.028849, New Scanned Cells Contribution: ,0,Area ratio: ,0.975559, Area ratio Contribution: ,0,Perim diff: ,1.04046, Perim diff Contribution: ,0,Frontier diff: ,-1, Frontier diff Contribution ,-0,Inverse Area ratio: ,0.972967, Inv Area Ratio Contribution: ,0,Inverse Perim ratio: ,1.03047, Inv Perim Contribution: ,0, Final Score: ,-121
Point: ,278,40,Repeat score:,1, Repeat contribution: ,-1,Dist:,21, Dist contribution: ,-105, New scanned ratio: ,0.025455, New Scanned Cells Contribution: ,0,Area ratio: ,0.975426, Area ratio Contribution: ,0,Perim diff: ,1.04064, Perim diff Contribution: ,0,Frontier diff: ,0, Frontier diff Contribution ,0,Inverse Area ratio: ,0.939303, Inv Area Ratio Contribution: ,0,Inverse Perim ratio: ,1.04369, Inv Perim Contribution: ,0, Final Score: ,-106
Point: ,277,41,Repeat score:,1, Repeat contribution: ,-1,Dist:,20.0422, Dist contribution: ,-100.211, New scanned ratio: ,0.0258061, New Scanned Cells Contribution: ,0,Area ratio: ,0.972785, Area ratio Contribution: ,0,Perim diff: ,1.04132, Perim diff Contribution: ,0,Frontier diff: ,0, Frontier diff Contribution ,0,Inverse Area ratio: ,0.939218, Inv Area Ratio Contribution: ,0,Inverse Perim ratio: ,1.04442, Inv Perim Contribution: ,0, Final Score: ,-101.211
Point: ,277,46,Repeat score:,1, Repeat contribution: ,-1,Dist:,21.4672, Dist contribution: ,-107.336, New scanned ratio: ,0.0349348, New Scanned Cells Contribution: ,0,Area ratio: ,0.946458, Area ratio Contribution: ,0,Perim diff: ,1.04361, Perim diff Contribution: ,0,Frontier diff: ,0, Frontier diff Contribution ,0,Inverse Area ratio: ,0.937115, Inv Area Ratio Contribution: ,0,Inverse Perim ratio: ,1.05056, Inv Perim Contribution: ,0, Final Score: ,-108.336
Point: ,274,52,Repeat score:,1, Repeat contribution: ,-1,Dist:,23.0729, Dist contribution: ,-115.365, New scanned ratio: ,0.0427175, New Scanned Cells Contribution: ,0,Area ratio: ,0.913001, Area ratio Contribution: ,0,Perim diff: ,1.05105, Perim diff Contribution: ,0,Frontier diff: ,0, Frontier diff Contribution ,0,Inverse Area ratio: ,0.935318, Inv Area Ratio Contribution: ,0,Inverse Perim ratio: ,1.05861, Inv Perim Contribution: ,0, Final Score: ,-116.365
Point: ,269,57,Repeat score:,1, Repeat contribution: ,-1,Dist:,25.1478, Dist contribution: ,-125.739, New scanned ratio: ,0.0464626, New Scanned Cells Contribution: ,0,Area ratio: ,0.885521, Area ratio Contribution: ,0,Perim diff: ,1.06678, Perim diff Contribution: ,0,Frontier diff: ,0, Frontier diff Contribution ,0,Inverse Area ratio: ,0.934345, Inv Area Ratio Contribution: ,0,Inverse Perim ratio: ,1.0745, Inv Perim Contribution: ,0, Final Score: ,-126.739
Point: ,263,60,Repeat score:,1, Repeat contribution: ,-1,Dist:,26.6833, Dist contribution: ,-133.417, New scanned ratio: ,0.0459945, New Scanned Cells Contribution: ,0,Area ratio: ,0.870003, Area ratio Contribution: ,0,Perim diff: ,1.07196, Perim diff Contribution: ,0,Frontier diff: ,0, Frontier diff Contribution ,0,Inverse Area ratio: ,0.934476, Inv Area Ratio Contribution: ,0,Inverse Perim ratio: ,1.07296, Inv Perim Contribution: ,0, Final Score: ,-134.417
Point: ,258,60,Repeat score:,1, Repeat contribution: ,-1,Dist:,26.0192, Dist contribution: ,-130.096, New scanned ratio: ,0.0422494, New Scanned Cells Contribution: ,0,Area ratio: ,0.870614, Area ratio Contribution: ,0,Perim diff: ,1.06697, Perim diff Contribution: ,0,Frontier diff: ,0, Frontier diff Contribution ,0,Inverse Area ratio: ,0.935364, Inv Area Ratio Contribution: ,0,Inverse Perim ratio: ,1.06725, Inv Perim Contribution: ,0, Final Score: ,-131.096
Point: ,257,61,Repeat score:,1, Repeat contribution: ,-1,Dist:,27.3, Dist contribution: ,-136.5, New scanned ratio: ,0.0438294, New Scanned Cells Contribution: ,0,Area ratio: ,0.866061, Area ratio Contribution: ,0,Perim diff: ,1.06934, Perim diff Contribution: ,0,Frontier diff: ,0, Frontier diff Contribution ,0,Inverse Area ratio: ,0.934998, Inv Area Ratio Contribution: ,0,Inverse Perim ratio: ,1.06922, Inv Perim Contribution: ,0, Final Score: ,-137.5
Point: ,256,60,Repeat score:,1, Repeat contribution: ,-1,Dist:,26.0192, Dist contribution: ,-130.096, New scanned ratio: ,0.0411376, New Scanned Cells Contribution: ,0,Area ratio: ,0.87115, Area ratio Contribution: ,0,Perim diff: ,1.06555, Perim diff Contribution: ,0,Frontier diff: ,0, Frontier diff Contribution ,0,Inverse Area ratio: ,0.935625, Inv Area Ratio Contribution: ,0,Inverse Perim ratio: ,1.06545, Inv Perim Contribution: ,0, Final Score: ,-131.096
Point: ,251,60,Repeat score:,1, Repeat contribution: ,-1,Dist:,26.6833, Dist contribution: ,-133.417, New scanned ratio: ,0.039265, New Scanned Cells Contribution: ,0,Area ratio: ,0.873299, Area ratio Contribution: ,0,Perim diff: ,1.06517, Perim diff Contribution: ,0,Frontier diff: ,0, Frontier diff Contribution ,0,Inverse Area ratio: ,0.93605, Inv Area Ratio Contribution: ,0,Inverse Perim ratio: ,1.06325, Inv Perim Contribution: ,0, Final Score: ,-134.417
Point: ,248,58,Repeat score:,1, Repeat contribution: ,-1,Dist:,25.0711, Dist contribution: ,-125.355, New scanned ratio: ,0.0343496, New Scanned Cells Contribution: ,0,Area ratio: ,0.884894, Area ratio Contribution: ,0,Perim diff: ,1.06026, Perim diff Contribution: ,0,Frontier diff: ,0, Frontier diff Contribution ,0,Inverse Area ratio: ,0.937193, Inv Area Ratio Contribution: ,0,Inverse Perim ratio: ,1.05759, Inv Perim Contribution: ,0, Final Score: ,-126.355
Point: ,244,60,Repeat score:,1, Repeat contribution: ,-1,Dist:,29.0689, Dist contribution: ,-145.344, New scanned ratio: ,0.0387969, New Scanned Cells Contribution: ,0,Area ratio: ,0.878158, Area ratio Contribution: ,0,Perim diff: ,1.06035, Perim diff Contribution: ,0,Frontier diff: ,0, Frontier diff Contribution ,0,Inverse Area ratio: ,0.9362, Inv Area Ratio Contribution: ,0,Inverse Perim ratio: ,1.05794, Inv Perim Contribution: ,0, Final Score: ,-146.344
Point: ,239,60,Repeat score:,1, Repeat contribution: ,-1,Dist:,31.6228, Dist contribution: ,-158.114, New scanned ratio: ,0.0387384, New Scanned Cells Contribution: ,0,Area ratio: ,0.88129, Area ratio Contribution: ,0,Perim diff: ,1.05847, Perim diff Contribution: ,0,Frontier diff: ,0, Frontier diff Contribution ,0,Inverse Area ratio: ,0.936207, Inv Area Ratio Contribution: ,0,Inverse Perim ratio: ,1.05531, Inv Perim Contribution: ,0, Final Score: ,-159.114
Point: ,238,61,Repeat score:,1, Repeat contribution: ,-1,Dist:,33.2609, Dist contribution: ,-166.305, New scanned ratio: ,0.0410205, New Scanned Cells Contribution: ,0,Area ratio: ,0.877148, Area ratio Contribution: ,0,Perim diff: ,1.06455, Perim diff Contribution: ,0,Frontier diff: ,0, Frontier diff Contribution ,0,Inverse Area ratio: ,0.935671, Inv Area Ratio Contribution: ,0,Inverse Perim ratio: ,1.05965, Inv Perim Contribution: ,0, Final Score: ,-167.305
Point: ,237,60,Repeat score:,1, Repeat contribution: ,-1,Dist:,32.8024, Dist contribution: ,-164.012, New scanned ratio: ,0.0387384, New Scanned Cells Contribution: ,0,Area ratio: ,0.882407, Area ratio Contribution: ,0,Perim diff: ,1.05924, Perim diff Contribution: ,0,Frontier diff: ,0, Frontier diff Contribution ,0,Inverse Area ratio: ,0.936207, Inv Area Ratio Contribution: ,0,Inverse Perim ratio: ,1.05531, Inv Perim Contribution: ,0, Final Score: ,-165.012
Point: ,232,60,Repeat score:,1, Repeat contribution: ,-1,Dist:,36.0694, Dist contribution: ,-180.347, New scanned ratio: ,0.0387969, New Scanned Cells Contribution: ,0,Area ratio: ,0.88521, Area ratio Contribution: ,0,Perim diff: ,1.06501, Perim diff Contribution: ,0,Frontier diff: ,0, Frontier diff Contribution ,0,Inverse Area ratio: ,0.936187, Inv Area Ratio Contribution: ,0,Inverse Perim ratio: ,1.05789, Inv Perim Contribution: ,0, Final Score: ,-181.347
Point: ,229,58,Repeat score:,1, Repeat contribution: ,-1,Dist:,36.4905, Dist contribution: ,-182.453, New scanned ratio: ,0.0342911, New Scanned Cells Contribution: ,0,Area ratio: ,0.893976, Area ratio Contribution: ,0,Perim diff: ,1.06326, Perim diff Contribution: ,0,Frontier diff: ,0, Frontier diff Contribution ,0,Inverse Area ratio: ,0.937206, Inv Area Ratio Contribution: ,0,Inverse Perim ratio: ,1.05492, Inv Perim Contribution: ,0, Final Score: ,-183.453
Point: ,225,60,Repeat score:,1, Repeat contribution: ,-1,Dist:,41.2311, Dist contribution: ,-206.155, New scanned ratio: ,0.0387969, New Scanned Cells Contribution: ,0,Area ratio: ,0.885947, Area ratio Contribution: ,0,Perim diff: ,1.06704, Perim diff Contribution: ,0,Frontier diff: ,0, Frontier diff Contribution ,0,Inverse Area ratio: ,0.936194, Inv Area Ratio Contribution: ,0,Inverse Perim ratio: ,1.05795, Inv Perim Contribution: ,0, Final Score: ,-207.155
BEST Point:,277,41, Score: ,-101.211
COUNT COMMAND: 1
Total frontiers: ,104, Prioritised frontiers: ,22
At: ,276,40,
Point: ,299,31,Repeat score:,1, Repeat contribution: ,-1,Dist:,25.8048, Dist contribution: ,-129.024, New scanned ratio: ,0.00440579, New Scanned Cells Contribution: ,0,Area ratio: ,0.975382, Area ratio Contribution: ,0,Perim diff: ,1.04161, Perim diff Contribution: ,0,Frontier diff: ,0, Frontier diff Contribution ,0,Inverse Area ratio: ,0.977177, Inv Area Ratio Contribution: ,0,Inverse Perim ratio: ,1.02897, Inv Perim Contribution: ,0, Final Score: ,-130.024
Point: ,299,32,Repeat score:,1, Repeat contribution: ,-1,Dist:,25.242, Dist contribution: ,-126.21, New scanned ratio: ,0.00480632, New Scanned Cells Contribution: ,0,Area ratio: ,0.97528, Area ratio Contribution: ,0,Perim diff: ,1.04099, Perim diff Contribution: ,0,Frontier diff: ,0, Frontier diff Contribution ,0,Inverse Area ratio: ,0.979125, Inv Area Ratio Contribution: ,0,Inverse Perim ratio: ,1.02809, Inv Perim Contribution: ,0, Final Score: ,-127.21
Point: ,296,35,Repeat score:,1, Repeat contribution: ,-1,Dist:,21.0297, Dist contribution: ,-105.149, New scanned ratio: ,0.00617955, New Scanned Cells Contribution: ,0,Area ratio: ,0.975588, Area ratio Contribution: ,0,Perim diff: ,1.04067, Perim diff Contribution: ,0,Frontier diff: ,0, Frontier diff Contribution ,0,Inverse Area ratio: ,0.984943, Inv Area Ratio Contribution: ,0,Inverse Perim ratio: ,1.02779, Inv Perim Contribution: ,0, Final Score: ,-106.149
Point: ,296,39,Repeat score:,1, Repeat contribution: ,-1,Dist:,20.0422, Dist contribution: ,-100.211, New scanned ratio: ,0.00863993, New Scanned Cells Contribution: ,0,Area ratio: ,0.97523, Area ratio Contribution: ,0,Perim diff: ,1.04121, Perim diff Contribution: ,0,Frontier diff: ,0, Frontier diff Contribution ,0,Inverse Area ratio: ,0.988779, Inv Area Ratio Contribution: ,0,Inverse Perim ratio: ,1.02763, Inv Perim Contribution: ,0, Final Score: ,-101.211
Point: ,297,40,Repeat score:,1, Repeat contribution: ,-1,Dist:,21, Dist contribution: ,-105, New scanned ratio: ,0.00926933, New Scanned Cells Contribution: ,0,Area ratio: ,0.975108, Area ratio Contribution: ,0,Perim diff: ,1.04051, Perim diff Contribution: ,0,Frontier diff: ,0, Frontier diff Contribution ,0,Inverse Area ratio: ,0.990715, Inv Area Ratio Contribution: ,0,Inverse Perim ratio: ,1.02726, Inv Perim Contribution: ,0, Final Score: ,-106
Point: ,296,41,Repeat score:,1, Repeat contribution: ,-1,Dist:,20.0422, Dist contribution: ,-100.211, New scanned ratio: ,0.0101848, New Scanned Cells Contribution: ,0,Area ratio: ,0.972663, Area ratio Contribution: ,0,Perim diff: ,1.04112, Perim diff Contribution: ,0,Frontier diff: ,0, Frontier diff Contribution ,0,Inverse Area ratio: ,0.990706, Inv Area Ratio Contribution: ,0,Inverse Perim ratio: ,1.02753, Inv Perim Contribution: ,0, Final Score: ,-101.211
Point: ,296,46,Repeat score:,1, Repeat contribution: ,-1,Dist:,21.4672, Dist contribution: ,-107.336, New scanned ratio: ,0.0149339, New Scanned Cells Contribution: ,0,Area ratio: ,0.945115, Area ratio Contribution: ,0,Perim diff: ,1.04141, Perim diff Contribution: ,0,Frontier diff: ,0, Frontier diff Contribution ,0,Inverse Area ratio: ,0.991079, Inv Area Ratio Contribution: ,0,Inverse Perim ratio: ,1.02737, Inv Perim Contribution: ,0, Final Score: ,-108.336
Point: ,293,52,Repeat score:,1, Repeat contribution: ,-1,Dist:,23.0729, Dist contribution: ,-115.365, New scanned ratio: ,0.0238599, New Scanned Cells Contribution: ,0,Area ratio: ,0.911805, Area ratio Contribution: ,0,Perim diff: ,1.04528, Perim diff Contribution: ,0,Frontier diff: ,-1, Frontier diff Contribution ,-0,Inverse Area ratio: ,0.990319, Inv Area Ratio Contribution: ,0,Inverse Perim ratio: ,1.02797, Inv Perim Contribution: ,0, Final Score: ,-116.365
Point: ,288,57,Repeat score:,1, Repeat contribution: ,-1,Dist:,25.1478, Dist contribution: ,-125.739, New scanned ratio: ,0.0342164, New Scanned Cells Contribution: ,0,Area ratio: ,0.88537, Area ratio Contribution: ,0,Perim diff: ,1.05522, Perim diff Contribution: ,0,Frontier diff: ,-1, Frontier diff Contribution ,-0,Inverse Area ratio: ,0.988092, Inv Area Ratio Contribution: ,0,Inverse Perim ratio: ,1.03242, Inv Perim Contribution: ,0, Final Score: ,-126.739
Point: ,282,60,Repeat score:,1, Repeat contribution: ,-1,Dist:,26.6833, Dist contribution: ,-133.417, New scanned ratio: ,0.0431996, New Scanned Cells Contribution: ,0,Area ratio: ,0.872171, Area ratio Contribution: ,0,Perim diff: ,1.05592, Perim diff Contribution: ,0,Frontier diff: ,-1, Frontier diff Contribution ,-0,Inverse Area ratio: ,0.986394, Inv Area Ratio Contribution: ,0,Inverse Perim ratio: ,1.03785, Inv Perim Contribution: ,0, Final Score: ,-134.417
Point: ,277,60,Repeat score:,1, Repeat contribution: ,-1,Dist:,26.0192, Dist contribution: ,-130.096, New scanned ratio: ,0.0413114, New Scanned Cells Contribution: ,0,Area ratio: ,0.873059, Area ratio Contribution: ,0,Perim diff: ,1.05607, Perim diff Contribution: ,0,Frontier diff: ,0, Frontier diff Contribution ,0,Inverse Area ratio: ,0.930262, Inv Area Ratio Contribution: ,0,Inverse Perim ratio: ,1.07261, Inv Perim Contribution: ,0, Final Score: ,-131.096
Point: ,276,61,Repeat score:,1, Repeat contribution: ,-1,Dist:,27.3, Dist contribution: ,-136.5, New scanned ratio: ,0.0428563, New Scanned Cells Contribution: ,0,Area ratio: ,0.868764, Area ratio Contribution: ,0,Perim diff: ,1.05885, Perim diff Contribution: ,0,Frontier diff: ,0, Frontier diff Contribution ,0,Inverse Area ratio: ,0.929897, Inv Area Ratio Contribution: ,0,Inverse Perim ratio: ,1.07458, Inv Perim Contribution: ,0, Final Score: ,-137.5
Point: ,275,60,Repeat score:,1, Repeat contribution: ,-1,Dist:,26.0192, Dist contribution: ,-130.096, New scanned ratio: ,0.0402243, New Scanned Cells Contribution: ,0,Area ratio: ,0.874188, Area ratio Contribution: ,0,Perim diff: ,1.05592, Perim diff Contribution: ,0,Frontier diff: ,0, Frontier diff Contribution ,0,Inverse Area ratio: ,0.930524, Inv Area Ratio Contribution: ,0,Inverse Perim ratio: ,1.07081, Inv Perim Contribution: ,0, Final Score: ,-131.096
Point: ,270,60,Repeat score:,1, Repeat contribution: ,-1,Dist:,26.6833, Dist contribution: ,-133.417, New scanned ratio: ,0.0383933, New Scanned Cells Contribution: ,0,Area ratio: ,0.876958, Area ratio Contribution: ,0,Perim diff: ,1.05828, Perim diff Contribution: ,0,Frontier diff: ,0, Frontier diff Contribution ,0,Inverse Area ratio: ,0.930948, Inv Area Ratio Contribution: ,0,Inverse Perim ratio: ,1.06862, Inv Perim Contribution: ,0, Final Score: ,-134.417
Point: ,267,58,Repeat score:,1, Repeat contribution: ,-1,Dist:,25.0711, Dist contribution: ,-125.355, New scanned ratio: ,0.033587, New Scanned Cells Contribution: ,0,Area ratio: ,0.887879, Area ratio Contribution: ,0,Perim diff: ,1.05508, Perim diff Contribution: ,0,Frontier diff: ,0, Frontier diff Contribution ,0,Inverse Area ratio: ,0.932091, Inv Area Ratio Contribution: ,0,Inverse Perim ratio: ,1.06295, Inv Perim Contribution: ,0, Final Score: ,-126.355
Point: ,263,60,Repeat score:,1, Repeat contribution: ,-1,Dist:,29.0689, Dist contribution: ,-145.344, New scanned ratio: ,0.0379356, New Scanned Cells Contribution: ,0,Area ratio: ,0.879748, Area ratio Contribution: ,0,Perim diff: ,1.05586, Perim diff Contribution: ,0,Frontier diff: ,0, Frontier diff Contribution ,0,Inverse Area ratio: ,0.931098, Inv Area Ratio Contribution: ,0,Inverse Perim ratio: ,1.0633, Inv Perim Contribution: ,0, Final Score: ,-146.344
Point: ,258,60,Repeat score:,1, Repeat contribution: ,-1,Dist:,31.6228, Dist contribution: ,-158.114, New scanned ratio: ,0.0378784, New Scanned Cells Contribution: ,0,Area ratio: ,0.881163, Area ratio Contribution: ,0,Perim diff: ,1.05475, Perim diff Contribution: ,0,Frontier diff: ,0, Frontier diff Contribution ,0,Inverse Area ratio: ,0.931105, Inv Area Ratio Contribution: ,0,Inverse Perim ratio: ,1.06067, Inv Perim Contribution: ,0, Final Score: ,-159.114
Point: ,257,61,Repeat score:,1, Repeat contribution: ,-1,Dist:,33.2609, Dist contribution: ,-166.305, New scanned ratio: ,0.0401099, New Scanned Cells Contribution: ,0,Area ratio: ,0.87681, Area ratio Contribution: ,0,Perim diff: ,1.06077, Perim diff Contribution: ,0,Frontier diff: ,0, Frontier diff Contribution ,0,Inverse Area ratio: ,0.930569, Inv Area Ratio Contribution: ,0,Inverse Perim ratio: ,1.06501, Inv Perim Contribution: ,0, Final Score: ,-167.305
Point: ,256,60,Repeat score:,1, Repeat contribution: ,-1,Dist:,32.8024, Dist contribution: ,-164.012, New scanned ratio: ,0.0378784, New Scanned Cells Contribution: ,0,Area ratio: ,0.881731, Area ratio Contribution: ,0,Perim diff: ,1.05566, Perim diff Contribution: ,0,Frontier diff: ,0, Frontier diff Contribution ,0,Inverse Area ratio: ,0.931105, Inv Area Ratio Contribution: ,0,Inverse Perim ratio: ,1.06067, Inv Perim Contribution: ,0, Final Score: ,-165.012
Point: ,251,60,Repeat score:,1, Repeat contribution: ,-1,Dist:,36.0694, Dist contribution: ,-180.347, New scanned ratio: ,0.0379356, New Scanned Cells Contribution: ,0,Area ratio: ,0.882277, Area ratio Contribution: ,0,Perim diff: ,1.0615, Perim diff Contribution: ,0,Frontier diff: ,0, Frontier diff Contribution ,0,Inverse Area ratio: ,0.931085, Inv Area Ratio Contribution: ,0,Inverse Perim ratio: ,1.06325, Inv Perim Contribution: ,0, Final Score: ,-181.347
Point: ,248,58,Repeat score:,1, Repeat contribution: ,-1,Dist:,36.4905, Dist contribution: ,-182.453, New scanned ratio: ,0.0335298, New Scanned Cells Contribution: ,0,Area ratio: ,0.891634, Area ratio Contribution: ,0,Perim diff: ,1.05975, Perim diff Contribution: ,0,Frontier diff: ,0, Frontier diff Contribution ,0,Inverse Area ratio: ,0.932104, Inv Area Ratio Contribution: ,0,Inverse Perim ratio: ,1.06028, Inv Perim Contribution: ,0, Final Score: ,-183.453
Point: ,244,60,Repeat score:,1, Repeat contribution: ,-1,Dist:,41.2311, Dist contribution: ,-206.155, New scanned ratio: ,0.0379356, New Scanned Cells Contribution: ,0,Area ratio: ,0.882994, Area ratio Contribution: ,0,Perim diff: ,1.06352, Perim diff Contribution: ,0,Frontier diff: ,0, Frontier diff Contribution ,0,Inverse Area ratio: ,0.931092, Inv Area Ratio Contribution: ,0,Inverse Perim ratio: ,1.06331, Inv Perim Contribution: ,0, Final Score: ,-207.155
BEST Point:,296,39, Score: ,-101.211
COUNT COMMAND: 1
Total frontiers: ,102, Prioritised frontiers: ,14
At: ,295,39,
Point: ,299,59,Repeat score:,1, Repeat contribution: ,-1,Dist:,26.3059, Dist contribution: ,-131.529, New scanned ratio: ,0.018945, New Scanned Cells Contribution: ,0,Area ratio: ,0.871233, Area ratio Contribution: ,0,Perim diff: ,1.05233, Perim diff Contribution: ,0,Frontier diff: ,0, Frontier diff Contribution ,0,Inverse Area ratio: ,0.990035, Inv Area Ratio Contribution: ,0,Inverse Perim ratio: ,1.02923, Inv Perim Contribution: ,0, Final Score: ,-132.529
Point: ,296,59,Repeat score:,1, Repeat contribution: ,-1,Dist:,26.0192, Dist contribution: ,-130.096, New scanned ratio: ,0.0221781, New Scanned Cells Contribution: ,0,Area ratio: ,0.872743, Area ratio Contribution: ,0,Perim diff: ,1.05078, Perim diff Contribution: ,0,Frontier diff: ,0, Frontier diff Contribution ,0,Inverse Area ratio: ,0.98965, Inv Area Ratio Contribution: ,0,Inverse Perim ratio: ,1.02979, Inv Perim Contribution: ,0, Final Score: ,-131.096
Point: ,295,60,Repeat score:,1, Repeat contribution: ,-1,Dist:,27.3, Dist contribution: ,-136.5, New scanned ratio: ,0.0246171, New Scanned Cells Contribution: ,0,Area ratio: ,0.868085, Area ratio Contribution: ,0,Perim diff: ,1.05202, Perim diff Contribution: ,0,Frontier diff: ,0, Frontier diff Contribution ,0,Inverse Area ratio: ,0.98937, Inv Area Ratio Contribution: ,0,Inverse Perim ratio: ,1.03033, Inv Perim Contribution: ,0, Final Score: ,-137.5
Point: ,294,59,Repeat score:,1, Repeat contribution: ,-1,Dist:,26.0192, Dist contribution: ,-130.096, New scanned ratio: ,0.0242768, New Scanned Cells Contribution: ,0,Area ratio: ,0.87364, Area ratio Contribution: ,0,Perim diff: ,1.05167, Perim diff Contribution: ,0,Frontier diff: ,0, Frontier diff Contribution ,0,Inverse Area ratio: ,0.989275, Inv Area Ratio Contribution: ,0,Inverse Perim ratio: ,1.03051, Inv Perim Contribution: ,0, Final Score: ,-131.096
Point: ,289,59,Repeat score:,1, Repeat contribution: ,-1,Dist:,26.6833, Dist contribution: ,-133.417, New scanned ratio: ,0.0293817, New Scanned Cells Contribution: ,0,Area ratio: ,0.876169, Area ratio Contribution: ,0,Perim diff: ,1.05208, Perim diff Contribution: ,0,Frontier diff: ,0, Frontier diff Contribution ,0,Inverse Area ratio: ,0.98813, Inv Area Ratio Contribution: ,0,Inverse Perim ratio: ,1.03251, Inv Perim Contribution: ,0, Final Score: ,-134.417
Point: ,288,58,Repeat score:,1, Repeat contribution: ,-1,Dist:,25.6727, Dist contribution: ,-128.364, New scanned ratio: ,0.0285309, New Scanned Cells Contribution: ,0,Area ratio: ,0.88166, Area ratio Contribution: ,0,Perim diff: ,1.05174, Perim diff Contribution: ,0,Frontier diff: ,0, Frontier diff Contribution ,0,Inverse Area ratio: ,0.9879, Inv Area Ratio Contribution: ,0,Inverse Perim ratio: ,1.03334, Inv Perim Contribution: ,0, Final Score: ,-129.364
Point: ,285,58,Repeat score:,1, Repeat contribution: ,-1,Dist:,26.6475, Dist contribution: ,-133.238, New scanned ratio: ,0.0311968, New Scanned Cells Contribution: ,0,Area ratio: ,0.883258, Area ratio Contribution: ,0,Perim diff: ,1.05092, Perim diff Contribution: ,0,Frontier diff: ,0, Frontier diff Contribution ,0,Inverse Area ratio: ,0.987754, Inv Area Ratio Contribution: ,0,Inverse Perim ratio: ,1.03472, Inv Perim Contribution: ,0, Final Score: ,-134.238
Point: ,282,60,Repeat score:,1, Repeat contribution: ,-1,Dist:,30.2372, Dist contribution: ,-151.186, New scanned ratio: ,0.0373795, New Scanned Cells Contribution: ,0,Area ratio: ,0.875049, Area ratio Contribution: ,0,Perim diff: ,1.05092, Perim diff Contribution: ,0,Frontier diff: ,0, Frontier diff Contribution ,0,Inverse Area ratio: ,0.986442, Inv Area Ratio Contribution: ,0,Inverse Perim ratio: ,1.03796, Inv Perim Contribution: ,0, Final Score: ,-152.186
Point: ,277,60,Repeat score:,1, Repeat contribution: ,-1,Dist:,32.7, Dist contribution: ,-163.5, New scanned ratio: ,0.0381168, New Scanned Cells Contribution: ,0,Area ratio: ,0.876682, Area ratio Contribution: ,0,Perim diff: ,1.05376, Perim diff Contribution: ,0,Frontier diff: ,0, Frontier diff Contribution ,0,Inverse Area ratio: ,0.982384, Inv Area Ratio Contribution: ,0,Inverse Perim ratio: ,1.04815, Inv Perim Contribution: ,0, Final Score: ,-164.5
Point: ,276,61,Repeat score:,1, Repeat contribution: ,-1,Dist:,34.336, Dist contribution: ,-171.68, New scanned ratio: ,0.0402723, New Scanned Cells Contribution: ,0,Area ratio: ,0.872206, Area ratio Contribution: ,0,Perim diff: ,1.05765, Perim diff Contribution: ,0,Frontier diff: ,0, Frontier diff Contribution ,0,Inverse Area ratio: ,0.981831, Inv Area Ratio Contribution: ,0,Inverse Perim ratio: ,1.05114, Inv Perim Contribution: ,0, Final Score: ,-172.68
Point: ,275,60,Repeat score:,1, Repeat contribution: ,-1,Dist:,33.8421, Dist contribution: ,-169.211, New scanned ratio: ,0.0380601, New Scanned Cells Contribution: ,0,Area ratio: ,0.877085, Area ratio Contribution: ,0,Perim diff: ,1.05313, Perim diff Contribution: ,0,Frontier diff: ,0, Frontier diff Contribution ,0,Inverse Area ratio: ,0.982412, Inv Area Ratio Contribution: ,0,Inverse Perim ratio: ,1.04667, Inv Perim Contribution: ,0, Final Score: ,-170.211
Point: ,270,60,Repeat score:,1, Repeat contribution: ,-1,Dist:,37.0174, Dist contribution: ,-185.087, New scanned ratio: ,0.0377765, New Scanned Cells Contribution: ,0,Area ratio: ,0.877518, Area ratio Contribution: ,0,Perim diff: ,1.06225, Perim diff Contribution: ,0,Frontier diff: ,0, Frontier diff Contribution ,0,Inverse Area ratio: ,0.98246, Inv Area Ratio Contribution: ,0,Inverse Perim ratio: ,1.0508, Inv Perim Contribution: ,0, Final Score: ,-186.087
Point: ,266,58,Repeat score:,1, Repeat contribution: ,-1,Dist:,38.0932, Dist contribution: ,-190.466, New scanned ratio: ,0.0332388, New Scanned Cells Contribution: ,0,Area ratio: ,0.887107, Area ratio Contribution: ,0,Perim diff: ,1.0584, Perim diff Contribution: ,0,Frontier diff: ,0, Frontier diff Contribution ,0,Inverse Area ratio: ,0.982527, Inv Area Ratio Contribution: ,0,Inverse Perim ratio: ,1.04571, Inv Perim Contribution: ,0, Final Score: ,-191.466
Point: ,263,60,Repeat score:,1, Repeat contribution: ,-1,Dist:,42.0629, Dist contribution: ,-210.315, New scanned ratio: ,0.0376064, New Scanned Cells Contribution: ,0,Area ratio: ,0.877908, Area ratio Contribution: ,0,Perim diff: ,1.06137, Perim diff Contribution: ,0,Frontier diff: ,0, Frontier diff Contribution ,0,Inverse Area ratio: ,0.981445, Inv Area Ratio Contribution: ,0,Inverse Perim ratio: ,1.04849, Inv Perim Contribution: ,0, Final Score: ,-211.315
BEST Point:,288,58, Score: ,-129.364
COUNT COMMAND: 1
Total frontiers: ,100, Prioritised frontiers: ,16
At: ,288,57,
Point: ,299,74,Repeat score:,1, Repeat contribution: ,-1,Dist:,24.6862, Dist contribution: ,-123.431, New scanned ratio: ,0.0156889, New Scanned Cells Contribution: ,0,Area ratio: ,0.805327, Area ratio Contribution: ,0,Perim diff: ,1.06091, Perim diff Contribution: ,0,Frontier diff: ,0, Frontier diff Contribution ,0,Inverse Area ratio: ,0.988813, Inv Area Ratio Contribution: ,0,Inverse Perim ratio: ,1.02982, Inv Perim Contribution: ,0, Final Score: ,-124.431
Point: ,294,77,Repeat score:,1, Repeat contribution: ,-1,Dist:,26.6833, Dist contribution: ,-133.417, New scanned ratio: ,0.0253563, New Scanned Cells Contribution: ,0,Area ratio: ,0.794081, Area ratio Contribution: ,0,Perim diff: ,1.06844, Perim diff Contribution: ,0,Frontier diff: ,0, Frontier diff Contribution ,0,Inverse Area ratio: ,0.986776, Inv Area Ratio Contribution: ,0,Inverse Perim ratio: ,1.03427, Inv Perim Contribution: ,0, Final Score: ,-134.417
Point: ,289,77,Repeat score:,1, Repeat contribution: ,-1,Dist:,26.0192, Dist contribution: ,-130.096, New scanned ratio: ,0.0323169, New Scanned Cells Contribution: ,0,Area ratio: ,0.796313, Area ratio Contribution: ,0,Perim diff: ,1.07451, Perim diff Contribution: ,0,Frontier diff: ,0, Frontier diff Contribution ,0,Inverse Area ratio: ,0.984555, Inv Area Ratio Contribution: ,0,Inverse Perim ratio: ,1.04037, Inv Perim Contribution: ,0, Final Score: ,-131.096
Point: ,288,78,Repeat score:,1, Repeat contribution: ,-1,Dist:,27.3, Dist contribution: ,-136.5, New scanned ratio: ,0.0353552, New Scanned Cells Contribution: ,0,Area ratio: ,0.792912, Area ratio Contribution: ,0,Perim diff: ,1.07662, Perim diff Contribution: ,0,Frontier diff: ,0, Frontier diff Contribution ,0,Inverse Area ratio: ,0.98379, Inv Area Ratio Contribution: ,0,Inverse Perim ratio: ,1.04237, Inv Perim Contribution: ,0, Final Score: ,-137.5
Point: ,287,77,Repeat score:,1, Repeat contribution: ,-1,Dist:,26.0192, Dist contribution: ,-130.096, New scanned ratio: ,0.0352447, New Scanned Cells Contribution: ,0,Area ratio: ,0.797473, Area ratio Contribution: ,0,Perim diff: ,1.07723, Perim diff Contribution: ,0,Frontier diff: ,0, Frontier diff Contribution ,0,Inverse Area ratio: ,0.983578, Inv Area Ratio Contribution: ,0,Inverse Perim ratio: ,1.04317, Inv Perim Contribution: ,0, Final Score: ,-131.096
Point: ,282,77,Repeat score:,1, Repeat contribution: ,-1,Dist:,26.6833, Dist contribution: ,-133.417, New scanned ratio: ,0.0425367, New Scanned Cells Contribution: ,0,Area ratio: ,0.800961, Area ratio Contribution: ,0,Perim diff: ,1.08487, Perim diff Contribution: ,0,Frontier diff: ,0, Frontier diff Contribution ,0,Inverse Area ratio: ,0.980356, Inv Area Ratio Contribution: ,0,Inverse Perim ratio: ,1.05521, Inv Perim Contribution: ,0, Final Score: ,-134.417
Point: ,276,74,Repeat score:,1, Repeat contribution: ,-1,Dist:,25.1478, Dist contribution: ,-125.739, New scanned ratio: ,0.0435311, New Scanned Cells Contribution: ,0,Area ratio: ,0.817634, Area ratio Contribution: ,0,Perim diff: ,1.07901, Perim diff Contribution: ,0,Frontier diff: ,0, Frontier diff Contribution ,0,Inverse Area ratio: ,0.978682, Inv Area Ratio Contribution: ,0,Inverse Perim ratio: ,1.06452, Inv Perim Contribution: ,0, Final Score: ,-126.739
Point: ,271,69,Repeat score:,1, Repeat contribution: ,-1,Dist:,23.0729, Dist contribution: ,-115.365, New scanned ratio: ,0.0383383, New Scanned Cells Contribution: ,0,Area ratio: ,0.840851, Area ratio Contribution: ,0,Perim diff: ,1.06746, Perim diff Contribution: ,0,Frontier diff: ,0, Frontier diff Contribution ,0,Inverse Area ratio: ,0.980826, Inv Area Ratio Contribution: ,0,Inverse Perim ratio: ,1.0509, Inv Perim Contribution: ,0, Final Score: ,-116.365
Point: ,268,63,Repeat score:,1, Repeat contribution: ,-1,Dist:,21.4672, Dist contribution: ,-107.336, New scanned ratio: ,0.0294443, New Scanned Cells Contribution: ,0,Area ratio: ,0.867728, Area ratio Contribution: ,0,Perim diff: ,1.0598, Perim diff Contribution: ,0,Frontier diff: ,0, Frontier diff Contribution ,0,Inverse Area ratio: ,0.98313, Inv Area Ratio Contribution: ,0,Inverse Perim ratio: ,1.04185, Inv Perim Contribution: ,0, Final Score: ,-108.336
Point: ,268,59,Repeat score:,1, Repeat contribution: ,-1,Dist:,20.1683, Dist contribution: ,-100.841, New scanned ratio: ,0.0221522, New Scanned Cells Contribution: ,0,Area ratio: ,0.88553, Area ratio Contribution: ,0,Perim diff: ,1.05501, Perim diff Contribution: ,0,Frontier diff: ,0, Frontier diff Contribution ,0,Inverse Area ratio: ,0.985012, Inv Area Ratio Contribution: ,0,Inverse Perim ratio: ,1.03745, Inv Perim Contribution: ,0, Final Score: ,-101.841
Point: ,267,58,Repeat score:,1, Repeat contribution: ,-1,Dist:,21.0402, Dist contribution: ,-105.201, New scanned ratio: ,0.0213789, New Scanned Cells Contribution: ,0,Area ratio: ,0.890501, Area ratio Contribution: ,0,Perim diff: ,1.05134, Perim diff Contribution: ,0,Frontier diff: ,0, Frontier diff Contribution ,0,Inverse Area ratio: ,0.986199, Inv Area Ratio Contribution: ,0,Inverse Perim ratio: ,1.03511, Inv Perim Contribution: ,0, Final Score: ,-106.201
Point: ,263,60,Repeat score:,1, Repeat contribution: ,-1,Dist:,25.3024, Dist contribution: ,-126.512, New scanned ratio: ,0.0285051, New Scanned Cells Contribution: ,0,Area ratio: ,0.883071, Area ratio Contribution: ,0,Perim diff: ,1.052, Perim diff Contribution: ,0,Frontier diff: ,0, Frontier diff Contribution ,0,Inverse Area ratio: ,0.98542, Inv Area Ratio Contribution: ,0,Inverse Perim ratio: ,1.03617, Inv Perim Contribution: ,0, Final Score: ,-127.512
Point: ,258,60,Repeat score:,1, Repeat contribution: ,-1,Dist:,30.2524, Dist contribution: ,-151.262, New scanned ratio: ,0.0322064, New Scanned Cells Contribution: ,0,Area ratio: ,0.884269, Area ratio Contribution: ,0,Perim diff: ,1.05248, Perim diff Contribution: ,0,Frontier diff: ,0, Frontier diff Contribution ,0,Inverse Area ratio: ,0.984925, Inv Area Ratio Contribution: ,0,Inverse Perim ratio: ,1.03653, Inv Perim Contribution: ,0, Final Score: ,-152.262
Point: ,257,61,Repeat score:,1, Repeat contribution: ,-1,Dist:,31.4331, Dist contribution: ,-157.166, New scanned ratio: ,0.034858, New Scanned Cells Contribution: ,0,Area ratio: ,0.880187, Area ratio Contribution: ,0,Perim diff: ,1.05801, Perim diff Contribution: ,0,Frontier diff: ,0, Frontier diff Contribution ,0,Inverse Area ratio: ,0.984243, Inv Area Ratio Contribution: ,0,Inverse Perim ratio: ,1.04067, Inv Perim Contribution: ,0, Final Score: ,-158.166
Point: ,256,60,Repeat score:,1, Repeat contribution: ,-1,Dist:,32.2368, Dist contribution: ,-161.184, New scanned ratio: ,0.033477, New Scanned Cells Contribution: ,0,Area ratio: ,0.884501, Area ratio Contribution: ,0,Perim diff: ,1.05556, Perim diff Contribution: ,0,Frontier diff: ,0, Frontier diff Contribution ,0,Inverse Area ratio: ,0.984605, Inv Area Ratio Contribution: ,0,Inverse Perim ratio: ,1.0388, Inv Perim Contribution: ,0, Final Score: ,-162.184
Point: ,251,60,Repeat score:,1, Repeat contribution: ,-1,Dist:,37.205, Dist contribution: ,-186.025, New scanned ratio: ,0.0359629, New Scanned Cells Contribution: ,0,Area ratio: ,0.884418, Area ratio Contribution: ,0,Perim diff: ,1.06442, Perim diff Contribution: ,0,Frontier diff: ,0, Frontier diff Contribution ,0,Inverse Area ratio: ,0.983766, Inv Area Ratio Contribution: ,0,Inverse Perim ratio: ,1.04487, Inv Perim Contribution: ,0, Final Score: ,-187.025
BEST Point:,268,59, Score: ,-101.841
COUNT COMMAND: 1
Total frontiers: ,100, Prioritised frontiers: ,23
At: ,268,58,
Point: ,299,74,Repeat score:,1, Repeat contribution: ,-1,Dist:,37.3315, Dist contribution: ,-186.657, New scanned ratio: ,0.0153746, New Scanned Cells Contribution: ,0,Area ratio: ,0.821771, Area ratio Contribution: ,0,Perim diff: ,1.06296, Perim diff Contribution: ,0,Frontier diff: ,0, Frontier diff Contribution ,0,Inverse Area ratio: ,0.987133, Inv Area Ratio Contribution: ,0,Inverse Perim ratio: ,1.03546, Inv Perim Contribution: ,0, Final Score: ,-187.657
Point: ,294,77,Repeat score:,1, Repeat contribution: ,-1,Dist:,35.8621, Dist contribution: ,-179.31, New scanned ratio: ,0.0242529, New Scanned Cells Contribution: ,0,Area ratio: ,0.809839, Area ratio Contribution: ,0,Perim diff: ,1.06147, Perim diff Contribution: ,0,Frontier diff: ,0, Frontier diff Contribution ,0,Inverse Area ratio: ,0.987553, Inv Area Ratio Contribution: ,0,Inverse Perim ratio: ,1.03466, Inv Perim Contribution: ,0, Final Score: ,-180.31
Point: ,289,77,Repeat score:,1, Repeat contribution: ,-1,Dist:,32.4205, Dist contribution: ,-162.103, New scanned ratio: ,0.029071, New Scanned Cells Contribution: ,0,Area ratio: ,0.810573, Area ratio Contribution: ,0,Perim diff: ,1.06155, Perim diff Contribution: ,0,Frontier diff: ,0, Frontier diff Contribution ,0,Inverse Area ratio: ,0.985651, Inv Area Ratio Contribution: ,0,Inverse Perim ratio: ,1.03619, Inv Perim Contribution: ,0, Final Score: ,-163.103
Point: ,288,78,Repeat score:,1, Repeat contribution: ,-1,Dist:,32.8024, Dist contribution: ,-164.012, New scanned ratio: ,0.0316154, New Scanned Cells Contribution: ,0,Area ratio: ,0.806768, Area ratio Contribution: ,0,Perim diff: ,1.06075, Perim diff Contribution: ,0,Frontier diff: ,0, Frontier diff Contribution ,0,Inverse Area ratio: ,0.985007, Inv Area Ratio Contribution: ,0,Inverse Perim ratio: ,1.03614, Inv Perim Contribution: ,0, Final Score: ,-165.012
Point: ,287,77,Repeat score:,1, Repeat contribution: ,-1,Dist:,31.1623, Dist contribution: ,-155.812, New scanned ratio: ,0.0307492, New Scanned Cells Contribution: ,0,Area ratio: ,0.810801, Area ratio Contribution: ,0,Perim diff: ,1.06048, Perim diff Contribution: ,0,Frontier diff: ,0, Frontier diff Contribution ,0,Inverse Area ratio: ,0.984845, Inv Area Ratio Contribution: ,0,Inverse Perim ratio: ,1.03616, Inv Perim Contribution: ,0, Final Score: ,-156.812
Point: ,282,77,Repeat score:,1, Repeat contribution: ,-1,Dist:,28.3917, Dist contribution: ,-141.959, New scanned ratio: ,0.0342139, New Scanned Cells Contribution: ,0,Area ratio: ,0.811285, Area ratio Contribution: ,0,Perim diff: ,1.06078, Perim diff Contribution: ,0,Frontier diff: ,0, Frontier diff Contribution ,0,Inverse Area ratio: ,0.981758, Inv Area Ratio Contribution: ,0,Inverse Perim ratio: ,1.04199, Inv Perim Contribution: ,0, Final Score: ,-142.959
Point: ,279,75,Repeat score:,1, Repeat contribution: ,-1,Dist:,24.6862, Dist contribution: ,-123.431, New scanned ratio: ,0.0306951, New Scanned Cells Contribution: ,0,Area ratio: ,0.818947, Area ratio Contribution: ,0,Perim diff: ,1.06207, Perim diff Contribution: ,0,Frontier diff: ,-1, Frontier diff Contribution ,-0,Inverse Area ratio: ,0.978259, Inv Area Ratio Contribution: ,0,Inverse Perim ratio: ,1.05311, Inv Perim Contribution: ,0, Final Score: ,-124.431
Point: ,274,78,Repeat score:,1, Repeat contribution: ,-1,Dist:,26.6833, Dist contribution: ,-133.417, New scanned ratio: ,0.0372456, New Scanned Cells Contribution: ,0,Area ratio: ,0.807483, Area ratio Contribution: ,0,Perim diff: ,1.07137, Perim diff Contribution: ,0,Frontier diff: ,0, Frontier diff Contribution ,0,Inverse Area ratio: ,0.975817, Inv Area Ratio Contribution: ,0,Inverse Perim ratio: ,1.0625, Inv Perim Contribution: ,0, Final Score: ,-134.417
Point: ,269,78,Repeat score:,1, Repeat contribution: ,-1,Dist:,26.0192, Dist contribution: ,-130.096, New scanned ratio: ,0.0387072, New Scanned Cells Contribution: ,0,Area ratio: ,0.80782, Area ratio Contribution: ,0,Perim diff: ,1.08048, Perim diff Contribution: ,0,Frontier diff: ,0, Frontier diff Contribution ,0,Inverse Area ratio: ,0.975428, Inv Area Ratio Contribution: ,0,Inverse Perim ratio: ,1.06669, Inv Perim Contribution: ,0, Final Score: ,-131.096
Point: ,268,79,Repeat score:,1, Repeat contribution: ,-1,Dist:,27.3, Dist contribution: ,-136.5, New scanned ratio: ,0.0411975, New Scanned Cells Contribution: ,0,Area ratio: ,0.804349, Area ratio Contribution: ,0,Perim diff: ,1.0826, Perim diff Contribution: ,0,Frontier diff: ,0, Frontier diff Contribution ,0,Inverse Area ratio: ,0.974776, Inv Area Ratio Contribution: ,0,Inverse Perim ratio: ,1.06874, Inv Perim Contribution: ,0, Final Score: ,-137.5
Point: ,267,78,Repeat score:,1, Repeat contribution: ,-1,Dist:,26.0192, Dist contribution: ,-130.096, New scanned ratio: ,0.0396817, New Scanned Cells Contribution: ,0,Area ratio: ,0.808358, Area ratio Contribution: ,0,Perim diff: ,1.08144, Perim diff Contribution: ,0,Frontier diff: ,0, Frontier diff Contribution ,0,Inverse Area ratio: ,0.975164, Inv Area Ratio Contribution: ,0,Inverse Perim ratio: ,1.06934, Inv Perim Contribution: ,0, Final Score: ,-131.096
Point: ,262,78,Repeat score:,1, Repeat contribution: ,-1,Dist:,26.6833, Dist contribution: ,-133.417, New scanned ratio: ,0.0428216, New Scanned Cells Contribution: ,0,Area ratio: ,0.809745, Area ratio Contribution: ,0,Perim diff: ,1.09464, Perim diff Contribution: ,0,Frontier diff: ,0, Frontier diff Contribution ,0,Inverse Area ratio: ,0.974303, Inv Area Ratio Contribution: ,0,Inverse Perim ratio: ,1.07449, Inv Perim Contribution: ,0, Final Score: ,-134.417
Point: ,256,75,Repeat score:,1, Repeat contribution: ,-1,Dist:,25.1478, Dist contribution: ,-125.739, New scanned ratio: ,0.0428757, New Scanned Cells Contribution: ,0,Area ratio: ,0.824546, Area ratio Contribution: ,0,Perim diff: ,1.08907, Perim diff Contribution: ,0,Frontier diff: ,0, Frontier diff Contribution ,0,Inverse Area ratio: ,0.976209, Inv Area Ratio Contribution: ,0,Inverse Perim ratio: ,1.06792, Inv Perim Contribution: ,0, Final Score: ,-126.739
Point: ,251,70,Repeat score:,1, Repeat contribution: ,-1,Dist:,23.0729, Dist contribution: ,-115.365, New scanned ratio: ,0.0382741, New Scanned Cells Contribution: ,0,Area ratio: ,0.84641, Area ratio Contribution: ,0,Perim diff: ,1.0713, Perim diff Contribution: ,0,Frontier diff: ,0, Frontier diff Contribution ,0,Inverse Area ratio: ,0.977959, Inv Area Ratio Contribution: ,0,Inverse Perim ratio: ,1.05256, Inv Perim Contribution: ,0, Final Score: ,-116.365
Point: ,248,64,Repeat score:,1, Repeat contribution: ,-1,Dist:,21.4672, Dist contribution: ,-107.336, New scanned ratio: ,0.0299372, New Scanned Cells Contribution: ,0,Area ratio: ,0.87266, Area ratio Contribution: ,0,Perim diff: ,1.06192, Perim diff Contribution: ,0,Frontier diff: ,0, Frontier diff Contribution ,0,Inverse Area ratio: ,0.980302, Inv Area Ratio Contribution: ,0,Inverse Perim ratio: ,1.0439, Inv Perim Contribution: ,0, Final Score: ,-108.336
Point: ,248,59,Repeat score:,1, Repeat contribution: ,-1,Dist:,20.0422, Dist contribution: ,-100.211, New scanned ratio: ,0.021113, New Scanned Cells Contribution: ,0,Area ratio: ,0.894344, Area ratio Contribution: ,0,Perim diff: ,1.05208, Perim diff Contribution: ,0,Frontier diff: ,0, Frontier diff Contribution ,0,Inverse Area ratio: ,0.982627, Inv Area Ratio Contribution: ,0,Inverse Perim ratio: ,1.03874, Inv Perim Contribution: ,0, Final Score: ,-101.211
Point: ,247,58,Repeat score:,1, Repeat contribution: ,-1,Dist:,21, Dist contribution: ,-105, New scanned ratio: ,0.0204093, New Scanned Cells Contribution: ,0,Area ratio: ,0.898814, Area ratio Contribution: ,0,Perim diff: ,1.05136, Perim diff Contribution: ,0,Frontier diff: ,0, Frontier diff Contribution ,0,Inverse Area ratio: ,0.983691, Inv Area Ratio Contribution: ,0,Inverse Perim ratio: ,1.03573, Inv Perim Contribution: ,0, Final Score: ,-106
Point: ,244,60,Repeat score:,1, Repeat contribution: ,-1,Dist:,24.1404, Dist contribution: ,-120.702, New scanned ratio: ,0.0265266, New Scanned Cells Contribution: ,0,Area ratio: ,0.891393, Area ratio Contribution: ,0,Perim diff: ,1.05183, Perim diff Contribution: ,0,Frontier diff: ,0, Frontier diff Contribution ,0,Inverse Area ratio: ,0.983137, Inv Area Ratio Contribution: ,0,Inverse Perim ratio: ,1.03647, Inv Perim Contribution: ,0, Final Score: ,-121.702
Point: ,239,60,Repeat score:,1, Repeat contribution: ,-1,Dist:,29.1163, Dist contribution: ,-145.582, New scanned ratio: ,0.0304244, New Scanned Cells Contribution: ,0,Area ratio: ,0.892872, Area ratio Contribution: ,0,Perim diff: ,1.05236, Perim diff Contribution: ,0,Frontier diff: ,0, Frontier diff Contribution ,0,Inverse Area ratio: ,0.98229, Inv Area Ratio Contribution: ,0,Inverse Perim ratio: ,1.03684, Inv Perim Contribution: ,0, Final Score: ,-146.582
Point: ,238,61,Repeat score:,1, Repeat contribution: ,-1,Dist:,30.2524, Dist contribution: ,-151.262, New scanned ratio: ,0.0330771, New Scanned Cells Contribution: ,0,Area ratio: ,0.888836, Area ratio Contribution: ,0,Perim diff: ,1.05599, Perim diff Contribution: ,0,Frontier diff: ,0, Frontier diff Contribution ,0,Inverse Area ratio: ,0.981592, Inv Area Ratio Contribution: ,0,Inverse Perim ratio: ,1.03949, Inv Perim Contribution: ,0, Final Score: ,-152.262
Point: ,237,60,Repeat score:,1, Repeat contribution: ,-1,Dist:,31.1088, Dist contribution: ,-155.544, New scanned ratio: ,0.031832, New Scanned Cells Contribution: ,0,Area ratio: ,0.893213, Area ratio Contribution: ,0,Perim diff: ,1.0534, Perim diff Contribution: ,0,Frontier diff: ,0, Frontier diff Contribution ,0,Inverse Area ratio: ,0.981941, Inv Area Ratio Contribution: ,0,Inverse Perim ratio: ,1.03756, Inv Perim Contribution: ,0, Final Score: ,-156.544
Point: ,232,60,Repeat score:,1, Repeat contribution: ,-1,Dist:,36.0938, Dist contribution: ,-180.469, New scanned ratio: ,0.034647, New Scanned Cells Contribution: ,0,Area ratio: ,0.893538, Area ratio Contribution: ,0,Perim diff: ,1.06269, Perim diff Contribution: ,0,Frontier diff: ,0, Frontier diff Contribution ,0,Inverse Area ratio: ,0.981181, Inv Area Ratio Contribution: ,0,Inverse Perim ratio: ,1.04421, Inv Perim Contribution: ,0, Final Score: ,-181.469
Point: ,229,58,Repeat score:,1, Repeat contribution: ,-1,Dist:,39, Dist contribution: ,-195, New scanned ratio: ,0.0316696, New Scanned Cells Contribution: ,0,Area ratio: ,0.900674, Area ratio Contribution: ,0,Perim diff: ,1.06379, Perim diff Contribution: ,0,Frontier diff: ,0, Frontier diff Contribution ,0,Inverse Area ratio: ,0.982551, Inv Area Ratio Contribution: ,0,Inverse Perim ratio: ,1.04481, Inv Perim Contribution: ,0, Final Score: ,-196
BEST Point:,248,59, Score: ,-101.211
COUNT COMMAND: 1
Total frontiers: ,101, Prioritised frontiers: ,25
At: ,248,58,
Point: ,282,77,Repeat score:,1, Repeat contribution: ,-1,Dist:,42.0249, Dist contribution: ,-210.124, New scanned ratio: ,0.0335599, New Scanned Cells Contribution: ,0,Area ratio: ,0.826912, Area ratio Contribution: ,0,Perim diff: ,1.05993, Perim diff Contribution: ,0,Frontier diff: ,0, Frontier diff Contribution ,0,Inverse Area ratio: ,0.981783, Inv Area Ratio Contribution: ,0,Inverse Perim ratio: ,1.04375, Inv Perim Contribution: ,0, Final Score: ,-211.124
Point: ,279,75,Repeat score:,1, Repeat contribution: ,-1,Dist:,38.0711, Dist contribution: ,-190.356, New scanned ratio: ,0.0301083, New Scanned Cells Contribution: ,0,Area ratio: ,0.834707, Area ratio Contribution: ,0,Perim diff: ,1.0615, Perim diff Contribution: ,0,Frontier diff: ,-1, Frontier diff Contribution ,-0,Inverse Area ratio: ,0.976697, Inv Area Ratio Contribution: ,0,Inverse Perim ratio: ,1.05358, Inv Perim Contribution: ,0, Final Score: ,-191.356
Point: ,274,78,Repeat score:,1, Repeat contribution: ,-1,Dist:,36.7696, Dist contribution: ,-183.848, New scanned ratio: ,0.036215, New Scanned Cells Contribution: ,0,Area ratio: ,0.822841, Area ratio Contribution: ,0,Perim diff: ,1.06252, Perim diff Contribution: ,0,Frontier diff: ,0, Frontier diff Contribution ,0,Inverse Area ratio: ,0.974115, Inv Area Ratio Contribution: ,0,Inverse Perim ratio: ,1.05716, Inv Perim Contribution: ,0, Final Score: ,-184.848
Point: ,269,78,Repeat score:,1, Repeat contribution: ,-1,Dist:,33.4215, Dist contribution: ,-167.108, New scanned ratio: ,0.0359494, New Scanned Cells Contribution: ,0,Area ratio: ,0.821963, Area ratio Contribution: ,0,Perim diff: ,1.06412, Perim diff Contribution: ,0,Frontier diff: ,0, Frontier diff Contribution ,0,Inverse Area ratio: ,0.974191, Inv Area Ratio Contribution: ,0,Inverse Perim ratio: ,1.05622, Inv Perim Contribution: ,0, Final Score: ,-168.108
Point: ,268,79,Repeat score:,1, Repeat contribution: ,-1,Dist:,33.8421, Dist contribution: ,-169.211, New scanned ratio: ,0.0380204, New Scanned Cells Contribution: ,0,Area ratio: ,0.81812, Area ratio Contribution: ,0,Perim diff: ,1.0652, Perim diff Contribution: ,0,Frontier diff: ,0, Frontier diff Contribution ,0,Inverse Area ratio: ,0.973641, Inv Area Ratio Contribution: ,0,Inverse Perim ratio: ,1.05754, Inv Perim Contribution: ,0, Final Score: ,-170.211
Point: ,267,78,Repeat score:,1, Repeat contribution: ,-1,Dist:,32.2025, Dist contribution: ,-161.012, New scanned ratio: ,0.0358432, New Scanned Cells Contribution: ,0,Area ratio: ,0.821681, Area ratio Contribution: ,0,Perim diff: ,1.06265, Perim diff Contribution: ,0,Frontier diff: ,0, Frontier diff Contribution ,0,Inverse Area ratio: ,0.974212, Inv Area Ratio Contribution: ,0,Inverse Perim ratio: ,1.05716, Inv Perim Contribution: ,0, Final Score: ,-162.012
Point: ,262,78,Repeat score:,1, Repeat contribution: ,-1,Dist:,29.5296, Dist contribution: ,-147.648, New scanned ratio: ,0.0355777, New Scanned Cells Contribution: ,0,Area ratio: ,0.820352, Area ratio Contribution: ,0,Perim diff: ,1.0689, Perim diff Contribution: ,0,Frontier diff: ,0, Frontier diff Contribution ,0,Inverse Area ratio: ,0.974303, Inv Area Ratio Contribution: ,0,Inverse Perim ratio: ,1.05763, Inv Perim Contribution: ,0, Final Score: ,-148.648
Point: ,259,76,Repeat score:,1, Repeat contribution: ,-1,Dist:,25.8565, Dist contribution: ,-129.283, New scanned ratio: ,0.0311703, New Scanned Cells Contribution: ,0,Area ratio: ,0.826888, Area ratio Contribution: ,0,Perim diff: ,1.06765, Perim diff Contribution: ,0,Frontier diff: ,0, Frontier diff Contribution ,0,Inverse Area ratio: ,0.97548, Inv Area Ratio Contribution: ,0,Inverse Perim ratio: ,1.0572, Inv Perim Contribution: ,0, Final Score: ,-130.283
Point: ,257,76,Repeat score:,1, Repeat contribution: ,-1,Dist:,25.0711, Dist contribution: ,-125.355, New scanned ratio: ,0.0311703, New Scanned Cells Contribution: ,0,Area ratio: ,0.826392, Area ratio Contribution: ,0,Perim diff: ,1.07201, Perim diff Contribution: ,0,Frontier diff: ,0, Frontier diff Contribution ,0,Inverse Area ratio: ,0.975459, Inv Area Ratio Contribution: ,0,Inverse Perim ratio: ,1.05745, Inv Perim Contribution: ,0, Final Score: ,-126.355
Point: ,254,78,Repeat score:,1, Repeat contribution: ,-1,Dist:,26.6833, Dist contribution: ,-133.417, New scanned ratio: ,0.035737, New Scanned Cells Contribution: ,0,Area ratio: ,0.818555, Area ratio Contribution: ,0,Perim diff: ,1.07629, Perim diff Contribution: ,0,Frontier diff: ,0, Frontier diff Contribution ,0,Inverse Area ratio: ,0.974247, Inv Area Ratio Contribution: ,0,Inverse Perim ratio: ,1.06125, Inv Perim Contribution: ,0, Final Score: ,-134.417
Point: ,249,78,Repeat score:,1, Repeat contribution: ,-1,Dist:,26.0192, Dist contribution: ,-130.096, New scanned ratio: ,0.0374363, New Scanned Cells Contribution: ,0,Area ratio: ,0.818434, Area ratio Contribution: ,0,Perim diff: ,1.08273, Perim diff Contribution: ,0,Frontier diff: ,0, Frontier diff Contribution ,0,Inverse Area ratio: ,0.973773, Inv Area Ratio Contribution: ,0,Inverse Perim ratio: ,1.06501, Inv Perim Contribution: ,0, Final Score: ,-131.096
Point: ,248,79,Repeat score:,1, Repeat contribution: ,-1,Dist:,27.3, Dist contribution: ,-136.5, New scanned ratio: ,0.039932, New Scanned Cells Contribution: ,0,Area ratio: ,0.814725, Area ratio Contribution: ,0,Perim diff: ,1.0854, Perim diff Contribution: ,0,Frontier diff: ,0, Frontier diff Contribution ,0,Inverse Area ratio: ,0.973105, Inv Area Ratio Contribution: ,0,Inverse Perim ratio: ,1.06744, Inv Perim Contribution: ,0, Final Score: ,-137.5
Point: ,247,78,Repeat score:,1, Repeat contribution: ,-1,Dist:,26.0192, Dist contribution: ,-130.096, New scanned ratio: ,0.0384983, New Scanned Cells Contribution: ,0,Area ratio: ,0.818651, Area ratio Contribution: ,0,Perim diff: ,1.08545, Perim diff Contribution: ,0,Frontier diff: ,0, Frontier diff Contribution ,0,Inverse Area ratio: ,0.973488, Inv Area Ratio Contribution: ,0,Inverse Perim ratio: ,1.06672, Inv Perim Contribution: ,0, Final Score: ,-131.096
Point: ,242,78,Repeat score:,1, Repeat contribution: ,-1,Dist:,26.6833, Dist contribution: ,-133.417, New scanned ratio: ,0.0418437, New Scanned Cells Contribution: ,0,Area ratio: ,0.8196, Area ratio Contribution: ,0,Perim diff: ,1.09501, Perim diff Contribution: ,0,Frontier diff: ,0, Frontier diff Contribution ,0,Inverse Area ratio: ,0.972547, Inv Area Ratio Contribution: ,0,Inverse Perim ratio: ,1.07282, Inv Perim Contribution: ,0, Final Score: ,-134.417
Point: ,236,75,Repeat score:,1, Repeat contribution: ,-1,Dist:,25.1478, Dist contribution: ,-125.739, New scanned ratio: ,0.0419499, New Scanned Cells Contribution: ,0,Area ratio: ,0.833741, Area ratio Contribution: ,0,Perim diff: ,1.09138, Perim diff Contribution: ,0,Frontier diff: ,0, Frontier diff Contribution ,0,Inverse Area ratio: ,0.973796, Inv Area Ratio Contribution: ,0,Inverse Perim ratio: ,1.0685, Inv Perim Contribution: ,0, Final Score: ,-126.739
Point: ,231,70,Repeat score:,1, Repeat contribution: ,-1,Dist:,23.0729, Dist contribution: ,-115.365, New scanned ratio: ,0.0374363, New Scanned Cells Contribution: ,0,Area ratio: ,0.855562, Area ratio Contribution: ,0,Perim diff: ,1.07253, Perim diff Contribution: ,0,Frontier diff: ,0, Frontier diff Contribution ,0,Inverse Area ratio: ,0.975168, Inv Area Ratio Contribution: ,0,Inverse Perim ratio: ,1.05318, Inv Perim Contribution: ,0, Final Score: ,-116.365
Point: ,228,64,Repeat score:,1, Repeat contribution: ,-1,Dist:,21.4672, Dist contribution: ,-107.336, New scanned ratio: ,0.0293649, New Scanned Cells Contribution: ,0,Area ratio: ,0.881331, Area ratio Contribution: ,0,Perim diff: ,1.06031, Perim diff Contribution: ,0,Frontier diff: ,0, Frontier diff Contribution ,0,Inverse Area ratio: ,0.978505, Inv Area Ratio Contribution: ,0,Inverse Perim ratio: ,1.04325, Inv Perim Contribution: ,0, Final Score: ,-108.336
Point: ,228,59,Repeat score:,1, Repeat contribution: ,-1,Dist:,20.0422, Dist contribution: ,-100.211, New scanned ratio: ,0.0207094, New Scanned Cells Contribution: ,0,Area ratio: ,0.902461, Area ratio Contribution: ,0,Perim diff: ,1.05239, Perim diff Contribution: ,0,Frontier diff: ,0, Frontier diff Contribution ,0,Inverse Area ratio: ,0.980961, Inv Area Ratio Contribution: ,0,Inverse Perim ratio: ,1.03694, Inv Perim Contribution: ,0, Final Score: ,-101.211
Point: ,226,59,Repeat score:,1, Repeat contribution: ,-1,Dist:,22.0384, Dist contribution: ,-110.192, New scanned ratio: ,0.0224618, New Scanned Cells Contribution: ,0,Area ratio: ,0.903133, Area ratio Contribution: ,0,Perim diff: ,1.05124, Perim diff Contribution: ,0,Frontier diff: ,0, Frontier diff Contribution ,0,Inverse Area ratio: ,0.981316, Inv Area Ratio Contribution: ,0,Inverse Perim ratio: ,1.03623, Inv Perim Contribution: ,0, Final Score: ,-111.192
Point: ,225,60,Repeat score:,1, Repeat contribution: ,-1,Dist:,23.1465, Dist contribution: ,-115.732, New scanned ratio: ,0.0250637, New Scanned Cells Contribution: ,0,Area ratio: ,0.899525, Area ratio Contribution: ,0,Perim diff: ,1.05173, Perim diff Contribution: ,0,Frontier diff: ,0, Frontier diff Contribution ,0,Inverse Area ratio: ,0.980782, Inv Area Ratio Contribution: ,0,Inverse Perim ratio: ,1.03671, Inv Perim Contribution: ,0, Final Score: ,-116.732
Point: ,220,60,Repeat score:,1, Repeat contribution: ,-1,Dist:,28.1205, Dist contribution: ,-140.602, New scanned ratio: ,0.0289932, New Scanned Cells Contribution: ,0,Area ratio: ,0.900817, Area ratio Contribution: ,0,Perim diff: ,1.05259, Perim diff Contribution: ,0,Frontier diff: ,0, Frontier diff Contribution ,0,Inverse Area ratio: ,0.97974, Inv Area Ratio Contribution: ,0,Inverse Perim ratio: ,1.03732, Inv Perim Contribution: ,0, Final Score: ,-141.602
Point: ,219,61,Repeat score:,1, Repeat contribution: ,-1,Dist:,29.2611, Dist contribution: ,-146.305, New scanned ratio: ,0.0315952, New Scanned Cells Contribution: ,0,Area ratio: ,0.896931, Area ratio Contribution: ,0,Perim diff: ,1.05624, Perim diff Contribution: ,0,Frontier diff: ,0, Frontier diff Contribution ,0,Inverse Area ratio: ,0.979041, Inv Area Ratio Contribution: ,0,Inverse Perim ratio: ,1.03996, Inv Perim Contribution: ,0, Final Score: ,-147.305
Point: ,218,60,Repeat score:,1, Repeat contribution: ,-1,Dist:,30.1125, Dist contribution: ,-150.562, New scanned ratio: ,0.0304269, New Scanned Cells Contribution: ,0,Area ratio: ,0.90127, Area ratio Contribution: ,0,Perim diff: ,1.0538, Perim diff Contribution: ,0,Frontier diff: ,0, Frontier diff Contribution ,0,Inverse Area ratio: ,0.979341, Inv Area Ratio Contribution: ,0,Inverse Perim ratio: ,1.03815, Inv Perim Contribution: ,0, Final Score: ,-151.562
Point: ,213,60,Repeat score:,1, Repeat contribution: ,-1,Dist:,35.0964, Dist contribution: ,-175.482, New scanned ratio: ,0.0334006, New Scanned Cells Contribution: ,0,Area ratio: ,0.901633, Area ratio Contribution: ,0,Perim diff: ,1.06274, Perim diff Contribution: ,0,Frontier diff: ,0, Frontier diff Contribution ,0,Inverse Area ratio: ,0.97853, Inv Area Ratio Contribution: ,0,Inverse Perim ratio: ,1.04457, Inv Perim Contribution: ,0, Final Score: ,-176.482
Point: ,209,58,Repeat score:,1, Repeat contribution: ,-1,Dist:,39, Dist contribution: ,-195, New scanned ratio: ,0.031011, New Scanned Cells Contribution: ,0,Area ratio: ,0.908749, Area ratio Contribution: ,0,Perim diff: ,1.06358, Perim diff Contribution: ,0,Frontier diff: ,0, Frontier diff Contribution ,0,Inverse Area ratio: ,0.980393, Inv Area Ratio Contribution: ,0,Inverse Perim ratio: ,1.04498, Inv Perim Contribution: ,0, Final Score: ,-196
BEST Point:,228,59, Score: ,-101.211
COUNT COMMAND: 1
Total frontiers: ,101, Prioritised frontiers: ,25
At: ,228,58,
Point: ,262,78,Repeat score:,1, Repeat contribution: ,-1,Dist:,42.8019, Dist contribution: ,-214.009, New scanned ratio: ,0.0349122, New Scanned Cells Contribution: ,0,Area ratio: ,0.835758, Area ratio Contribution: ,0,Perim diff: ,1.06868, Perim diff Contribution: ,0,Frontier diff: ,0, Frontier diff Contribution ,0,Inverse Area ratio: ,0.971704, Inv Area Ratio Contribution: ,0,Inverse Perim ratio: ,1.05777, Inv Perim Contribution: ,0, Final Score: ,-215.009
Point: ,259,76,Repeat score:,1, Repeat contribution: ,-1,Dist:,38.8402, Dist contribution: ,-194.201, New scanned ratio: ,0.0305873, New Scanned Cells Contribution: ,0,Area ratio: ,0.84257, Area ratio Contribution: ,0,Perim diff: ,1.06735, Perim diff Contribution: ,0,Frontier diff: ,0, Frontier diff Contribution ,0,Inverse Area ratio: ,0.972856, Inv Area Ratio Contribution: ,0,Inverse Perim ratio: ,1.05733, Inv Perim Contribution: ,0, Final Score: ,-195.201
Point: ,257,76,Repeat score:,1, Repeat contribution: ,-1,Dist:,37.2634, Dist contribution: ,-186.317, New scanned ratio: ,0.0305873, New Scanned Cells Contribution: ,0,Area ratio: ,0.842023, Area ratio Contribution: ,0,Perim diff: ,1.06822, Perim diff Contribution: ,0,Frontier diff: ,0, Frontier diff Contribution ,0,Inverse Area ratio: ,0.972884, Inv Area Ratio Contribution: ,0,Inverse Perim ratio: ,1.05501, Inv Perim Contribution: ,0, Final Score: ,-187.317
Point: ,254,78,Repeat score:,1, Repeat contribution: ,-1,Dist:,36.7696, Dist contribution: ,-183.848, New scanned ratio: ,0.0347559, New Scanned Cells Contribution: ,0,Area ratio: ,0.833822, Area ratio Contribution: ,0,Perim diff: ,1.06795, Perim diff Contribution: ,0,Frontier diff: ,0, Frontier diff Contribution ,0,Inverse Area ratio: ,0.971781, Inv Area Ratio Contribution: ,0,Inverse Perim ratio: ,1.05584, Inv Perim Contribution: ,0, Final Score: ,-184.848
Point: ,249,78,Repeat score:,1, Repeat contribution: ,-1,Dist:,33.4215, Dist contribution: ,-167.108, New scanned ratio: ,0.0347559, New Scanned Cells Contribution: ,0,Area ratio: ,0.83248, Area ratio Contribution: ,0,Perim diff: ,1.06686, Perim diff Contribution: ,0,Frontier diff: ,0, Frontier diff Contribution ,0,Inverse Area ratio: ,0.971774, Inv Area Ratio Contribution: ,0,Inverse Perim ratio: ,1.05446, Inv Perim Contribution: ,0, Final Score: ,-168.108
Point: ,248,79,Repeat score:,1, Repeat contribution: ,-1,Dist:,33.8421, Dist contribution: ,-169.211, New scanned ratio: ,0.0368402, New Scanned Cells Contribution: ,0,Area ratio: ,0.828398, Area ratio Contribution: ,0,Perim diff: ,1.06848, Perim diff Contribution: ,0,Frontier diff: ,0, Frontier diff Contribution ,0,Inverse Area ratio: ,0.971208, Inv Area Ratio Contribution: ,0,Inverse Perim ratio: ,1.05617, Inv Perim Contribution: ,0, Final Score: ,-170.211
Point: ,247,78,Repeat score:,1, Repeat contribution: ,-1,Dist:,32.2025, Dist contribution: ,-161.012, New scanned ratio: ,0.0347559, New Scanned Cells Contribution: ,0,Area ratio: ,0.831876, Area ratio Contribution: ,0,Perim diff: ,1.06715, Perim diff Contribution: ,0,Frontier diff: ,0, Frontier diff Contribution ,0,Inverse Area ratio: ,0.971774, Inv Area Ratio Contribution: ,0,Inverse Perim ratio: ,1.05446, Inv Perim Contribution: ,0, Final Score: ,-162.012
Point: ,242,78,Repeat score:,1, Repeat contribution: ,-1,Dist:,29.5296, Dist contribution: ,-147.648, New scanned ratio: ,0.0347559, New Scanned Cells Contribution: ,0,Area ratio: ,0.830116, Area ratio Contribution: ,0,Perim diff: ,1.06976, Perim diff Contribution: ,0,Frontier diff: ,0, Frontier diff Contribution ,0,Inverse Area ratio: ,0.971788, Inv Area Ratio Contribution: ,0,Inverse Perim ratio: ,1.05587, Inv Perim Contribution: ,0, Final Score: ,-148.648
Point: ,239,76,Repeat score:,1, Repeat contribution: ,-1,Dist:,25.8565, Dist contribution: ,-129.283, New scanned ratio: ,0.0305873, New Scanned Cells Contribution: ,0,Area ratio: ,0.836352, Area ratio Contribution: ,0,Perim diff: ,1.07034, Perim diff Contribution: ,0,Frontier diff: ,0, Frontier diff Contribution ,0,Inverse Area ratio: ,0.972926, Inv Area Ratio Contribution: ,0,Inverse Perim ratio: ,1.05488, Inv Perim Contribution: ,0, Final Score: ,-130.283
Point: ,237,76,Repeat score:,1, Repeat contribution: ,-1,Dist:,25.0711, Dist contribution: ,-125.355, New scanned ratio: ,0.0305873, New Scanned Cells Contribution: ,0,Area ratio: ,0.835675, Area ratio Contribution: ,0,Perim diff: ,1.07399, Perim diff Contribution: ,0,Frontier diff: ,0, Frontier diff Contribution ,0,Inverse Area ratio: ,0.972877, Inv Area Ratio Contribution: ,0,Inverse Perim ratio: ,1.05744, Inv Perim Contribution: ,0, Final Score: ,-126.355
Point: ,234,78,Repeat score:,1, Repeat contribution: ,-1,Dist:,26.6833, Dist contribution: ,-133.417, New scanned ratio: ,0.0350685, New Scanned Cells Contribution: ,0,Area ratio: ,0.827362, Area ratio Contribution: ,0,Perim diff: ,1.07878, Perim diff Contribution: ,0,Frontier diff: ,0, Frontier diff Contribution ,0,Inverse Area ratio: ,0.971669, Inv Area Ratio Contribution: ,0,Inverse Perim ratio: ,1.06153, Inv Perim Contribution: ,0, Final Score: ,-134.417
Point: ,229,78,Repeat score:,1, Repeat contribution: ,-1,Dist:,26.0192, Dist contribution: ,-130.096, New scanned ratio: ,0.036736, New Scanned Cells Contribution: ,0,Area ratio: ,0.826838, Area ratio Contribution: ,0,Perim diff: ,1.08467, Perim diff Contribution: ,0,Frontier diff: ,0, Frontier diff Contribution ,0,Inverse Area ratio: ,0.971201, Inv Area Ratio Contribution: ,0,Inverse Perim ratio: ,1.0653, Inv Perim Contribution: ,0, Final Score: ,-131.096
Point: ,228,79,Repeat score:,1, Repeat contribution: ,-1,Dist:,27.3, Dist contribution: ,-136.5, New scanned ratio: ,0.039185, New Scanned Cells Contribution: ,0,Area ratio: ,0.823153, Area ratio Contribution: ,0,Perim diff: ,1.08743, Perim diff Contribution: ,0,Frontier diff: ,0, Frontier diff Contribution ,0,Inverse Area ratio: ,0.970531, Inv Area Ratio Contribution: ,0,Inverse Perim ratio: ,1.06773, Inv Perim Contribution: ,0, Final Score: ,-137.5
Point: ,227,78,Repeat score:,1, Repeat contribution: ,-1,Dist:,26.0192, Dist contribution: ,-130.096, New scanned ratio: ,0.0377781, New Scanned Cells Contribution: ,0,Area ratio: ,0.826942, Area ratio Contribution: ,0,Perim diff: ,1.08721, Perim diff Contribution: ,0,Frontier diff: ,0, Frontier diff Contribution ,0,Inverse Area ratio: ,0.970915, Inv Area Ratio Contribution: ,0,Inverse Perim ratio: ,1.06701, Inv Perim Contribution: ,0, Final Score: ,-131.096
Point: ,222,78,Repeat score:,1, Repeat contribution: ,-1,Dist:,26.6833, Dist contribution: ,-133.417, New scanned ratio: ,0.0410609, New Scanned Cells Contribution: ,0,Area ratio: ,0.827814, Area ratio Contribution: ,0,Perim diff: ,1.0964, Perim diff Contribution: ,0,Frontier diff: ,0, Frontier diff Contribution ,0,Inverse Area ratio: ,0.969972, Inv Area Ratio Contribution: ,0,Inverse Perim ratio: ,1.07311, Inv Perim Contribution: ,0, Final Score: ,-134.417
Point: ,216,75,Repeat score:,1, Repeat contribution: ,-1,Dist:,25.1478, Dist contribution: ,-125.739, New scanned ratio: ,0.041113, New Scanned Cells Contribution: ,0,Area ratio: ,0.841929, Area ratio Contribution: ,0,Perim diff: ,1.09208, Perim diff Contribution: ,0,Frontier diff: ,0, Frontier diff Contribution ,0,Inverse Area ratio: ,0.971071, Inv Area Ratio Contribution: ,0,Inverse Perim ratio: ,1.06869, Inv Perim Contribution: ,0, Final Score: ,-126.739
Point: ,211,70,Repeat score:,1, Repeat contribution: ,-1,Dist:,23.0729, Dist contribution: ,-115.365, New scanned ratio: ,0.0366839, New Scanned Cells Contribution: ,0,Area ratio: ,0.864458, Area ratio Contribution: ,0,Perim diff: ,1.07392, Perim diff Contribution: ,0,Frontier diff: ,0, Frontier diff Contribution ,0,Inverse Area ratio: ,0.972392, Inv Area Ratio Contribution: ,0,Inverse Perim ratio: ,1.05426, Inv Perim Contribution: ,0, Final Score: ,-116.365
Point: ,208,64,Repeat score:,1, Repeat contribution: ,-1,Dist:,21.4672, Dist contribution: ,-107.336, New scanned ratio: ,0.0288156, New Scanned Cells Contribution: ,0,Area ratio: ,0.889649, Area ratio Contribution: ,0,Perim diff: ,1.06065, Perim diff Contribution: ,0,Frontier diff: ,0, Frontier diff Contribution ,0,Inverse Area ratio: ,0.975939, Inv Area Ratio Contribution: ,0,Inverse Perim ratio: ,1.04374, Inv Perim Contribution: ,0, Final Score: ,-108.336
Point: ,208,59,Repeat score:,1, Repeat contribution: ,-1,Dist:,20.0422, Dist contribution: ,-100.211, New scanned ratio: ,0.020322, New Scanned Cells Contribution: ,0,Area ratio: ,0.910441, Area ratio Contribution: ,0,Perim diff: ,1.05128, Perim diff Contribution: ,0,Frontier diff: ,0, Frontier diff Contribution ,0,Inverse Area ratio: ,0.979154, Inv Area Ratio Contribution: ,0,Inverse Perim ratio: ,1.03651, Inv Perim Contribution: ,0, Final Score: ,-101.211
Point: ,206,60,Repeat score:,1, Repeat contribution: ,-1,Dist:,22.1531, Dist contribution: ,-110.766, New scanned ratio: ,0.023709, New Scanned Cells Contribution: ,0,Area ratio: ,0.907075, Area ratio Contribution: ,0,Perim diff: ,1.05195, Perim diff Contribution: ,0,Frontier diff: ,0, Frontier diff Contribution ,0,Inverse Area ratio: ,0.978257, Inv Area Ratio Contribution: ,0,Inverse Perim ratio: ,1.03712, Inv Perim Contribution: ,0, Final Score: ,-111.766
Point: ,201,60,Repeat score:,1, Repeat contribution: ,-1,Dist:,27.1249, Dist contribution: ,-135.624, New scanned ratio: ,0.0276692, New Scanned Cells Contribution: ,0,Area ratio: ,0.908477, Area ratio Contribution: ,0,Perim diff: ,1.05173, Perim diff Contribution: ,0,Frontier diff: ,0, Frontier diff Contribution ,0,Inverse Area ratio: ,0.977171, Inv Area Ratio Contribution: ,0,Inverse Perim ratio: ,1.037, Inv Perim Contribution: ,0, Final Score: ,-136.624
Point: ,200,61,Repeat score:,1, Repeat contribution: ,-1,Dist:,28.2703, Dist contribution: ,-141.352, New scanned ratio: ,0.0302225, New Scanned Cells Contribution: ,0,Area ratio: ,0.904807, Area ratio Contribution: ,0,Perim diff: ,1.05537, Perim diff Contribution: ,0,Frontier diff: ,0, Frontier diff Contribution ,0,Inverse Area ratio: ,0.97647, Inv Area Ratio Contribution: ,0,Inverse Perim ratio: ,1.03964, Inv Perim Contribution: ,0, Final Score: ,-142.352
Point: ,199,60,Repeat score:,1, Repeat contribution: ,-1,Dist:,29.1163, Dist contribution: ,-145.582, New scanned ratio: ,0.0291282, New Scanned Cells Contribution: ,0,Area ratio: ,0.908989, Area ratio Contribution: ,0,Perim diff: ,1.05243, Perim diff Contribution: ,0,Frontier diff: ,0, Frontier diff Contribution ,0,Inverse Area ratio: ,0.976751, Inv Area Ratio Contribution: ,0,Inverse Perim ratio: ,1.03749, Inv Perim Contribution: ,0, Final Score: ,-146.582
Point: ,194,60,Repeat score:,1, Repeat contribution: ,-1,Dist:,34.0993, Dist contribution: ,-170.496, New scanned ratio: ,0.0322547, New Scanned Cells Contribution: ,0,Area ratio: ,0.909493, Area ratio Contribution: ,0,Perim diff: ,1.05935, Perim diff Contribution: ,0,Frontier diff: ,0, Frontier diff Contribution ,0,Inverse Area ratio: ,0.975903, Inv Area Ratio Contribution: ,0,Inverse Perim ratio: ,1.04245, Inv Perim Contribution: ,0, Final Score: ,-171.496
Point: ,190,58,Repeat score:,1, Repeat contribution: ,-1,Dist:,38, Dist contribution: ,-190, New scanned ratio: ,0.0301704, New Scanned Cells Contribution: ,0,Area ratio: ,0.916928, Area ratio Contribution: ,0,Perim diff: ,1.0646, Perim diff Contribution: ,0,Frontier diff: ,0, Frontier diff Contribution ,0,Inverse Area ratio: ,0.976784, Inv Area Ratio Contribution: ,0,Inverse Perim ratio: ,1.04577, Inv Perim Contribution: ,0, Final Score: ,-191
BEST Point:,208,59, Score: ,-101.211
COUNT COMMAND: 1
Total frontiers: ,102, Prioritised frontiers: ,26
At: ,208,58,
Point: ,242,78,Repeat score:,1, Repeat contribution: ,-1,Dist:,42.8019, Dist contribution: ,-214.009, New scanned ratio: ,0.0341176, New Scanned Cells Contribution: ,0,Area ratio: ,0.845378, Area ratio Contribution: ,0,Perim diff: ,1.07003, Perim diff Contribution: ,0,Frontier diff: ,0, Frontier diff Contribution ,0,Inverse Area ratio: ,0.969176, Inv Area Ratio Contribution: ,0,Inverse Perim ratio: ,1.05621, Inv Perim Contribution: ,0, Final Score: ,-215.009
Point: ,239,76,Repeat score:,1, Repeat contribution: ,-1,Dist:,38.8402, Dist contribution: ,-194.201, New scanned ratio: ,0.0300256, New Scanned Cells Contribution: ,0,Area ratio: ,0.851879, Area ratio Contribution: ,0,Perim diff: ,1.07053, Perim diff Contribution: ,0,Frontier diff: ,0, Frontier diff Contribution ,0,Inverse Area ratio: ,0.970289, Inv Area Ratio Contribution: ,0,Inverse Perim ratio: ,1.0552, Inv Perim Contribution: ,0, Final Score: ,-195.201
Point: ,237,76,Repeat score:,1, Repeat contribution: ,-1,Dist:,37.2634, Dist contribution: ,-186.317, New scanned ratio: ,0.0300256, New Scanned Cells Contribution: ,0,Area ratio: ,0.851146, Area ratio Contribution: ,0,Perim diff: ,1.07068, Perim diff Contribution: ,0,Frontier diff: ,0, Frontier diff Contribution ,0,Inverse Area ratio: ,0.970289, Inv Area Ratio Contribution: ,0,Inverse Perim ratio: ,1.0552, Inv Perim Contribution: ,0, Final Score: ,-187.317
Point: ,234,78,Repeat score:,1, Repeat contribution: ,-1,Dist:,36.7696, Dist contribution: ,-183.848, New scanned ratio: ,0.0341176, New Scanned Cells Contribution: ,0,Area ratio: ,0.842466, Area ratio Contribution: ,0,Perim diff: ,1.07091, Perim diff Contribution: ,0,Frontier diff: ,0, Frontier diff Contribution ,0,Inverse Area ratio: ,0.96919, Inv Area Ratio Contribution: ,0,Inverse Perim ratio: ,1.05632, Inv Perim Contribution: ,0, Final Score: ,-184.848
Point: ,229,78,Repeat score:,1, Repeat contribution: ,-1,Dist:,33.4215, Dist contribution: ,-167.108, New scanned ratio: ,0.0341176, New Scanned Cells Contribution: ,0,Area ratio: ,0.840725, Area ratio Contribution: ,0,Perim diff: ,1.06926, Perim diff Contribution: ,0,Frontier diff: ,0, Frontier diff Contribution ,0,Inverse Area ratio: ,0.96919, Inv Area Ratio Contribution: ,0,Inverse Perim ratio: ,1.05495, Inv Perim Contribution: ,0, Final Score: ,-168.108
Point: ,228,79,Repeat score:,1, Repeat contribution: ,-1,Dist:,33.8421, Dist contribution: ,-169.211, New scanned ratio: ,0.0361637, New Scanned Cells Contribution: ,0,Area ratio: ,0.836673, Area ratio Contribution: ,0,Perim diff: ,1.07097, Perim diff Contribution: ,0,Frontier diff: ,0, Frontier diff Contribution ,0,Inverse Area ratio: ,0.968623, Inv Area Ratio Contribution: ,0,Inverse Perim ratio: ,1.05666, Inv Perim Contribution: ,0, Final Score: ,-170.211
Point: ,227,78,Repeat score:,1, Repeat contribution: ,-1,Dist:,32.2025, Dist contribution: ,-161.012, New scanned ratio: ,0.0341176, New Scanned Cells Contribution: ,0,Area ratio: ,0.840014, Area ratio Contribution: ,0,Perim diff: ,1.06937, Perim diff Contribution: ,0,Frontier diff: ,0, Frontier diff Contribution ,0,Inverse Area ratio: ,0.96919, Inv Area Ratio Contribution: ,0,Inverse Perim ratio: ,1.05495, Inv Perim Contribution: ,0, Final Score: ,-162.012
Point: ,222,78,Repeat score:,1, Repeat contribution: ,-1,Dist:,29.5296, Dist contribution: ,-147.648, New scanned ratio: ,0.0341176, New Scanned Cells Contribution: ,0,Area ratio: ,0.838198, Area ratio Contribution: ,0,Perim diff: ,1.0716, Perim diff Contribution: ,0,Frontier diff: ,0, Frontier diff Contribution ,0,Inverse Area ratio: ,0.969204, Inv Area Ratio Contribution: ,0,Inverse Perim ratio: ,1.05636, Inv Perim Contribution: ,0, Final Score: ,-148.648
Point: ,219,76,Repeat score:,1, Repeat contribution: ,-1,Dist:,25.8565, Dist contribution: ,-129.283, New scanned ratio: ,0.0300256, New Scanned Cells Contribution: ,0,Area ratio: ,0.844475, Area ratio Contribution: ,0,Perim diff: ,1.07176, Perim diff Contribution: ,0,Frontier diff: ,0, Frontier diff Contribution ,0,Inverse Area ratio: ,0.970345, Inv Area Ratio Contribution: ,0,Inverse Perim ratio: ,1.05537, Inv Perim Contribution: ,0, Final Score: ,-130.283
Point: ,217,76,Repeat score:,1, Repeat contribution: ,-1,Dist:,25.0711, Dist contribution: ,-125.355, New scanned ratio: ,0.0300256, New Scanned Cells Contribution: ,0,Area ratio: ,0.843797, Area ratio Contribution: ,0,Perim diff: ,1.07531, Perim diff Contribution: ,0,Frontier diff: ,0, Frontier diff Contribution ,0,Inverse Area ratio: ,0.970296, Inv Area Ratio Contribution: ,0,Inverse Perim ratio: ,1.05793, Inv Perim Contribution: ,0, Final Score: ,-126.355
Point: ,214,78,Repeat score:,1, Repeat contribution: ,-1,Dist:,26.6833, Dist contribution: ,-133.417, New scanned ratio: ,0.0344246, New Scanned Cells Contribution: ,0,Area ratio: ,0.83544, Area ratio Contribution: ,0,Perim diff: ,1.08017, Perim diff Contribution: ,0,Frontier diff: ,0, Frontier diff Contribution ,0,Inverse Area ratio: ,0.969085, Inv Area Ratio Contribution: ,0,Inverse Perim ratio: ,1.06202, Inv Perim Contribution: ,0, Final Score: ,-134.417
Point: ,209,78,Repeat score:,1, Repeat contribution: ,-1,Dist:,26.0192, Dist contribution: ,-130.096, New scanned ratio: ,0.0360614, New Scanned Cells Contribution: ,0,Area ratio: ,0.834904, Area ratio Contribution: ,0,Perim diff: ,1.08585, Perim diff Contribution: ,0,Frontier diff: ,0, Frontier diff Contribution ,0,Inverse Area ratio: ,0.968616, Inv Area Ratio Contribution: ,0,Inverse Perim ratio: ,1.0658, Inv Perim Contribution: ,0, Final Score: ,-131.096
Point: ,208,79,Repeat score:,1, Repeat contribution: ,-1,Dist:,27.3, Dist contribution: ,-136.5, New scanned ratio: ,0.0384655, New Scanned Cells Contribution: ,0,Area ratio: ,0.831196, Area ratio Contribution: ,0,Perim diff: ,1.08866, Perim diff Contribution: ,0,Frontier diff: ,0, Frontier diff Contribution ,0,Inverse Area ratio: ,0.967944, Inv Area Ratio Contribution: ,0,Inverse Perim ratio: ,1.06823, Inv Perim Contribution: ,0, Final Score: ,-137.5
Point: ,207,78,Repeat score:,1, Repeat contribution: ,-1,Dist:,26.0192, Dist contribution: ,-130.096, New scanned ratio: ,0.0370844, New Scanned Cells Contribution: ,0,Area ratio: ,0.835001, Area ratio Contribution: ,0,Perim diff: ,1.08831, Perim diff Contribution: ,0,Frontier diff: ,0, Frontier diff Contribution ,0,Inverse Area ratio: ,0.968329, Inv Area Ratio Contribution: ,0,Inverse Perim ratio: ,1.0675, Inv Perim Contribution: ,0, Final Score: ,-131.096
Point: ,202,78,Repeat score:,1, Repeat contribution: ,-1,Dist:,26.6833, Dist contribution: ,-133.417, New scanned ratio: ,0.0403069, New Scanned Cells Contribution: ,0,Area ratio: ,0.835848, Area ratio Contribution: ,0,Perim diff: ,1.09733, Perim diff Contribution: ,0,Frontier diff: ,0, Frontier diff Contribution ,0,Inverse Area ratio: ,0.967384, Inv Area Ratio Contribution: ,0,Inverse Perim ratio: ,1.07361, Inv Perim Contribution: ,0, Final Score: ,-134.417
Point: ,196,75,Repeat score:,1, Repeat contribution: ,-1,Dist:,25.1478, Dist contribution: ,-125.739, New scanned ratio: ,0.0403069, New Scanned Cells Contribution: ,0,Area ratio: ,0.85002, Area ratio Contribution: ,0,Perim diff: ,1.0888, Perim diff Contribution: ,0,Frontier diff: ,0, Frontier diff Contribution ,0,Inverse Area ratio: ,0.968273, Inv Area Ratio Contribution: ,0,Inverse Perim ratio: ,1.06914, Inv Perim Contribution: ,0, Final Score: ,-126.739
Point: ,191,70,Repeat score:,1, Repeat contribution: ,-1,Dist:,23.0729, Dist contribution: ,-115.365, New scanned ratio: ,0.0359591, New Scanned Cells Contribution: ,0,Area ratio: ,0.871901, Area ratio Contribution: ,0,Perim diff: ,1.07567, Perim diff Contribution: ,0,Frontier diff: ,0, Frontier diff Contribution ,0,Inverse Area ratio: ,0.969604, Inv Area Ratio Contribution: ,0,Inverse Perim ratio: ,1.05569, Inv Perim Contribution: ,0, Final Score: ,-116.365
Point: ,188,64,Repeat score:,1, Repeat contribution: ,-1,Dist:,21.4672, Dist contribution: ,-107.336, New scanned ratio: ,0.0283887, New Scanned Cells Contribution: ,0,Area ratio: ,0.897974, Area ratio Contribution: ,0,Perim diff: ,1.06013, Perim diff Contribution: ,0,Frontier diff: ,0, Frontier diff Contribution ,0,Inverse Area ratio: ,0.973078, Inv Area Ratio Contribution: ,0,Inverse Perim ratio: ,1.04361, Inv Perim Contribution: ,0, Final Score: ,-108.336
Point: ,188,59,Repeat score:,1, Repeat contribution: ,-1,Dist:,20.0422, Dist contribution: ,-100.211, New scanned ratio: ,0.0200512, New Scanned Cells Contribution: ,0,Area ratio: ,0.918404, Area ratio Contribution: ,0,Perim diff: ,1.05192, Perim diff Contribution: ,0,Frontier diff: ,0, Frontier diff Contribution ,0,Inverse Area ratio: ,0.975298, Inv Area Ratio Contribution: ,0,Inverse Perim ratio: ,1.03712, Inv Perim Contribution: ,0, Final Score: ,-101.211
Point: ,187,60,Repeat score:,1, Repeat contribution: ,-1,Dist:,21.1603, Dist contribution: ,-105.802, New scanned ratio: ,0.0225575, New Scanned Cells Contribution: ,0,Area ratio: ,0.914671, Area ratio Contribution: ,0,Perim diff: ,1.05475, Perim diff Contribution: ,0,Frontier diff: ,0, Frontier diff Contribution ,0,Inverse Area ratio: ,0.974597, Inv Area Ratio Contribution: ,0,Inverse Perim ratio: ,1.0392, Inv Perim Contribution: ,0, Final Score: ,-106.802
Point: ,182,60,Repeat score:,1, Repeat contribution: ,-1,Dist:,26.1297, Dist contribution: ,-130.648, New scanned ratio: ,0.0268031, New Scanned Cells Contribution: ,0,Area ratio: ,0.916459, Area ratio Contribution: ,0,Perim diff: ,1.05268, Perim diff Contribution: ,0,Frontier diff: ,0, Frontier diff Contribution ,0,Inverse Area ratio: ,0.973404, Inv Area Ratio Contribution: ,0,Inverse Perim ratio: ,1.03787, Inv Perim Contribution: ,0, Final Score: ,-131.648
Point: ,181,61,Repeat score:,1, Repeat contribution: ,-1,Dist:,27.2802, Dist contribution: ,-136.401, New scanned ratio: ,0.0293095, New Scanned Cells Contribution: ,0,Area ratio: ,0.912796, Area ratio Contribution: ,0,Perim diff: ,1.05637, Perim diff Contribution: ,0,Frontier diff: ,0, Frontier diff Contribution ,0,Inverse Area ratio: ,0.972688, Inv Area Ratio Contribution: ,0,Inverse Perim ratio: ,1.04052, Inv Perim Contribution: ,0, Final Score: ,-137.401
Point: ,180,60,Repeat score:,1, Repeat contribution: ,-1,Dist:,28.1205, Dist contribution: ,-140.602, New scanned ratio: ,0.0283376, New Scanned Cells Contribution: ,0,Area ratio: ,0.916866, Area ratio Contribution: ,0,Perim diff: ,1.05596, Perim diff Contribution: ,0,Frontier diff: ,0, Frontier diff Contribution ,0,Inverse Area ratio: ,0.97299, Inv Area Ratio Contribution: ,0,Inverse Perim ratio: ,1.04008, Inv Perim Contribution: ,0, Final Score: ,-141.602
Point: ,175,60,Repeat score:,1, Repeat contribution: ,-1,Dist:,33.1023, Dist contribution: ,-165.511, New scanned ratio: ,0.0318159, New Scanned Cells Contribution: ,0,Area ratio: ,0.917855, Area ratio Contribution: ,0,Perim diff: ,1.06051, Perim diff Contribution: ,0,Frontier diff: ,0, Frontier diff Contribution ,0,Inverse Area ratio: ,0.972001, Inv Area Ratio Contribution: ,0,Inverse Perim ratio: ,1.04344, Inv Perim Contribution: ,0, Final Score: ,-166.511
Point: ,172,58,Repeat score:,1, Repeat contribution: ,-1,Dist:,36, Dist contribution: ,-180, New scanned ratio: ,0.0297698, New Scanned Cells Contribution: ,0,Area ratio: ,0.925785, Area ratio Contribution: ,0,Perim diff: ,1.06095, Perim diff Contribution: ,0,Frontier diff: ,0, Frontier diff Contribution ,0,Inverse Area ratio: ,0.972692, Inv Area Ratio Contribution: ,0,Inverse Perim ratio: ,1.04608, Inv Perim Contribution: ,0, Final Score: ,-181
Point: ,169,58,Repeat score:,1, Repeat contribution: ,-1,Dist:,39, Dist contribution: ,-195, New scanned ratio: ,0.0309463, New Scanned Cells Contribution: ,0,Area ratio: ,0.92538, Area ratio Contribution: ,0,Perim diff: ,1.0633, Perim diff Contribution: ,0,Frontier diff: ,0, Frontier diff Contribution ,0,Inverse Area ratio: ,0.974838, Inv Area Ratio Contribution: ,0,Inverse Perim ratio: ,1.04526, Inv Perim Contribution: ,0, Final Score: ,-196
BEST Point:,188,59, Score: ,-101.211
COUNT COMMAND: 1
Total frontiers: ,101, Prioritised frontiers: ,25
At: ,188,58,
Point: ,222,78,Repeat score:,1, Repeat contribution: ,-1,Dist:,42.8019, Dist contribution: ,-214.009, New scanned ratio: ,0.0334991, New Scanned Cells Contribution: ,0,Area ratio: ,0.853479, Area ratio Contribution: ,0,Perim diff: ,1.07114, Perim diff Contribution: ,0,Frontier diff: ,0, Frontier diff Contribution ,0,Inverse Area ratio: ,0.9663, Inv Area Ratio Contribution: ,0,Inverse Perim ratio: ,1.05609, Inv Perim Contribution: ,0, Final Score: ,-215.009
Point: ,219,76,Repeat score:,1, Repeat contribution: ,-1,Dist:,38.8402, Dist contribution: ,-194.201, New scanned ratio: ,0.0294812, New Scanned Cells Contribution: ,0,Area ratio: ,0.860019, Area ratio Contribution: ,0,Perim diff: ,1.07121, Perim diff Contribution: ,0,Frontier diff: ,0, Frontier diff Contribution ,0,Inverse Area ratio: ,0.967415, Inv Area Ratio Contribution: ,0,Inverse Perim ratio: ,1.05508, Inv Perim Contribution: ,0, Final Score: ,-195.201
Point: ,217,76,Repeat score:,1, Repeat contribution: ,-1,Dist:,37.2634, Dist contribution: ,-186.317, New scanned ratio: ,0.0294812, New Scanned Cells Contribution: ,0,Area ratio: ,0.859285, Area ratio Contribution: ,0,Perim diff: ,1.07126, Perim diff Contribution: ,0,Frontier diff: ,0, Frontier diff Contribution ,0,Inverse Area ratio: ,0.967415, Inv Area Ratio Contribution: ,0,Inverse Perim ratio: ,1.05508, Inv Perim Contribution: ,0, Final Score: ,-187.317
Point: ,214,78,Repeat score:,1, Repeat contribution: ,-1,Dist:,36.7696, Dist contribution: ,-183.848, New scanned ratio: ,0.0334991, New Scanned Cells Contribution: ,0,Area ratio: ,0.850565, Area ratio Contribution: ,0,Perim diff: ,1.07157, Perim diff Contribution: ,0,Frontier diff: ,0, Frontier diff Contribution ,0,Inverse Area ratio: ,0.966314, Inv Area Ratio Contribution: ,0,Inverse Perim ratio: ,1.05619, Inv Perim Contribution: ,0, Final Score: ,-184.848
Point: ,209,78,Repeat score:,1, Repeat contribution: ,-1,Dist:,33.4215, Dist contribution: ,-167.108, New scanned ratio: ,0.0334991, New Scanned Cells Contribution: ,0,Area ratio: ,0.848821, Area ratio Contribution: ,0,Perim diff: ,1.06969, Perim diff Contribution: ,0,Frontier diff: ,0, Frontier diff Contribution ,0,Inverse Area ratio: ,0.966314, Inv Area Ratio Contribution: ,0,Inverse Perim ratio: ,1.05483, Inv Perim Contribution: ,0, Final Score: ,-168.108
Point: ,208,79,Repeat score:,1, Repeat contribution: ,-1,Dist:,33.8421, Dist contribution: ,-169.211, New scanned ratio: ,0.035508, New Scanned Cells Contribution: ,0,Area ratio: ,0.844749, Area ratio Contribution: ,0,Perim diff: ,1.07146, Perim diff Contribution: ,0,Frontier diff: ,0, Frontier diff Contribution ,0,Inverse Area ratio: ,0.965745, Inv Area Ratio Contribution: ,0,Inverse Perim ratio: ,1.05653, Inv Perim Contribution: ,0, Final Score: ,-170.211
Point: ,207,78,Repeat score:,1, Repeat contribution: ,-1,Dist:,32.2025, Dist contribution: ,-161.012, New scanned ratio: ,0.0334991, New Scanned Cells Contribution: ,0,Area ratio: ,0.848109, Area ratio Contribution: ,0,Perim diff: ,1.06973, Perim diff Contribution: ,0,Frontier diff: ,0, Frontier diff Contribution ,0,Inverse Area ratio: ,0.966314, Inv Area Ratio Contribution: ,0,Inverse Perim ratio: ,1.05483, Inv Perim Contribution: ,0, Final Score: ,-162.012
Point: ,202,78,Repeat score:,1, Repeat contribution: ,-1,Dist:,29.5296, Dist contribution: ,-147.648, New scanned ratio: ,0.0334991, New Scanned Cells Contribution: ,0,Area ratio: ,0.846292, Area ratio Contribution: ,0,Perim diff: ,1.07178, Perim diff Contribution: ,0,Frontier diff: ,0, Frontier diff Contribution ,0,Inverse Area ratio: ,0.966328, Inv Area Ratio Contribution: ,0,Inverse Perim ratio: ,1.05624, Inv Perim Contribution: ,0, Final Score: ,-148.648
Point: ,199,76,Repeat score:,1, Repeat contribution: ,-1,Dist:,25.8565, Dist contribution: ,-129.283, New scanned ratio: ,0.0294812, New Scanned Cells Contribution: ,0,Area ratio: ,0.852609, Area ratio Contribution: ,0,Perim diff: ,1.07173, Perim diff Contribution: ,0,Frontier diff: ,0, Frontier diff Contribution ,0,Inverse Area ratio: ,0.967471, Inv Area Ratio Contribution: ,0,Inverse Perim ratio: ,1.05524, Inv Perim Contribution: ,0, Final Score: ,-130.283
Point: ,197,76,Repeat score:,1, Repeat contribution: ,-1,Dist:,25.0711, Dist contribution: ,-125.355, New scanned ratio: ,0.0294812, New Scanned Cells Contribution: ,0,Area ratio: ,0.85193, Area ratio Contribution: ,0,Perim diff: ,1.07523, Perim diff Contribution: ,0,Frontier diff: ,0, Frontier diff Contribution ,0,Inverse Area ratio: ,0.967422, Inv Area Ratio Contribution: ,0,Inverse Perim ratio: ,1.05781, Inv Perim Contribution: ,0, Final Score: ,-126.355
Point: ,194,78,Repeat score:,1, Repeat contribution: ,-1,Dist:,26.6833, Dist contribution: ,-133.417, New scanned ratio: ,0.0338004, New Scanned Cells Contribution: ,0,Area ratio: ,0.84353, Area ratio Contribution: ,0,Perim diff: ,1.08012, Perim diff Contribution: ,0,Frontier diff: ,0, Frontier diff Contribution ,0,Inverse Area ratio: ,0.966208, Inv Area Ratio Contribution: ,0,Inverse Perim ratio: ,1.0619, Inv Perim Contribution: ,0, Final Score: ,-134.417
Point: ,189,78,Repeat score:,1, Repeat contribution: ,-1,Dist:,26.0192, Dist contribution: ,-130.096, New scanned ratio: ,0.0354076, New Scanned Cells Contribution: ,0,Area ratio: ,0.842982, Area ratio Contribution: ,0,Perim diff: ,1.08567, Perim diff Contribution: ,0,Frontier diff: ,0, Frontier diff Contribution ,0,Inverse Area ratio: ,0.965738, Inv Area Ratio Contribution: ,0,Inverse Perim ratio: ,1.06567, Inv Perim Contribution: ,0, Final Score: ,-131.096
Point: ,188,79,Repeat score:,1, Repeat contribution: ,-1,Dist:,27.3, Dist contribution: ,-136.5, New scanned ratio: ,0.0377681, New Scanned Cells Contribution: ,0,Area ratio: ,0.839251, Area ratio Contribution: ,0,Perim diff: ,1.0885, Perim diff Contribution: ,0,Frontier diff: ,0, Frontier diff Contribution ,0,Inverse Area ratio: ,0.965065, Inv Area Ratio Contribution: ,0,Inverse Perim ratio: ,1.0681, Inv Perim Contribution: ,0, Final Score: ,-137.5
Point: ,187,78,Repeat score:,1, Repeat contribution: ,-1,Dist:,26.0192, Dist contribution: ,-130.096, New scanned ratio: ,0.036412, New Scanned Cells Contribution: ,0,Area ratio: ,0.843071, Area ratio Contribution: ,0,Perim diff: ,1.08808, Perim diff Contribution: ,0,Frontier diff: ,0, Frontier diff Contribution ,0,Inverse Area ratio: ,0.965451, Inv Area Ratio Contribution: ,0,Inverse Perim ratio: ,1.06738, Inv Perim Contribution: ,0, Final Score: ,-131.096
Point: ,182,78,Repeat score:,1, Repeat contribution: ,-1,Dist:,26.6833, Dist contribution: ,-133.417, New scanned ratio: ,0.0395761, New Scanned Cells Contribution: ,0,Area ratio: ,0.843895, Area ratio Contribution: ,0,Perim diff: ,1.09699, Perim diff Contribution: ,0,Frontier diff: ,0, Frontier diff Contribution ,0,Inverse Area ratio: ,0.964503, Inv Area Ratio Contribution: ,0,Inverse Perim ratio: ,1.07348, Inv Perim Contribution: ,0, Final Score: ,-134.417
Point: ,176,75,Repeat score:,1, Repeat contribution: ,-1,Dist:,25.1478, Dist contribution: ,-125.739, New scanned ratio: ,0.039777, New Scanned Cells Contribution: ,0,Area ratio: ,0.858062, Area ratio Contribution: ,0,Perim diff: ,1.09214, Perim diff Contribution: ,0,Frontier diff: ,0, Frontier diff Contribution ,0,Inverse Area ratio: ,0.964468, Inv Area Ratio Contribution: ,0,Inverse Perim ratio: ,1.07163, Inv Perim Contribution: ,0, Final Score: ,-126.739
Point: ,171,70,Repeat score:,1, Repeat contribution: ,-1,Dist:,23.0729, Dist contribution: ,-115.365, New scanned ratio: ,0.0360102, New Scanned Cells Contribution: ,0,Area ratio: ,0.879833, Area ratio Contribution: ,0,Perim diff: ,1.07729, Perim diff Contribution: ,0,Frontier diff: ,0, Frontier diff Contribution ,0,Inverse Area ratio: ,0.965504, Inv Area Ratio Contribution: ,0,Inverse Perim ratio: ,1.05685, Inv Perim Contribution: ,0, Final Score: ,-116.365
Point: ,168,64,Repeat score:,1, Repeat contribution: ,-1,Dist:,21.4672, Dist contribution: ,-107.336, New scanned ratio: ,0.0287278, New Scanned Cells Contribution: ,0,Area ratio: ,0.906707, Area ratio Contribution: ,0,Perim diff: ,1.06001, Perim diff Contribution: ,0,Frontier diff: ,0, Frontier diff Contribution ,0,Inverse Area ratio: ,0.970245, Inv Area Ratio Contribution: ,0,Inverse Perim ratio: ,1.04385, Inv Perim Contribution: ,0, Final Score: ,-108.336
Point: ,168,59,Repeat score:,1, Repeat contribution: ,-1,Dist:,20.0422, Dist contribution: ,-100.211, New scanned ratio: ,0.0205414, New Scanned Cells Contribution: ,0,Area ratio: ,0.926954, Area ratio Contribution: ,0,Perim diff: ,1.05186, Perim diff Contribution: ,0,Frontier diff: ,0, Frontier diff Contribution ,0,Inverse Area ratio: ,0.972471, Inv Area Ratio Contribution: ,0,Inverse Perim ratio: ,1.03735, Inv Perim Contribution: ,0, Final Score: ,-101.211
Point: ,163,59,Repeat score:,1, Repeat contribution: ,-1,Dist:,25.0338, Dist contribution: ,-125.169, New scanned ratio: ,0.0246597, New Scanned Cells Contribution: ,0,Area ratio: ,0.928568, Area ratio Contribution: ,0,Perim diff: ,1.05111, Perim diff Contribution: ,0,Frontier diff: ,0, Frontier diff Contribution ,0,Inverse Area ratio: ,0.971297, Inv Area Ratio Contribution: ,0,Inverse Perim ratio: ,1.03689, Inv Perim Contribution: ,0, Final Score: ,-126.169
Point: ,162,60,Repeat score:,1, Repeat contribution: ,-1,Dist:,26.1297, Dist contribution: ,-130.648, New scanned ratio: ,0.0271207, New Scanned Cells Contribution: ,0,Area ratio: ,0.924884, Area ratio Contribution: ,0,Perim diff: ,1.05483, Perim diff Contribution: ,0,Frontier diff: ,0, Frontier diff Contribution ,0,Inverse Area ratio: ,0.970572, Inv Area Ratio Contribution: ,0,Inverse Perim ratio: ,1.03959, Inv Perim Contribution: ,0, Final Score: ,-131.648
Point: ,161,59,Repeat score:,1, Repeat contribution: ,-1,Dist:,27.0313, Dist contribution: ,-135.156, New scanned ratio: ,0.0262167, New Scanned Cells Contribution: ,0,Area ratio: ,0.9291, Area ratio Contribution: ,0,Perim diff: ,1.05222, Perim diff Contribution: ,0,Frontier diff: ,0, Frontier diff Contribution ,0,Inverse Area ratio: ,0.970861, Inv Area Ratio Contribution: ,0,Inverse Perim ratio: ,1.03767, Inv Perim Contribution: ,0, Final Score: ,-136.156
Point: ,156,59,Repeat score:,1, Repeat contribution: ,-1,Dist:,32.0264, Dist contribution: ,-160.132, New scanned ratio: ,0.0296821, New Scanned Cells Contribution: ,0,Area ratio: ,0.930057, Area ratio Contribution: ,0,Perim diff: ,1.05724, Perim diff Contribution: ,0,Frontier diff: ,0, Frontier diff Contribution ,0,Inverse Area ratio: ,0.969862, Inv Area Ratio Contribution: ,0,Inverse Perim ratio: ,1.04119, Inv Perim Contribution: ,0, Final Score: ,-161.132
Point: ,153,57,Repeat score:,1, Repeat contribution: ,-1,Dist:,35.0241, Dist contribution: ,-175.121, New scanned ratio: ,0.0278238, New Scanned Cells Contribution: ,0,Area ratio: ,0.936342, Area ratio Contribution: ,0,Perim diff: ,1.05779, Perim diff Contribution: ,0,Frontier diff: ,0, Frontier diff Contribution ,0,Inverse Area ratio: ,0.972037, Inv Area Ratio Contribution: ,0,Inverse Perim ratio: ,1.04159, Inv Perim Contribution: ,0, Final Score: ,-176.121
Point: ,149,59,Repeat score:,1, Repeat contribution: ,-1,Dist:,39.0217, Dist contribution: ,-195.108, New scanned ratio: ,0.033248, New Scanned Cells Contribution: ,0,Area ratio: ,0.93011, Area ratio Contribution: ,0,Perim diff: ,1.06434, Perim diff Contribution: ,0,Frontier diff: ,0, Frontier diff Contribution ,0,Inverse Area ratio: ,0.971417, Inv Area Ratio Contribution: ,0,Inverse Perim ratio: ,1.04616, Inv Perim Contribution: ,0, Final Score: ,-196.108
BEST Point:,168,59, Score: ,-101.211
COUNT COMMAND: 1
Total frontiers: ,102, Prioritised frontiers: ,25
At: ,168,58,
Point: ,202,78,Repeat score:,1, Repeat contribution: ,-1,Dist:,42.8019, Dist contribution: ,-214.009, New scanned ratio: ,0.032875, New Scanned Cells Contribution: ,0,Area ratio: ,0.862115, Area ratio Contribution: ,0,Perim diff: ,1.07181, Perim diff Contribution: ,0,Frontier diff: ,0, Frontier diff Contribution ,0,Inverse Area ratio: ,0.96345, Inv Area Ratio Contribution: ,0,Inverse Perim ratio: ,1.05632, Inv Perim Contribution: ,0, Final Score: ,-215.009
Point: ,199,76,Repeat score:,1, Repeat contribution: ,-1,Dist:,38.8402, Dist contribution: ,-194.201, New scanned ratio: ,0.0289319, New Scanned Cells Contribution: ,0,Area ratio: ,0.868699, Area ratio Contribution: ,0,Perim diff: ,1.07167, Perim diff Contribution: ,0,Frontier diff: ,0, Frontier diff Contribution ,0,Inverse Area ratio: ,0.964568, Inv Area Ratio Contribution: ,0,Inverse Perim ratio: ,1.05531, Inv Perim Contribution: ,0, Final Score: ,-195.201
Point: ,197,76,Repeat score:,1, Repeat contribution: ,-1,Dist:,37.2634, Dist contribution: ,-186.317, New scanned ratio: ,0.0289319, New Scanned Cells Contribution: ,0,Area ratio: ,0.867964, Area ratio Contribution: ,0,Perim diff: ,1.07167, Perim diff Contribution: ,0,Frontier diff: ,0, Frontier diff Contribution ,0,Inverse Area ratio: ,0.964568, Inv Area Ratio Contribution: ,0,Inverse Perim ratio: ,1.05531, Inv Perim Contribution: ,0, Final Score: ,-187.317
Point: ,194,78,Repeat score:,1, Repeat contribution: ,-1,Dist:,36.7696, Dist contribution: ,-183.848, New scanned ratio: ,0.032875, New Scanned Cells Contribution: ,0,Area ratio: ,0.859196, Area ratio Contribution: ,0,Perim diff: ,1.072, Perim diff Contribution: ,0,Frontier diff: ,0, Frontier diff Contribution ,0,Inverse Area ratio: ,0.963464, Inv Area Ratio Contribution: ,0,Inverse Perim ratio: ,1.05643, Inv Perim Contribution: ,0, Final Score: ,-184.848
Point: ,189,78,Repeat score:,1, Repeat contribution: ,-1,Dist:,33.4215, Dist contribution: ,-167.108, New scanned ratio: ,0.032875, New Scanned Cells Contribution: ,0,Area ratio: ,0.857449, Area ratio Contribution: ,0,Perim diff: ,1.07, Perim diff Contribution: ,0,Frontier diff: ,0, Frontier diff Contribution ,0,Inverse Area ratio: ,0.963464, Inv Area Ratio Contribution: ,0,Inverse Perim ratio: ,1.05506, Inv Perim Contribution: ,0, Final Score: ,-168.108
Point: ,188,79,Repeat score:,1, Repeat contribution: ,-1,Dist:,33.8421, Dist contribution: ,-169.211, New scanned ratio: ,0.0348465, New Scanned Cells Contribution: ,0,Area ratio: ,0.853353, Area ratio Contribution: ,0,Perim diff: ,1.07178, Perim diff Contribution: ,0,Frontier diff: ,0, Frontier diff Contribution ,0,Inverse Area ratio: ,0.962894, Inv Area Ratio Contribution: ,0,Inverse Perim ratio: ,1.05677, Inv Perim Contribution: ,0, Final Score: ,-170.211
Point: ,187,78,Repeat score:,1, Repeat contribution: ,-1,Dist:,32.2025, Dist contribution: ,-161.012, New scanned ratio: ,0.032875, New Scanned Cells Contribution: ,0,Area ratio: ,0.856736, Area ratio Contribution: ,0,Perim diff: ,1.06999, Perim diff Contribution: ,0,Frontier diff: ,0, Frontier diff Contribution ,0,Inverse Area ratio: ,0.963464, Inv Area Ratio Contribution: ,0,Inverse Perim ratio: ,1.05506, Inv Perim Contribution: ,0, Final Score: ,-162.012
Point: ,182,78,Repeat score:,1, Repeat contribution: ,-1,Dist:,29.5296, Dist contribution: ,-147.648, New scanned ratio: ,0.032875, New Scanned Cells Contribution: ,0,Area ratio: ,0.854916, Area ratio Contribution: ,0,Perim diff: ,1.07193, Perim diff Contribution: ,0,Frontier diff: ,0, Frontier diff Contribution ,0,Inverse Area ratio: ,0.963478, Inv Area Ratio Contribution: ,0,Inverse Perim ratio: ,1.05647, Inv Perim Contribution: ,0, Final Score: ,-148.648
Point: ,179,76,Repeat score:,1, Repeat contribution: ,-1,Dist:,25.8565, Dist contribution: ,-129.283, New scanned ratio: ,0.0289319, New Scanned Cells Contribution: ,0,Area ratio: ,0.861278, Area ratio Contribution: ,0,Perim diff: ,1.07177, Perim diff Contribution: ,0,Frontier diff: ,0, Frontier diff Contribution ,0,Inverse Area ratio: ,0.964624, Inv Area Ratio Contribution: ,0,Inverse Perim ratio: ,1.05548, Inv Perim Contribution: ,0, Final Score: ,-130.283
Point: ,177,76,Repeat score:,1, Repeat contribution: ,-1,Dist:,25.0711, Dist contribution: ,-125.355, New scanned ratio: ,0.0289319, New Scanned Cells Contribution: ,0,Area ratio: ,0.860598, Area ratio Contribution: ,0,Perim diff: ,1.07523, Perim diff Contribution: ,0,Frontier diff: ,0, Frontier diff Contribution ,0,Inverse Area ratio: ,0.964575, Inv Area Ratio Contribution: ,0,Inverse Perim ratio: ,1.05804, Inv Perim Contribution: ,0, Final Score: ,-126.355
Point: ,174,78,Repeat score:,1, Repeat contribution: ,-1,Dist:,26.6833, Dist contribution: ,-133.417, New scanned ratio: ,0.0331707, New Scanned Cells Contribution: ,0,Area ratio: ,0.852148, Area ratio Contribution: ,0,Perim diff: ,1.08011, Perim diff Contribution: ,0,Frontier diff: ,0, Frontier diff Contribution ,0,Inverse Area ratio: ,0.963358, Inv Area Ratio Contribution: ,0,Inverse Perim ratio: ,1.06213, Inv Perim Contribution: ,0, Final Score: ,-134.417
Point: ,169,78,Repeat score:,1, Repeat contribution: ,-1,Dist:,26.0192, Dist contribution: ,-130.096, New scanned ratio: ,0.0347479, New Scanned Cells Contribution: ,0,Area ratio: ,0.851587, Area ratio Contribution: ,0,Perim diff: ,1.08556, Perim diff Contribution: ,0,Frontier diff: ,0, Frontier diff Contribution ,0,Inverse Area ratio: ,0.962887, Inv Area Ratio Contribution: ,0,Inverse Perim ratio: ,1.06591, Inv Perim Contribution: ,0, Final Score: ,-131.096
Point: ,168,79,Repeat score:,1, Repeat contribution: ,-1,Dist:,27.3, Dist contribution: ,-136.5, New scanned ratio: ,0.0370644, New Scanned Cells Contribution: ,0,Area ratio: ,0.847829, Area ratio Contribution: ,0,Perim diff: ,1.08837, Perim diff Contribution: ,0,Frontier diff: ,0, Frontier diff Contribution ,0,Inverse Area ratio: ,0.962212, Inv Area Ratio Contribution: ,0,Inverse Perim ratio: ,1.06834, Inv Perim Contribution: ,0, Final Score: ,-137.5
Point: ,167,78,Repeat score:,1, Repeat contribution: ,-1,Dist:,26.0192, Dist contribution: ,-130.096, New scanned ratio: ,0.0357336, New Scanned Cells Contribution: ,0,Area ratio: ,0.851668, Area ratio Contribution: ,0,Perim diff: ,1.08793, Perim diff Contribution: ,0,Frontier diff: ,0, Frontier diff Contribution ,0,Inverse Area ratio: ,0.962598, Inv Area Ratio Contribution: ,0,Inverse Perim ratio: ,1.06761, Inv Perim Contribution: ,0, Final Score: ,-131.096
Point: ,162,78,Repeat score:,1, Repeat contribution: ,-1,Dist:,26.6833, Dist contribution: ,-133.417, New scanned ratio: ,0.0388388, New Scanned Cells Contribution: ,0,Area ratio: ,0.852467, Area ratio Contribution: ,0,Perim diff: ,1.09673, Perim diff Contribution: ,0,Frontier diff: ,0, Frontier diff Contribution ,0,Inverse Area ratio: ,0.961649, Inv Area Ratio Contribution: ,0,Inverse Perim ratio: ,1.07372, Inv Perim Contribution: ,0, Final Score: ,-134.417
Point: ,156,75,Repeat score:,1, Repeat contribution: ,-1,Dist:,25.1478, Dist contribution: ,-125.739, New scanned ratio: ,0.0390359, New Scanned Cells Contribution: ,0,Area ratio: ,0.865889, Area ratio Contribution: ,0,Perim diff: ,1.09235, Perim diff Contribution: ,0,Frontier diff: ,0, Frontier diff Contribution ,0,Inverse Area ratio: ,0.961621, Inv Area Ratio Contribution: ,0,Inverse Perim ratio: ,1.06976, Inv Perim Contribution: ,0, Final Score: ,-126.739
Point: ,151,70,Repeat score:,1, Repeat contribution: ,-1,Dist:,23.0729, Dist contribution: ,-115.365, New scanned ratio: ,0.0353886, New Scanned Cells Contribution: ,0,Area ratio: ,0.887744, Area ratio Contribution: ,0,Perim diff: ,1.07775, Perim diff Contribution: ,0,Frontier diff: ,0, Frontier diff Contribution ,0,Inverse Area ratio: ,0.962639, Inv Area Ratio Contribution: ,0,Inverse Perim ratio: ,1.0578, Inv Perim Contribution: ,0, Final Score: ,-116.365
Point: ,148,64,Repeat score:,1, Repeat contribution: ,-1,Dist:,21.4672, Dist contribution: ,-107.336, New scanned ratio: ,0.0281926, New Scanned Cells Contribution: ,0,Area ratio: ,0.914627, Area ratio Contribution: ,0,Perim diff: ,1.05976, Perim diff Contribution: ,0,Frontier diff: ,0, Frontier diff Contribution ,0,Inverse Area ratio: ,0.967398, Inv Area Ratio Contribution: ,0,Inverse Perim ratio: ,1.04405, Inv Perim Contribution: ,0, Final Score: ,-108.336
Point: ,148,59,Repeat score:,1, Repeat contribution: ,-1,Dist:,20.0422, Dist contribution: ,-100.211, New scanned ratio: ,0.0201587, New Scanned Cells Contribution: ,0,Area ratio: ,0.93534, Area ratio Contribution: ,0,Perim diff: ,1.05173, Perim diff Contribution: ,0,Frontier diff: ,0, Frontier diff Contribution ,0,Inverse Area ratio: ,0.96976, Inv Area Ratio Contribution: ,0,Inverse Perim ratio: ,1.03757, Inv Perim Contribution: ,0, Final Score: ,-101.211
Point: ,144,59,Repeat score:,1, Repeat contribution: ,-1,Dist:,24.0352, Dist contribution: ,-120.176, New scanned ratio: ,0.0234117, New Scanned Cells Contribution: ,0,Area ratio: ,0.936566, Area ratio Contribution: ,0,Perim diff: ,1.05114, Perim diff Contribution: ,0,Frontier diff: ,0, Frontier diff Contribution ,0,Inverse Area ratio: ,0.968699, Inv Area Ratio Contribution: ,0,Inverse Perim ratio: ,1.03721, Inv Perim Contribution: ,0, Final Score: ,-121.176
Point: ,143,60,Repeat score:,1, Repeat contribution: ,-1,Dist:,25.1348, Dist contribution: ,-125.674, New scanned ratio: ,0.0258268, New Scanned Cells Contribution: ,0,Area ratio: ,0.932652, Area ratio Contribution: ,0,Perim diff: ,1.05483, Perim diff Contribution: ,0,Frontier diff: ,0, Frontier diff Contribution ,0,Inverse Area ratio: ,0.967973, Inv Area Ratio Contribution: ,0,Inverse Perim ratio: ,1.03992, Inv Perim Contribution: ,0, Final Score: ,-126.674
Point: ,142,59,Repeat score:,1, Repeat contribution: ,-1,Dist:,26.0325, Dist contribution: ,-130.162, New scanned ratio: ,0.0249889, New Scanned Cells Contribution: ,0,Area ratio: ,0.937132, Area ratio Contribution: ,0,Perim diff: ,1.0511, Perim diff Contribution: ,0,Frontier diff: ,0, Frontier diff Contribution ,0,Inverse Area ratio: ,0.968248, Inv Area Ratio Contribution: ,0,Inverse Perim ratio: ,1.03721, Inv Perim Contribution: ,0, Final Score: ,-131.162
Point: ,137,59,Repeat score:,1, Repeat contribution: ,-1,Dist:,31.0272, Dist contribution: ,-155.136, New scanned ratio: ,0.0284883, New Scanned Cells Contribution: ,0,Area ratio: ,0.938006, Area ratio Contribution: ,0,Perim diff: ,1.05707, Perim diff Contribution: ,0,Frontier diff: ,0, Frontier diff Contribution ,0,Inverse Area ratio: ,0.967197, Inv Area Ratio Contribution: ,0,Inverse Perim ratio: ,1.0414, Inv Perim Contribution: ,0, Final Score: ,-156.136
Point: ,133,57,Repeat score:,1, Repeat contribution: ,-1,Dist:,35.0241, Dist contribution: ,-175.121, New scanned ratio: ,0.0273547, New Scanned Cells Contribution: ,0,Area ratio: ,0.944293, Area ratio Contribution: ,0,Perim diff: ,1.0574, Perim diff Contribution: ,0,Frontier diff: ,0, Frontier diff Contribution ,0,Inverse Area ratio: ,0.969415, Inv Area Ratio Contribution: ,0,Inverse Perim ratio: ,1.04163, Inv Perim Contribution: ,0, Final Score: ,-176.121
Point: ,130,59,Repeat score:,1, Repeat contribution: ,-1,Dist:,38.0222, Dist contribution: ,-190.111, New scanned ratio: ,0.0323328, New Scanned Cells Contribution: ,0,Area ratio: ,0.938074, Area ratio Contribution: ,0,Perim diff: ,1.06246, Perim diff Contribution: ,0,Frontier diff: ,0, Frontier diff Contribution ,0,Inverse Area ratio: ,0.968665, Inv Area Ratio Contribution: ,0,Inverse Perim ratio: ,1.04519, Inv Perim Contribution: ,0, Final Score: ,-191.111
BEST Point:,148,59, Score: ,-101.211
COUNT COMMAND: 1
Total frontiers: ,103, Prioritised frontiers: ,25
At: ,148,58,
Point: ,182,78,Repeat score:,1, Repeat contribution: ,-1,Dist:,42.8019, Dist contribution: ,-214.009, New scanned ratio: ,0.0322737, New Scanned Cells Contribution: ,0,Area ratio: ,0.870608, Area ratio Contribution: ,0,Perim diff: ,1.07196, Perim diff Contribution: ,0,Frontier diff: ,0, Frontier diff Contribution ,0,Inverse Area ratio: ,0.960585, Inv Area Ratio Contribution: ,0,Inverse Perim ratio: ,1.05653, Inv Perim Contribution: ,0, Final Score: ,-215.009
Point: ,179,76,Repeat score:,1, Repeat contribution: ,-1,Dist:,38.8402, Dist contribution: ,-194.201, New scanned ratio: ,0.0284028, New Scanned Cells Contribution: ,0,Area ratio: ,0.877233, Area ratio Contribution: ,0,Perim diff: ,1.07171, Perim diff Contribution: ,0,Frontier diff: ,0, Frontier diff Contribution ,0,Inverse Area ratio: ,0.961706, Inv Area Ratio Contribution: ,0,Inverse Perim ratio: ,1.05552, Inv Perim Contribution: ,0, Final Score: ,-195.201
Point: ,177,76,Repeat score:,1, Repeat contribution: ,-1,Dist:,37.2634, Dist contribution: ,-186.317, New scanned ratio: ,0.0284028, New Scanned Cells Contribution: ,0,Area ratio: ,0.876497, Area ratio Contribution: ,0,Perim diff: ,1.07168, Perim diff Contribution: ,0,Frontier diff: ,0, Frontier diff Contribution ,0,Inverse Area ratio: ,0.961706, Inv Area Ratio Contribution: ,0,Inverse Perim ratio: ,1.05552, Inv Perim Contribution: ,0, Final Score: ,-187.317
Point: ,174,78,Repeat score:,1, Repeat contribution: ,-1,Dist:,36.7696, Dist contribution: ,-183.848, New scanned ratio: ,0.0322737, New Scanned Cells Contribution: ,0,Area ratio: ,0.867684, Area ratio Contribution: ,0,Perim diff: ,1.07199, Perim diff Contribution: ,0,Frontier diff: ,0, Frontier diff Contribution ,0,Inverse Area ratio: ,0.960599, Inv Area Ratio Contribution: ,0,Inverse Perim ratio: ,1.05664, Inv Perim Contribution: ,0, Final Score: ,-184.848
Point: ,169,78,Repeat score:,1, Repeat contribution: ,-1,Dist:,33.4215, Dist contribution: ,-167.108, New scanned ratio: ,0.0322737, New Scanned Cells Contribution: ,0,Area ratio: ,0.865934, Area ratio Contribution: ,0,Perim diff: ,1.06989, Perim diff Contribution: ,0,Frontier diff: ,0, Frontier diff Contribution ,0,Inverse Area ratio: ,0.960599, Inv Area Ratio Contribution: ,0,Inverse Perim ratio: ,1.05527, Inv Perim Contribution: ,0, Final Score: ,-168.108
Point: ,168,79,Repeat score:,1, Repeat contribution: ,-1,Dist:,33.8421, Dist contribution: ,-169.211, New scanned ratio: ,0.0342091, New Scanned Cells Contribution: ,0,Area ratio: ,0.861816, Area ratio Contribution: ,0,Perim diff: ,1.07166, Perim diff Contribution: ,0,Frontier diff: ,0, Frontier diff Contribution ,0,Inverse Area ratio: ,0.960028, Inv Area Ratio Contribution: ,0,Inverse Perim ratio: ,1.05698, Inv Perim Contribution: ,0, Final Score: ,-170.211
Point: ,167,78,Repeat score:,1, Repeat contribution: ,-1,Dist:,32.2025, Dist contribution: ,-161.012, New scanned ratio: ,0.0322737, New Scanned Cells Contribution: ,0,Area ratio: ,0.86522, Area ratio Contribution: ,0,Perim diff: ,1.06984, Perim diff Contribution: ,0,Frontier diff: ,0, Frontier diff Contribution ,0,Inverse Area ratio: ,0.960599, Inv Area Ratio Contribution: ,0,Inverse Perim ratio: ,1.05527, Inv Perim Contribution: ,0, Final Score: ,-162.012
Point: ,162,78,Repeat score:,1, Repeat contribution: ,-1,Dist:,29.5296, Dist contribution: ,-147.648, New scanned ratio: ,0.0322737, New Scanned Cells Contribution: ,0,Area ratio: ,0.863398, Area ratio Contribution: ,0,Perim diff: ,1.07169, Perim diff Contribution: ,0,Frontier diff: ,0, Frontier diff Contribution ,0,Inverse Area ratio: ,0.960613, Inv Area Ratio Contribution: ,0,Inverse Perim ratio: ,1.05668, Inv Perim Contribution: ,0, Final Score: ,-148.648
Point: ,159,76,Repeat score:,1, Repeat contribution: ,-1,Dist:,25.8565, Dist contribution: ,-129.283, New scanned ratio: ,0.0284028, New Scanned Cells Contribution: ,0,Area ratio: ,0.86926, Area ratio Contribution: ,0,Perim diff: ,1.07147, Perim diff Contribution: ,0,Frontier diff: ,0, Frontier diff Contribution ,0,Inverse Area ratio: ,0.961763, Inv Area Ratio Contribution: ,0,Inverse Perim ratio: ,1.05569, Inv Perim Contribution: ,0, Final Score: ,-130.283
Point: ,157,76,Repeat score:,1, Repeat contribution: ,-1,Dist:,25.0711, Dist contribution: ,-125.355, New scanned ratio: ,0.0284028, New Scanned Cells Contribution: ,0,Area ratio: ,0.868507, Area ratio Contribution: ,0,Perim diff: ,1.0749, Perim diff Contribution: ,0,Frontier diff: ,0, Frontier diff Contribution ,0,Inverse Area ratio: ,0.961713, Inv Area Ratio Contribution: ,0,Inverse Perim ratio: ,1.05825, Inv Perim Contribution: ,0, Final Score: ,-126.355
Point: ,154,78,Repeat score:,1, Repeat contribution: ,-1,Dist:,26.6833, Dist contribution: ,-133.417, New scanned ratio: ,0.032564, New Scanned Cells Contribution: ,0,Area ratio: ,0.860343, Area ratio Contribution: ,0,Perim diff: ,1.07971, Perim diff Contribution: ,0,Frontier diff: ,0, Frontier diff Contribution ,0,Inverse Area ratio: ,0.960493, Inv Area Ratio Contribution: ,0,Inverse Perim ratio: ,1.06234, Inv Perim Contribution: ,0, Final Score: ,-134.417
Point: ,149,78,Repeat score:,1, Repeat contribution: ,-1,Dist:,26.0192, Dist contribution: ,-130.096, New scanned ratio: ,0.0341124, New Scanned Cells Contribution: ,0,Area ratio: ,0.859593, Area ratio Contribution: ,0,Perim diff: ,1.08506, Perim diff Contribution: ,0,Frontier diff: ,0, Frontier diff Contribution ,0,Inverse Area ratio: ,0.960021, Inv Area Ratio Contribution: ,0,Inverse Perim ratio: ,1.06612, Inv Perim Contribution: ,0, Final Score: ,-131.096
Point: ,148,79,Repeat score:,1, Repeat contribution: ,-1,Dist:,27.3, Dist contribution: ,-136.5, New scanned ratio: ,0.0363865, New Scanned Cells Contribution: ,0,Area ratio: ,0.85599, Area ratio Contribution: ,0,Perim diff: ,1.08784, Perim diff Contribution: ,0,Frontier diff: ,0, Frontier diff Contribution ,0,Inverse Area ratio: ,0.959344, Inv Area Ratio Contribution: ,0,Inverse Perim ratio: ,1.06855, Inv Perim Contribution: ,0, Final Score: ,-137.5
Point: ,147,78,Repeat score:,1, Repeat contribution: ,-1,Dist:,26.0192, Dist contribution: ,-130.096, New scanned ratio: ,0.0350801, New Scanned Cells Contribution: ,0,Area ratio: ,0.859596, Area ratio Contribution: ,0,Perim diff: ,1.08739, Perim diff Contribution: ,0,Frontier diff: ,0, Frontier diff Contribution ,0,Inverse Area ratio: ,0.959732, Inv Area Ratio Contribution: ,0,Inverse Perim ratio: ,1.06782, Inv Perim Contribution: ,0, Final Score: ,-131.096
Point: ,142,78,Repeat score:,1, Repeat contribution: ,-1,Dist:,26.6833, Dist contribution: ,-133.417, New scanned ratio: ,0.0381284, New Scanned Cells Contribution: ,0,Area ratio: ,0.860197, Area ratio Contribution: ,0,Perim diff: ,1.09609, Perim diff Contribution: ,0,Frontier diff: ,0, Frontier diff Contribution ,0,Inverse Area ratio: ,0.95878, Inv Area Ratio Contribution: ,0,Inverse Perim ratio: ,1.07393, Inv Perim Contribution: ,0, Final Score: ,-134.417
Point: ,136,75,Repeat score:,1, Repeat contribution: ,-1,Dist:,25.1478, Dist contribution: ,-125.739, New scanned ratio: ,0.0382736, New Scanned Cells Contribution: ,0,Area ratio: ,0.873532, Area ratio Contribution: ,0,Perim diff: ,1.09384, Perim diff Contribution: ,0,Frontier diff: ,0, Frontier diff Contribution ,0,Inverse Area ratio: ,0.958759, Inv Area Ratio Contribution: ,0,Inverse Perim ratio: ,1.0713, Inv Perim Contribution: ,0, Final Score: ,-126.739
Point: ,131,70,Repeat score:,1, Repeat contribution: ,-1,Dist:,23.0729, Dist contribution: ,-115.365, New scanned ratio: ,0.0347898, New Scanned Cells Contribution: ,0,Area ratio: ,0.895507, Area ratio Contribution: ,0,Perim diff: ,1.07883, Perim diff Contribution: ,0,Frontier diff: ,0, Frontier diff Contribution ,0,Inverse Area ratio: ,0.959751, Inv Area Ratio Contribution: ,0,Inverse Perim ratio: ,1.05917, Inv Perim Contribution: ,0, Final Score: ,-116.365
Point: ,128,64,Repeat score:,1, Repeat contribution: ,-1,Dist:,21.4672, Dist contribution: ,-107.336, New scanned ratio: ,0.027677, New Scanned Cells Contribution: ,0,Area ratio: ,0.921986, Area ratio Contribution: ,0,Perim diff: ,1.05934, Perim diff Contribution: ,0,Frontier diff: ,0, Frontier diff Contribution ,0,Inverse Area ratio: ,0.964536, Inv Area Ratio Contribution: ,0,Inverse Perim ratio: ,1.04425, Inv Perim Contribution: ,0, Final Score: ,-108.336
Point: ,128,59,Repeat score:,1, Repeat contribution: ,-1,Dist:,20.0422, Dist contribution: ,-100.211, New scanned ratio: ,0.01979, New Scanned Cells Contribution: ,0,Area ratio: ,0.942987, Area ratio Contribution: ,0,Perim diff: ,1.05125, Perim diff Contribution: ,0,Frontier diff: ,0, Frontier diff Contribution ,0,Inverse Area ratio: ,0.966897, Inv Area Ratio Contribution: ,0,Inverse Perim ratio: ,1.03759, Inv Perim Contribution: ,0, Final Score: ,-101.211
Point: ,125,59,Repeat score:,1, Repeat contribution: ,-1,Dist:,23.0367, Dist contribution: ,-115.184, New scanned ratio: ,0.0222093, New Scanned Cells Contribution: ,0,Area ratio: ,0.943758, Area ratio Contribution: ,0,Perim diff: ,1.05028, Perim diff Contribution: ,0,Frontier diff: ,0, Frontier diff Contribution ,0,Inverse Area ratio: ,0.966067, Inv Area Ratio Contribution: ,0,Inverse Perim ratio: ,1.03698, Inv Perim Contribution: ,0, Final Score: ,-116.184
Point: ,124,60,Repeat score:,1, Repeat contribution: ,-1,Dist:,24.1404, Dist contribution: ,-120.702, New scanned ratio: ,0.0245802, New Scanned Cells Contribution: ,0,Area ratio: ,0.939683, Area ratio Contribution: ,0,Perim diff: ,1.05359, Perim diff Contribution: ,0,Frontier diff: ,0, Frontier diff Contribution ,0,Inverse Area ratio: ,0.96536, Inv Area Ratio Contribution: ,0,Inverse Perim ratio: ,1.03946, Inv Perim Contribution: ,0, Final Score: ,-121.702
Point: ,123,59,Repeat score:,1, Repeat contribution: ,-1,Dist:,25.0338, Dist contribution: ,-125.169, New scanned ratio: ,0.0237577, New Scanned Cells Contribution: ,0,Area ratio: ,0.944293, Area ratio Contribution: ,0,Perim diff: ,1.05069, Perim diff Contribution: ,0,Frontier diff: ,0, Frontier diff Contribution ,0,Inverse Area ratio: ,0.965594, Inv Area Ratio Contribution: ,0,Inverse Perim ratio: ,1.03729, Inv Perim Contribution: ,0, Final Score: ,-126.169
Point: ,118,59,Repeat score:,1, Repeat contribution: ,-1,Dist:,30.0282, Dist contribution: ,-150.141, New scanned ratio: ,0.0273383, New Scanned Cells Contribution: ,0,Area ratio: ,0.945185, Area ratio Contribution: ,0,Perim diff: ,1.05532, Perim diff Contribution: ,0,Frontier diff: ,0, Frontier diff Contribution ,0,Inverse Area ratio: ,0.964526, Inv Area Ratio Contribution: ,0,Inverse Perim ratio: ,1.04059, Inv Perim Contribution: ,0, Final Score: ,-151.141
Point: ,114,57,Repeat score:,1, Repeat contribution: ,-1,Dist:,34.0248, Dist contribution: ,-170.124, New scanned ratio: ,0.0264189, New Scanned Cells Contribution: ,0,Area ratio: ,0.951436, Area ratio Contribution: ,0,Perim diff: ,1.05559, Perim diff Contribution: ,0,Frontier diff: ,0, Frontier diff Contribution ,0,Inverse Area ratio: ,0.966825, Inv Area Ratio Contribution: ,0,Inverse Perim ratio: ,1.04065, Inv Perim Contribution: ,0, Final Score: ,-171.124
Point: ,111,59,Repeat score:,1, Repeat contribution: ,-1,Dist:,37.0228, Dist contribution: ,-185.114, New scanned ratio: ,0.0314027, New Scanned Cells Contribution: ,0,Area ratio: ,0.94552, Area ratio Contribution: ,0,Perim diff: ,1.06041, Perim diff Contribution: ,0,Frontier diff: ,0, Frontier diff Contribution ,0,Inverse Area ratio: ,0.965768, Inv Area Ratio Contribution: ,0,Inverse Perim ratio: ,1.04422, Inv Perim Contribution: ,0, Final Score: ,-186.114
BEST Point:,128,59, Score: ,-101.211
COUNT COMMAND: 1
Total frontiers: ,104, Prioritised frontiers: ,25
At: ,128,58,
Point: ,162,78,Repeat score:,1, Repeat contribution: ,-1,Dist:,42.8019, Dist contribution: ,-214.009, New scanned ratio: ,0.031694, New Scanned Cells Contribution: ,0,Area ratio: ,0.87896, Area ratio Contribution: ,0,Perim diff: ,1.07171, Perim diff Contribution: ,0,Frontier diff: ,0, Frontier diff Contribution ,0,Inverse Area ratio: ,0.957706, Inv Area Ratio Contribution: ,0,Inverse Perim ratio: ,1.05673, Inv Perim Contribution: ,0, Final Score: ,-215.009
Point: ,159,76,Repeat score:,1, Repeat contribution: ,-1,Dist:,38.8402, Dist contribution: ,-194.201, New scanned ratio: ,0.0278926, New Scanned Cells Contribution: ,0,Area ratio: ,0.885072, Area ratio Contribution: ,0,Perim diff: ,1.07141, Perim diff Contribution: ,0,Frontier diff: ,0, Frontier diff Contribution ,0,Inverse Area ratio: ,0.95883, Inv Area Ratio Contribution: ,0,Inverse Perim ratio: ,1.05572, Inv Perim Contribution: ,0, Final Score: ,-195.201
Point: ,157,76,Repeat score:,1, Repeat contribution: ,-1,Dist:,37.2634, Dist contribution: ,-186.317, New scanned ratio: ,0.0278926, New Scanned Cells Contribution: ,0,Area ratio: ,0.884263, Area ratio Contribution: ,0,Perim diff: ,1.07135, Perim diff Contribution: ,0,Frontier diff: ,0, Frontier diff Contribution ,0,Inverse Area ratio: ,0.95883, Inv Area Ratio Contribution: ,0,Inverse Perim ratio: ,1.05572, Inv Perim Contribution: ,0, Final Score: ,-187.317
Point: ,154,78,Repeat score:,1, Repeat contribution: ,-1,Dist:,36.7696, Dist contribution: ,-183.848, New scanned ratio: ,0.031694, New Scanned Cells Contribution: ,0,Area ratio: ,0.875746, Area ratio Contribution: ,0,Perim diff: ,1.07159, Perim diff Contribution: ,0,Frontier diff: ,0, Frontier diff Contribution ,0,Inverse Area ratio: ,0.95772, Inv Area Ratio Contribution: ,0,Inverse Perim ratio: ,1.05683, Inv Perim Contribution: ,0, Final Score: ,-184.848
Point: ,149,78,Repeat score:,1, Repeat contribution: ,-1,Dist:,33.4215, Dist contribution: ,-167.108, New scanned ratio: ,0.031694, New Scanned Cells Contribution: ,0,Area ratio: ,0.873816, Area ratio Contribution: ,0,Perim diff: ,1.0694, Perim diff Contribution: ,0,Frontier diff: ,0, Frontier diff Contribution ,0,Inverse Area ratio: ,0.95772, Inv Area Ratio Contribution: ,0,Inverse Perim ratio: ,1.05547, Inv Perim Contribution: ,0, Final Score: ,-168.108
Point: ,148,79,Repeat score:,1, Repeat contribution: ,-1,Dist:,33.8421, Dist contribution: ,-169.211, New scanned ratio: ,0.0335947, New Scanned Cells Contribution: ,0,Area ratio: ,0.869858, Area ratio Contribution: ,0,Perim diff: ,1.07114, Perim diff Contribution: ,0,Frontier diff: ,0, Frontier diff Contribution ,0,Inverse Area ratio: ,0.957147, Inv Area Ratio Contribution: ,0,Inverse Perim ratio: ,1.05717, Inv Perim Contribution: ,0, Final Score: ,-170.211
Point: ,147,78,Repeat score:,1, Repeat contribution: ,-1,Dist:,32.2025, Dist contribution: ,-161.012, New scanned ratio: ,0.031694, New Scanned Cells Contribution: ,0,Area ratio: ,0.87303, Area ratio Contribution: ,0,Perim diff: ,1.06931, Perim diff Contribution: ,0,Frontier diff: ,0, Frontier diff Contribution ,0,Inverse Area ratio: ,0.95772, Inv Area Ratio Contribution: ,0,Inverse Perim ratio: ,1.05547, Inv Perim Contribution: ,0, Final Score: ,-162.012
Point: ,142,78,Repeat score:,1, Repeat contribution: ,-1,Dist:,29.5296, Dist contribution: ,-147.648, New scanned ratio: ,0.031694, New Scanned Cells Contribution: ,0,Area ratio: ,0.87103, Area ratio Contribution: ,0,Perim diff: ,1.07106, Perim diff Contribution: ,0,Frontier diff: ,0, Frontier diff Contribution ,0,Inverse Area ratio: ,0.957734, Inv Area Ratio Contribution: ,0,Inverse Perim ratio: ,1.05688, Inv Perim Contribution: ,0, Final Score: ,-148.648
Point: ,139,76,Repeat score:,1, Repeat contribution: ,-1,Dist:,25.8565, Dist contribution: ,-129.283, New scanned ratio: ,0.0278926, New Scanned Cells Contribution: ,0,Area ratio: ,0.87692, Area ratio Contribution: ,0,Perim diff: ,1.07083, Perim diff Contribution: ,0,Frontier diff: ,0, Frontier diff Contribution ,0,Inverse Area ratio: ,0.958887, Inv Area Ratio Contribution: ,0,Inverse Perim ratio: ,1.05588, Inv Perim Contribution: ,0, Final Score: ,-130.283
Point: ,137,76,Repeat score:,1, Repeat contribution: ,-1,Dist:,25.0711, Dist contribution: ,-125.355, New scanned ratio: ,0.0278926, New Scanned Cells Contribution: ,0,Area ratio: ,0.876166, Area ratio Contribution: ,0,Perim diff: ,1.07422, Perim diff Contribution: ,0,Frontier diff: ,0, Frontier diff Contribution ,0,Inverse Area ratio: ,0.958837, Inv Area Ratio Contribution: ,0,Inverse Perim ratio: ,1.05845, Inv Perim Contribution: ,0, Final Score: ,-126.355
Point: ,134,78,Repeat score:,1, Repeat contribution: ,-1,Dist:,26.6833, Dist contribution: ,-133.417, New scanned ratio: ,0.0319791, New Scanned Cells Contribution: ,0,Area ratio: ,0.867974, Area ratio Contribution: ,0,Perim diff: ,1.07891, Perim diff Contribution: ,0,Frontier diff: ,0, Frontier diff Contribution ,0,Inverse Area ratio: ,0.957614, Inv Area Ratio Contribution: ,0,Inverse Perim ratio: ,1.06253, Inv Perim Contribution: ,0, Final Score: ,-134.417
Point: ,129,78,Repeat score:,1, Repeat contribution: ,-1,Dist:,26.0192, Dist contribution: ,-130.096, New scanned ratio: ,0.0334996, New Scanned Cells Contribution: ,0,Area ratio: ,0.867214, Area ratio Contribution: ,0,Perim diff: ,1.08414, Perim diff Contribution: ,0,Frontier diff: ,0, Frontier diff Contribution ,0,Inverse Area ratio: ,0.95714, Inv Area Ratio Contribution: ,0,Inverse Perim ratio: ,1.06631, Inv Perim Contribution: ,0, Final Score: ,-131.096
Point: ,128,79,Repeat score:,1, Repeat contribution: ,-1,Dist:,27.3, Dist contribution: ,-136.5, New scanned ratio: ,0.035733, New Scanned Cells Contribution: ,0,Area ratio: ,0.863595, Area ratio Contribution: ,0,Perim diff: ,1.08685, Perim diff Contribution: ,0,Frontier diff: ,0, Frontier diff Contribution ,0,Inverse Area ratio: ,0.956461, Inv Area Ratio Contribution: ,0,Inverse Perim ratio: ,1.06874, Inv Perim Contribution: ,0, Final Score: ,-137.5
Point: ,127,78,Repeat score:,1, Repeat contribution: ,-1,Dist:,26.0192, Dist contribution: ,-130.096, New scanned ratio: ,0.03445, New Scanned Cells Contribution: ,0,Area ratio: ,0.867211, Area ratio Contribution: ,0,Perim diff: ,1.08642, Perim diff Contribution: ,0,Frontier diff: ,0, Frontier diff Contribution ,0,Inverse Area ratio: ,0.95685, Inv Area Ratio Contribution: ,0,Inverse Perim ratio: ,1.06802, Inv Perim Contribution: ,0, Final Score: ,-131.096
Point: ,122,78,Repeat score:,1, Repeat contribution: ,-1,Dist:,26.6833, Dist contribution: ,-133.417, New scanned ratio: ,0.0374436, New Scanned Cells Contribution: ,0,Area ratio: ,0.867789, Area ratio Contribution: ,0,Perim diff: ,1.09498, Perim diff Contribution: ,0,Frontier diff: ,0, Frontier diff Contribution ,0,Inverse Area ratio: ,0.955896, Inv Area Ratio Contribution: ,0,Inverse Perim ratio: ,1.07413, Inv Perim Contribution: ,0, Final Score: ,-134.417
Point: ,116,75,Repeat score:,1, Repeat contribution: ,-1,Dist:,25.1478, Dist contribution: ,-125.739, New scanned ratio: ,0.0375861, New Scanned Cells Contribution: ,0,Area ratio: ,0.881119, Area ratio Contribution: ,0,Perim diff: ,1.09271, Perim diff Contribution: ,0,Frontier diff: ,0, Frontier diff Contribution ,0,Inverse Area ratio: ,0.955875, Inv Area Ratio Contribution: ,0,Inverse Perim ratio: ,1.07149, Inv Perim Contribution: ,0, Final Score: ,-126.739
Point: ,111,70,Repeat score:,1, Repeat contribution: ,-1,Dist:,23.0729, Dist contribution: ,-115.365, New scanned ratio: ,0.0342599, New Scanned Cells Contribution: ,0,Area ratio: ,0.903273, Area ratio Contribution: ,0,Perim diff: ,1.07426, Perim diff Contribution: ,0,Frontier diff: ,0, Frontier diff Contribution ,0,Inverse Area ratio: ,0.956985, Inv Area Ratio Contribution: ,0,Inverse Perim ratio: ,1.05949, Inv Perim Contribution: ,0, Final Score: ,-116.365
Point: ,108,64,Repeat score:,1, Repeat contribution: ,-1,Dist:,21.4672, Dist contribution: ,-107.336, New scanned ratio: ,0.0271799, New Scanned Cells Contribution: ,0,Area ratio: ,0.929219, Area ratio Contribution: ,0,Perim diff: ,1.05843, Perim diff Contribution: ,0,Frontier diff: ,0, Frontier diff Contribution ,0,Inverse Area ratio: ,0.961516, Inv Area Ratio Contribution: ,0,Inverse Perim ratio: ,1.04426, Inv Perim Contribution: ,0, Final Score: ,-108.336
Point: ,108,59,Repeat score:,1, Repeat contribution: ,-1,Dist:,20.0422, Dist contribution: ,-100.211, New scanned ratio: ,0.0194345, New Scanned Cells Contribution: ,0,Area ratio: ,0.950177, Area ratio Contribution: ,0,Perim diff: ,1.05109, Perim diff Contribution: ,0,Frontier diff: ,0, Frontier diff Contribution ,0,Inverse Area ratio: ,0.963897, Inv Area Ratio Contribution: ,0,Inverse Perim ratio: ,1.03793, Inv Perim Contribution: ,0, Final Score: ,-101.211
Point: ,106,59,Repeat score:,1, Repeat contribution: ,-1,Dist:,22.0384, Dist contribution: ,-110.192, New scanned ratio: ,0.0210026, New Scanned Cells Contribution: ,0,Area ratio: ,0.950678, Area ratio Contribution: ,0,Perim diff: ,1.04988, Perim diff Contribution: ,0,Frontier diff: ,0, Frontier diff Contribution ,0,Inverse Area ratio: ,0.963436, Inv Area Ratio Contribution: ,0,Inverse Perim ratio: ,1.03716, Inv Perim Contribution: ,0, Final Score: ,-111.192
Point: ,105,60,Repeat score:,1, Repeat contribution: ,-1,Dist:,23.1465, Dist contribution: ,-115.732, New scanned ratio: ,0.023331, New Scanned Cells Contribution: ,0,Area ratio: ,0.946643, Area ratio Contribution: ,0,Perim diff: ,1.05294, Perim diff Contribution: ,0,Frontier diff: ,0, Frontier diff Contribution ,0,Inverse Area ratio: ,0.962713, Inv Area Ratio Contribution: ,0,Inverse Perim ratio: ,1.03951, Inv Perim Contribution: ,0, Final Score: ,-116.732
Point: ,104,59,Repeat score:,1, Repeat contribution: ,-1,Dist:,24.0352, Dist contribution: ,-120.176, New scanned ratio: ,0.0225707, New Scanned Cells Contribution: ,0,Area ratio: ,0.951179, Area ratio Contribution: ,0,Perim diff: ,1.05043, Perim diff Contribution: ,0,Frontier diff: ,0, Frontier diff Contribution ,0,Inverse Area ratio: ,0.962968, Inv Area Ratio Contribution: ,0,Inverse Perim ratio: ,1.03759, Inv Perim Contribution: ,0, Final Score: ,-121.176
Point: ,99,59,Repeat score:,1, Repeat contribution: ,-1,Dist:,29.0291, Dist contribution: ,-145.146, New scanned ratio: ,0.026182, New Scanned Cells Contribution: ,0,Area ratio: ,0.952224, Area ratio Contribution: ,0,Perim diff: ,1.05516, Perim diff Contribution: ,0,Frontier diff: ,0, Frontier diff Contribution ,0,Inverse Area ratio: ,0.961842, Inv Area Ratio Contribution: ,0,Inverse Perim ratio: ,1.04099, Inv Perim Contribution: ,0, Final Score: ,-146.146
Point: ,95,57,Repeat score:,1, Repeat contribution: ,-1,Dist:,33.0256, Dist contribution: ,-165.128, New scanned ratio: ,0.0254692, New Scanned Cells Contribution: ,0,Area ratio: ,0.95819, Area ratio Contribution: ,0,Perim diff: ,1.05347, Perim diff Contribution: ,0,Frontier diff: ,0, Frontier diff Contribution ,0,Inverse Area ratio: ,0.964084, Inv Area Ratio Contribution: ,0,Inverse Perim ratio: ,1.03949, Inv Perim Contribution: ,0, Final Score: ,-166.128
Point: ,92,59,Repeat score:,1, Repeat contribution: ,-1,Dist:,36.0235, Dist contribution: ,-180.117, New scanned ratio: ,0.0304585, New Scanned Cells Contribution: ,0,Area ratio: ,0.952753, Area ratio Contribution: ,0,Perim diff: ,1.05786, Perim diff Contribution: ,0,Frontier diff: ,0, Frontier diff Contribution ,0,Inverse Area ratio: ,0.962886, Inv Area Ratio Contribution: ,0,Inverse Perim ratio: ,1.04323, Inv Perim Contribution: ,0, Final Score: ,-181.117
BEST Point:,108,59, Score: ,-101.211
COUNT COMMAND: 1
Total frontiers: ,104, Prioritised frontiers: ,24
At: ,108,58,
Point: ,142,78,Repeat score:,1, Repeat contribution: ,-1,Dist:,42.8019, Dist contribution: ,-214.009, New scanned ratio: ,0.0311348, New Scanned Cells Contribution: ,0,Area ratio: ,0.886473, Area ratio Contribution: ,0,Perim diff: ,1.07085, Perim diff Contribution: ,0,Frontier diff: ,0, Frontier diff Contribution ,0,Inverse Area ratio: ,0.954669, Inv Area Ratio Contribution: ,0,Inverse Perim ratio: ,1.05674, Inv Perim Contribution: ,0, Final Score: ,-215.009
Point: ,139,76,Repeat score:,1, Repeat contribution: ,-1,Dist:,38.8402, Dist contribution: ,-194.201, New scanned ratio: ,0.0274005, New Scanned Cells Contribution: ,0,Area ratio: ,0.892609, Area ratio Contribution: ,0,Perim diff: ,1.07053, Perim diff Contribution: ,0,Frontier diff: ,0, Frontier diff Contribution ,0,Inverse Area ratio: ,0.955796, Inv Area Ratio Contribution: ,0,Inverse Perim ratio: ,1.05573, Inv Perim Contribution: ,0, Final Score: ,-195.201
Point: ,137,76,Repeat score:,1, Repeat contribution: ,-1,Dist:,37.2634, Dist contribution: ,-186.317, New scanned ratio: ,0.0274005, New Scanned Cells Contribution: ,0,Area ratio: ,0.8918, Area ratio Contribution: ,0,Perim diff: ,1.07043, Perim diff Contribution: ,0,Frontier diff: ,0, Frontier diff Contribution ,0,Inverse Area ratio: ,0.955796, Inv Area Ratio Contribution: ,0,Inverse Perim ratio: ,1.05573, Inv Perim Contribution: ,0, Final Score: ,-187.317
Point: ,134,78,Repeat score:,1, Repeat contribution: ,-1,Dist:,36.7696, Dist contribution: ,-183.848, New scanned ratio: ,0.0311348, New Scanned Cells Contribution: ,0,Area ratio: ,0.88326, Area ratio Contribution: ,0,Perim diff: ,1.07056, Perim diff Contribution: ,0,Frontier diff: ,0, Frontier diff Contribution ,0,Inverse Area ratio: ,0.954684, Inv Area Ratio Contribution: ,0,Inverse Perim ratio: ,1.05684, Inv Perim Contribution: ,0, Final Score: ,-184.848
Point: ,129,78,Repeat score:,1, Repeat contribution: ,-1,Dist:,33.4215, Dist contribution: ,-167.108, New scanned ratio: ,0.0311348, New Scanned Cells Contribution: ,0,Area ratio: ,0.88133, Area ratio Contribution: ,0,Perim diff: ,1.06825, Perim diff Contribution: ,0,Frontier diff: ,0, Frontier diff Contribution ,0,Inverse Area ratio: ,0.954684, Inv Area Ratio Contribution: ,0,Inverse Perim ratio: ,1.05547, Inv Perim Contribution: ,0, Final Score: ,-168.108
Point: ,128,79,Repeat score:,1, Repeat contribution: ,-1,Dist:,33.8421, Dist contribution: ,-169.211, New scanned ratio: ,0.0330019, New Scanned Cells Contribution: ,0,Area ratio: ,0.877361, Area ratio Contribution: ,0,Perim diff: ,1.06993, Perim diff Contribution: ,0,Frontier diff: ,0, Frontier diff Contribution ,0,Inverse Area ratio: ,0.95411, Inv Area Ratio Contribution: ,0,Inverse Perim ratio: ,1.05718, Inv Perim Contribution: ,0, Final Score: ,-170.211
Point: ,127,78,Repeat score:,1, Repeat contribution: ,-1,Dist:,32.2025, Dist contribution: ,-161.012, New scanned ratio: ,0.0311348, New Scanned Cells Contribution: ,0,Area ratio: ,0.880545, Area ratio Contribution: ,0,Perim diff: ,1.06812, Perim diff Contribution: ,0,Frontier diff: ,0, Frontier diff Contribution ,0,Inverse Area ratio: ,0.954684, Inv Area Ratio Contribution: ,0,Inverse Perim ratio: ,1.05547, Inv Perim Contribution: ,0, Final Score: ,-162.012
Point: ,122,78,Repeat score:,1, Repeat contribution: ,-1,Dist:,29.5296, Dist contribution: ,-147.648, New scanned ratio: ,0.0311348, New Scanned Cells Contribution: ,0,Area ratio: ,0.878546, Area ratio Contribution: ,0,Perim diff: ,1.06973, Perim diff Contribution: ,0,Frontier diff: ,0, Frontier diff Contribution ,0,Inverse Area ratio: ,0.954698, Inv Area Ratio Contribution: ,0,Inverse Perim ratio: ,1.05688, Inv Perim Contribution: ,0, Final Score: ,-148.648
Point: ,119,76,Repeat score:,1, Repeat contribution: ,-1,Dist:,25.8565, Dist contribution: ,-129.283, New scanned ratio: ,0.0274005, New Scanned Cells Contribution: ,0,Area ratio: ,0.884462, Area ratio Contribution: ,0,Perim diff: ,1.06952, Perim diff Contribution: ,0,Frontier diff: ,0, Frontier diff Contribution ,0,Inverse Area ratio: ,0.955853, Inv Area Ratio Contribution: ,0,Inverse Perim ratio: ,1.05589, Inv Perim Contribution: ,0, Final Score: ,-130.283
Point: ,117,76,Repeat score:,1, Repeat contribution: ,-1,Dist:,25.0711, Dist contribution: ,-125.355, New scanned ratio: ,0.0274005, New Scanned Cells Contribution: ,0,Area ratio: ,0.883709, Area ratio Contribution: ,0,Perim diff: ,1.07285, Perim diff Contribution: ,0,Frontier diff: ,0, Frontier diff Contribution ,0,Inverse Area ratio: ,0.955803, Inv Area Ratio Contribution: ,0,Inverse Perim ratio: ,1.05846, Inv Perim Contribution: ,0, Final Score: ,-126.355
Point: ,114,78,Repeat score:,1, Repeat contribution: ,-1,Dist:,26.6833, Dist contribution: ,-133.417, New scanned ratio: ,0.0314148, New Scanned Cells Contribution: ,0,Area ratio: ,0.875491, Area ratio Contribution: ,0,Perim diff: ,1.07734, Perim diff Contribution: ,0,Frontier diff: ,0, Frontier diff Contribution ,0,Inverse Area ratio: ,0.954577, Inv Area Ratio Contribution: ,0,Inverse Perim ratio: ,1.06254, Inv Perim Contribution: ,0, Final Score: ,-134.417
Point: ,109,78,Repeat score:,1, Repeat contribution: ,-1,Dist:,26.0192, Dist contribution: ,-130.096, New scanned ratio: ,0.0329086, New Scanned Cells Contribution: ,0,Area ratio: ,0.874721, Area ratio Contribution: ,0,Perim diff: ,1.0824, Perim diff Contribution: ,0,Frontier diff: ,0, Frontier diff Contribution ,0,Inverse Area ratio: ,0.954102, Inv Area Ratio Contribution: ,0,Inverse Perim ratio: ,1.06632, Inv Perim Contribution: ,0, Final Score: ,-131.096
Point: ,108,79,Repeat score:,1, Repeat contribution: ,-1,Dist:,27.3, Dist contribution: ,-136.5, New scanned ratio: ,0.0351025, New Scanned Cells Contribution: ,0,Area ratio: ,0.871087, Area ratio Contribution: ,0,Perim diff: ,1.08502, Perim diff Contribution: ,0,Frontier diff: ,0, Frontier diff Contribution ,0,Inverse Area ratio: ,0.953422, Inv Area Ratio Contribution: ,0,Inverse Perim ratio: ,1.06875, Inv Perim Contribution: ,0, Final Score: ,-137.5
Point: ,107,78,Repeat score:,1, Repeat contribution: ,-1,Dist:,26.0192, Dist contribution: ,-130.096, New scanned ratio: ,0.0338421, New Scanned Cells Contribution: ,0,Area ratio: ,0.874711, Area ratio Contribution: ,0,Perim diff: ,1.08461, Perim diff Contribution: ,0,Frontier diff: ,0, Frontier diff Contribution ,0,Inverse Area ratio: ,0.953812, Inv Area Ratio Contribution: ,0,Inverse Perim ratio: ,1.06803, Inv Perim Contribution: ,0, Final Score: ,-131.096
Point: ,102,78,Repeat score:,1, Repeat contribution: ,-1,Dist:,26.6833, Dist contribution: ,-133.417, New scanned ratio: ,0.0367829, New Scanned Cells Contribution: ,0,Area ratio: ,0.875268, Area ratio Contribution: ,0,Perim diff: ,1.09296, Perim diff Contribution: ,0,Frontier diff: ,0, Frontier diff Contribution ,0,Inverse Area ratio: ,0.952855, Inv Area Ratio Contribution: ,0,Inverse Perim ratio: ,1.07414, Inv Perim Contribution: ,0, Final Score: ,-134.417
Point: ,96,75,Repeat score:,1, Repeat contribution: ,-1,Dist:,25.1478, Dist contribution: ,-125.739, New scanned ratio: ,0.0369229, New Scanned Cells Contribution: ,0,Area ratio: ,0.88857, Area ratio Contribution: ,0,Perim diff: ,1.09093, Perim diff Contribution: ,0,Frontier diff: ,0, Frontier diff Contribution ,0,Inverse Area ratio: ,0.952841, Inv Area Ratio Contribution: ,0,Inverse Perim ratio: ,1.07167, Inv Perim Contribution: ,0, Final Score: ,-126.739
Point: ,91,70,Repeat score:,1, Repeat contribution: ,-1,Dist:,23.0729, Dist contribution: ,-115.365, New scanned ratio: ,0.0337488, New Scanned Cells Contribution: ,0,Area ratio: ,0.910751, Area ratio Contribution: ,0,Perim diff: ,1.07298, Perim diff Contribution: ,0,Frontier diff: ,0, Frontier diff Contribution ,0,Inverse Area ratio: ,0.956039, Inv Area Ratio Contribution: ,0,Inverse Perim ratio: ,1.05732, Inv Perim Contribution: ,0, Final Score: ,-116.365
Point: ,88,64,Repeat score:,1, Repeat contribution: ,-1,Dist:,21.4672, Dist contribution: ,-107.336, New scanned ratio: ,0.0267003, New Scanned Cells Contribution: ,0,Area ratio: ,0.936265, Area ratio Contribution: ,0,Perim diff: ,1.05759, Perim diff Contribution: ,0,Frontier diff: ,0, Frontier diff Contribution ,0,Inverse Area ratio: ,0.958502, Inv Area Ratio Contribution: ,0,Inverse Perim ratio: ,1.04459, Inv Perim Contribution: ,0, Final Score: ,-108.336
Point: ,88,59,Repeat score:,1, Repeat contribution: ,-1,Dist:,20.0422, Dist contribution: ,-100.211, New scanned ratio: ,0.0190916, New Scanned Cells Contribution: ,0,Area ratio: ,0.957242, Area ratio Contribution: ,0,Perim diff: ,1.04896, Perim diff Contribution: ,0,Frontier diff: ,0, Frontier diff Contribution ,0,Inverse Area ratio: ,0.960889, Inv Area Ratio Contribution: ,0,Inverse Perim ratio: ,1.03715, Inv Perim Contribution: ,0, Final Score: ,-101.211
Point: ,86,60,Repeat score:,1, Repeat contribution: ,-1,Dist:,22.1531, Dist contribution: ,-110.766, New scanned ratio: ,0.0221258, New Scanned Cells Contribution: ,0,Area ratio: ,0.953379, Area ratio Contribution: ,0,Perim diff: ,1.05236, Perim diff Contribution: ,0,Frontier diff: ,0, Frontier diff Contribution ,0,Inverse Area ratio: ,0.959945, Inv Area Ratio Contribution: ,0,Inverse Perim ratio: ,1.0398, Inv Perim Contribution: ,0, Final Score: ,-111.766
Point: ,85,59,Repeat score:,1, Repeat contribution: ,-1,Dist:,23.0367, Dist contribution: ,-115.184, New scanned ratio: ,0.0214256, New Scanned Cells Contribution: ,0,Area ratio: ,0.957998, Area ratio Contribution: ,0,Perim diff: ,1.0491, Perim diff Contribution: ,0,Frontier diff: ,0, Frontier diff Contribution ,0,Inverse Area ratio: ,0.960186, Inv Area Ratio Contribution: ,0,Inverse Perim ratio: ,1.03732, Inv Perim Contribution: ,0, Final Score: ,-116.184
Point: ,80,59,Repeat score:,1, Repeat contribution: ,-1,Dist:,28.0302, Dist contribution: ,-140.151, New scanned ratio: ,0.0250665, New Scanned Cells Contribution: ,0,Area ratio: ,0.959126, Area ratio Contribution: ,0,Perim diff: ,1.05296, Perim diff Contribution: ,0,Frontier diff: ,0, Frontier diff Contribution ,0,Inverse Area ratio: ,0.95902, Inv Area Ratio Contribution: ,0,Inverse Perim ratio: ,1.04021, Inv Perim Contribution: ,0, Final Score: ,-141.151
Point: ,77,57,Repeat score:,1, Repeat contribution: ,-1,Dist:,31.0272, Dist contribution: ,-155.136, New scanned ratio: ,0.0238995, New Scanned Cells Contribution: ,0,Area ratio: ,0.964722, Area ratio Contribution: ,0,Perim diff: ,1.0523, Perim diff Contribution: ,0,Frontier diff: ,0, Frontier diff Contribution ,0,Inverse Area ratio: ,0.959628, Inv Area Ratio Contribution: ,0,Inverse Perim ratio: ,1.03929, Inv Perim Contribution: ,0, Final Score: ,-156.136
Point: ,73,59,Repeat score:,1, Repeat contribution: ,-1,Dist:,35.0241, Dist contribution: ,-175.121, New scanned ratio: ,0.029641, New Scanned Cells Contribution: ,0,Area ratio: ,0.959958, Area ratio Contribution: ,0,Perim diff: ,1.05853, Perim diff Contribution: ,0,Frontier diff: ,0, Frontier diff Contribution ,0,Inverse Area ratio: ,0.958151, Inv Area Ratio Contribution: ,0,Inverse Perim ratio: ,1.04458, Inv Perim Contribution: ,0, Final Score: ,-176.121
BEST Point:,88,59, Score: ,-101.211
COUNT COMMAND: 1
Total frontiers: ,105, Prioritised frontiers: ,26
At: ,88,58,
Point: ,122,78,Repeat score:,1, Repeat contribution: ,-1,Dist:,42.8019, Dist contribution: ,-214.009, New scanned ratio: ,0.0305949, New Scanned Cells Contribution: ,0,Area ratio: ,0.893811, Area ratio Contribution: ,0,Perim diff: ,1.07, Perim diff Contribution: ,0,Frontier diff: ,0, Frontier diff Contribution ,0,Inverse Area ratio: ,0.951639, Inv Area Ratio Contribution: ,0,Inverse Perim ratio: ,1.05707, Inv Perim Contribution: ,0, Final Score: ,-215.009
Point: ,119,76,Repeat score:,1, Repeat contribution: ,-1,Dist:,38.8402, Dist contribution: ,-194.201, New scanned ratio: ,0.0269254, New Scanned Cells Contribution: ,0,Area ratio: ,0.899969, Area ratio Contribution: ,0,Perim diff: ,1.0697, Perim diff Contribution: ,0,Frontier diff: ,0, Frontier diff Contribution ,0,Inverse Area ratio: ,0.952769, Inv Area Ratio Contribution: ,0,Inverse Perim ratio: ,1.05605, Inv Perim Contribution: ,0, Final Score: ,-195.201
Point: ,117,76,Repeat score:,1, Repeat contribution: ,-1,Dist:,37.2634, Dist contribution: ,-186.317, New scanned ratio: ,0.0269254, New Scanned Cells Contribution: ,0,Area ratio: ,0.899161, Area ratio Contribution: ,0,Perim diff: ,1.06955, Perim diff Contribution: ,0,Frontier diff: ,0, Frontier diff Contribution ,0,Inverse Area ratio: ,0.952769, Inv Area Ratio Contribution: ,0,Inverse Perim ratio: ,1.05605, Inv Perim Contribution: ,0, Final Score: ,-187.317
Point: ,114,78,Repeat score:,1, Repeat contribution: ,-1,Dist:,36.7696, Dist contribution: ,-183.848, New scanned ratio: ,0.0305949, New Scanned Cells Contribution: ,0,Area ratio: ,0.890601, Area ratio Contribution: ,0,Perim diff: ,1.06949, Perim diff Contribution: ,0,Frontier diff: ,0, Frontier diff Contribution ,0,Inverse Area ratio: ,0.951654, Inv Area Ratio Contribution: ,0,Inverse Perim ratio: ,1.05717, Inv Perim Contribution: ,0, Final Score: ,-184.848
Point: ,109,78,Repeat score:,1, Repeat contribution: ,-1,Dist:,33.4215, Dist contribution: ,-167.108, New scanned ratio: ,0.0305949, New Scanned Cells Contribution: ,0,Area ratio: ,0.888672, Area ratio Contribution: ,0,Perim diff: ,1.06703, Perim diff Contribution: ,0,Frontier diff: ,0, Frontier diff Contribution ,0,Inverse Area ratio: ,0.951654, Inv Area Ratio Contribution: ,0,Inverse Perim ratio: ,1.0558, Inv Perim Contribution: ,0, Final Score: ,-168.108
Point: ,108,79,Repeat score:,1, Repeat contribution: ,-1,Dist:,33.8421, Dist contribution: ,-169.211, New scanned ratio: ,0.0324297, New Scanned Cells Contribution: ,0,Area ratio: ,0.884691, Area ratio Contribution: ,0,Perim diff: ,1.0686, Perim diff Contribution: ,0,Frontier diff: ,0, Frontier diff Contribution ,0,Inverse Area ratio: ,0.951078, Inv Area Ratio Contribution: ,0,Inverse Perim ratio: ,1.05751, Inv Perim Contribution: ,0, Final Score: ,-170.211
Point: ,107,78,Repeat score:,1, Repeat contribution: ,-1,Dist:,32.2025, Dist contribution: ,-161.012, New scanned ratio: ,0.0305949, New Scanned Cells Contribution: ,0,Area ratio: ,0.887887, Area ratio Contribution: ,0,Perim diff: ,1.06682, Perim diff Contribution: ,0,Frontier diff: ,0, Frontier diff Contribution ,0,Inverse Area ratio: ,0.951654, Inv Area Ratio Contribution: ,0,Inverse Perim ratio: ,1.0558, Inv Perim Contribution: ,0, Final Score: ,-162.012
Point: ,102,78,Repeat score:,1, Repeat contribution: ,-1,Dist:,29.5296, Dist contribution: ,-147.648, New scanned ratio: ,0.0305949, New Scanned Cells Contribution: ,0,Area ratio: ,0.885889, Area ratio Contribution: ,0,Perim diff: ,1.06825, Perim diff Contribution: ,0,Frontier diff: ,0, Frontier diff Contribution ,0,Inverse Area ratio: ,0.951668, Inv Area Ratio Contribution: ,0,Inverse Perim ratio: ,1.05721, Inv Perim Contribution: ,0, Final Score: ,-148.648
Point: ,99,76,Repeat score:,1, Repeat contribution: ,-1,Dist:,25.8565, Dist contribution: ,-129.283, New scanned ratio: ,0.0269254, New Scanned Cells Contribution: ,0,Area ratio: ,0.89183, Area ratio Contribution: ,0,Perim diff: ,1.06807, Perim diff Contribution: ,0,Frontier diff: ,0, Frontier diff Contribution ,0,Inverse Area ratio: ,0.952826, Inv Area Ratio Contribution: ,0,Inverse Perim ratio: ,1.05622, Inv Perim Contribution: ,0, Final Score: ,-130.283
Point: ,97,76,Repeat score:,1, Repeat contribution: ,-1,Dist:,25.0711, Dist contribution: ,-125.355, New scanned ratio: ,0.0269254, New Scanned Cells Contribution: ,0,Area ratio: ,0.891076, Area ratio Contribution: ,0,Perim diff: ,1.07132, Perim diff Contribution: ,0,Frontier diff: ,0, Frontier diff Contribution ,0,Inverse Area ratio: ,0.952776, Inv Area Ratio Contribution: ,0,Inverse Perim ratio: ,1.05879, Inv Perim Contribution: ,0, Final Score: ,-126.355
Point: ,94,78,Repeat score:,1, Repeat contribution: ,-1,Dist:,26.6833, Dist contribution: ,-133.417, New scanned ratio: ,0.0308701, New Scanned Cells Contribution: ,0,Area ratio: ,0.882836, Area ratio Contribution: ,0,Perim diff: ,1.0755, Perim diff Contribution: ,0,Frontier diff: ,0, Frontier diff Contribution ,0,Inverse Area ratio: ,0.951547, Inv Area Ratio Contribution: ,0,Inverse Perim ratio: ,1.06287, Inv Perim Contribution: ,0, Final Score: ,-134.417
Point: ,89,78,Repeat score:,1, Repeat contribution: ,-1,Dist:,26.0192, Dist contribution: ,-130.096, New scanned ratio: ,0.032338, New Scanned Cells Contribution: ,0,Area ratio: ,0.881793, Area ratio Contribution: ,0,Perim diff: ,1.08029, Perim diff Contribution: ,0,Frontier diff: ,0, Frontier diff Contribution ,0,Inverse Area ratio: ,0.951071, Inv Area Ratio Contribution: ,0,Inverse Perim ratio: ,1.06665, Inv Perim Contribution: ,0, Final Score: ,-131.096
Point: ,88,79,Repeat score:,1, Repeat contribution: ,-1,Dist:,27.3, Dist contribution: ,-136.5, New scanned ratio: ,0.0344938, New Scanned Cells Contribution: ,0,Area ratio: ,0.877887, Area ratio Contribution: ,0,Perim diff: ,1.08274, Perim diff Contribution: ,0,Frontier diff: ,0, Frontier diff Contribution ,0,Inverse Area ratio: ,0.950389, Inv Area Ratio Contribution: ,0,Inverse Perim ratio: ,1.06908, Inv Perim Contribution: ,0, Final Score: ,-137.5
Point: ,87,78,Repeat score:,1, Repeat contribution: ,-1,Dist:,26.0192, Dist contribution: ,-130.096, New scanned ratio: ,0.0332554, New Scanned Cells Contribution: ,0,Area ratio: ,0.881601, Area ratio Contribution: ,0,Perim diff: ,1.08237, Perim diff Contribution: ,0,Frontier diff: ,0, Frontier diff Contribution ,0,Inverse Area ratio: ,0.95078, Inv Area Ratio Contribution: ,0,Inverse Perim ratio: ,1.06836, Inv Perim Contribution: ,0, Final Score: ,-131.096
Point: ,82,78,Repeat score:,1, Repeat contribution: ,-1,Dist:,26.6833, Dist contribution: ,-133.417, New scanned ratio: ,0.0361451, New Scanned Cells Contribution: ,0,Area ratio: ,0.8817, Area ratio Contribution: ,0,Perim diff: ,1.09039, Perim diff Contribution: ,0,Frontier diff: ,0, Frontier diff Contribution ,0,Inverse Area ratio: ,0.949821, Inv Area Ratio Contribution: ,0,Inverse Perim ratio: ,1.07447, Inv Perim Contribution: ,0, Final Score: ,-134.417
Point: ,76,75,Repeat score:,1, Repeat contribution: ,-1,Dist:,25.1478, Dist contribution: ,-125.739, New scanned ratio: ,0.0362827, New Scanned Cells Contribution: ,0,Area ratio: ,0.894987, Area ratio Contribution: ,0,Perim diff: ,1.08807, Perim diff Contribution: ,0,Frontier diff: ,0, Frontier diff Contribution ,0,Inverse Area ratio: ,0.949799, Inv Area Ratio Contribution: ,0,Inverse Perim ratio: ,1.07184, Inv Perim Contribution: ,0, Final Score: ,-126.739
Point: ,71,70,Repeat score:,1, Repeat contribution: ,-1,Dist:,23.0729, Dist contribution: ,-115.365, New scanned ratio: ,0.0332554, New Scanned Cells Contribution: ,0,Area ratio: ,0.917761, Area ratio Contribution: ,0,Perim diff: ,1.06997, Perim diff Contribution: ,0,Frontier diff: ,0, Frontier diff Contribution ,0,Inverse Area ratio: ,0.951222, Inv Area Ratio Contribution: ,0,Inverse Perim ratio: ,1.05971, Inv Perim Contribution: ,0, Final Score: ,-116.365
Point: ,68,64,Repeat score:,1, Repeat contribution: ,-1,Dist:,21.4672, Dist contribution: ,-107.336, New scanned ratio: ,0.0266043, New Scanned Cells Contribution: ,0,Area ratio: ,0.943579, Area ratio Contribution: ,0,Perim diff: ,1.05523, Perim diff Contribution: ,0,Frontier diff: ,0, Frontier diff Contribution ,0,Inverse Area ratio: ,0.953573, Inv Area Ratio Contribution: ,0,Inverse Perim ratio: ,1.04438, Inv Perim Contribution: ,0, Final Score: ,-108.336
Point: ,68,59,Repeat score:,1, Repeat contribution: ,-1,Dist:,20.0422, Dist contribution: ,-100.211, New scanned ratio: ,0.0191276, New Scanned Cells Contribution: ,0,Area ratio: ,0.964539, Area ratio Contribution: ,0,Perim diff: ,1.04917, Perim diff Contribution: ,0,Frontier diff: ,0, Frontier diff Contribution ,0,Inverse Area ratio: ,0.955955, Inv Area Ratio Contribution: ,0,Inverse Perim ratio: ,1.03827, Inv Perim Contribution: ,0, Final Score: ,-101.211
Point: ,67,60,Repeat score:,1, Repeat contribution: ,-1,Dist:,21.1603, Dist contribution: ,-105.802, New scanned ratio: ,0.0213752, New Scanned Cells Contribution: ,0,Area ratio: ,0.960469, Area ratio Contribution: ,0,Perim diff: ,1.05164, Perim diff Contribution: ,0,Frontier diff: ,0, Frontier diff Contribution ,0,Inverse Area ratio: ,0.95523, Inv Area Ratio Contribution: ,0,Inverse Perim ratio: ,1.04035, Inv Perim Contribution: ,0, Final Score: ,-106.802
Point: ,66,59,Repeat score:,1, Repeat contribution: ,-1,Dist:,22.0384, Dist contribution: ,-110.192, New scanned ratio: ,0.020733, New Scanned Cells Contribution: ,0,Area ratio: ,0.965082, Area ratio Contribution: ,0,Perim diff: ,1.05122, Perim diff Contribution: ,0,Frontier diff: ,0, Frontier diff Contribution ,0,Inverse Area ratio: ,0.955443, Inv Area Ratio Contribution: ,0,Inverse Perim ratio: ,1.03976, Inv Perim Contribution: ,0, Final Score: ,-111.192
Point: ,61,59,Repeat score:,1, Repeat contribution: ,-1,Dist:,27.0313, Dist contribution: ,-135.156, New scanned ratio: ,0.0246319, New Scanned Cells Contribution: ,0,Area ratio: ,0.966445, Area ratio Contribution: ,0,Perim diff: ,1.05283, Perim diff Contribution: ,0,Frontier diff: ,0, Frontier diff Contribution ,0,Inverse Area ratio: ,0.954206, Inv Area Ratio Contribution: ,0,Inverse Perim ratio: ,1.04128, Inv Perim Contribution: ,0, Final Score: ,-136.156
Point: ,58,57,Repeat score:,1, Repeat contribution: ,-1,Dist:,30.0282, Dist contribution: ,-150.141, New scanned ratio: ,0.0237604, New Scanned Cells Contribution: ,0,Area ratio: ,0.971961, Area ratio Contribution: ,0,Perim diff: ,1.04979, Perim diff Contribution: ,0,Frontier diff: ,0, Frontier diff Contribution ,0,Inverse Area ratio: ,0.954605, Inv Area Ratio Contribution: ,0,Inverse Perim ratio: ,1.04124, Inv Perim Contribution: ,0, Final Score: ,-151.141
Point: ,55,57,Repeat score:,1, Repeat contribution: ,-1,Dist:,33.0256, Dist contribution: ,-165.128, New scanned ratio: ,0.025641, New Scanned Cells Contribution: ,0,Area ratio: ,0.972225, Area ratio Contribution: ,0,Perim diff: ,1.05082, Perim diff Contribution: ,0,Frontier diff: ,0, Frontier diff Contribution ,0,Inverse Area ratio: ,0.956362, Inv Area Ratio Contribution: ,0,Inverse Perim ratio: ,1.03961, Inv Perim Contribution: ,0, Final Score: ,-166.128
Point: ,54,58,Repeat score:,1, Repeat contribution: ,-1,Dist:,34, Dist contribution: ,-170, New scanned ratio: ,0.0278428, New Scanned Cells Contribution: ,0,Area ratio: ,0.971919, Area ratio Contribution: ,0,Perim diff: ,1.05349, Perim diff Contribution: ,0,Frontier diff: ,0, Frontier diff Contribution ,0,Inverse Area ratio: ,0.955663, Inv Area Ratio Contribution: ,0,Inverse Perim ratio: ,1.04226, Inv Perim Contribution: ,0, Final Score: ,-171
Point: ,49,58,Repeat score:,1, Repeat contribution: ,-1,Dist:,39, Dist contribution: ,-195, New scanned ratio: ,0.0297693, New Scanned Cells Contribution: ,0,Area ratio: ,0.970944, Area ratio Contribution: ,0,Perim diff: ,1.05821, Perim diff Contribution: ,0,Frontier diff: ,0, Frontier diff Contribution ,0,Inverse Area ratio: ,0.955036, Inv Area Ratio Contribution: ,0,Inverse Perim ratio: ,1.04595, Inv Perim Contribution: ,0, Final Score: ,-196
BEST Point:,68,59, Score: ,-101.211
COUNT COMMAND: 1
Total frontiers: ,104, Prioritised frontiers: ,26
At: ,68,58,
Point: ,102,78,Repeat score:,1, Repeat contribution: ,-1,Dist:,42.8019, Dist contribution: ,-214.009, New scanned ratio: ,0.0300626, New Scanned Cells Contribution: ,0,Area ratio: ,0.901401, Area ratio Contribution: ,0,Perim diff: ,1.0678, Perim diff Contribution: ,0,Frontier diff: ,0, Frontier diff Contribution ,0,Inverse Area ratio: ,0.946706, Inv Area Ratio Contribution: ,0,Inverse Perim ratio: ,1.05686, Inv Perim Contribution: ,0, Final Score: ,-215.009
Point: ,99,76,Repeat score:,1, Repeat contribution: ,-1,Dist:,38.8402, Dist contribution: ,-194.201, New scanned ratio: ,0.0264569, New Scanned Cells Contribution: ,0,Area ratio: ,0.907583, Area ratio Contribution: ,0,Perim diff: ,1.06752, Perim diff Contribution: ,0,Frontier diff: ,0, Frontier diff Contribution ,0,Inverse Area ratio: ,0.947836, Inv Area Ratio Contribution: ,0,Inverse Perim ratio: ,1.05585, Inv Perim Contribution: ,0, Final Score: ,-195.201
Point: ,97,76,Repeat score:,1, Repeat contribution: ,-1,Dist:,37.2634, Dist contribution: ,-186.317, New scanned ratio: ,0.0264569, New Scanned Cells Contribution: ,0,Area ratio: ,0.906775, Area ratio Contribution: ,0,Perim diff: ,1.06729, Perim diff Contribution: ,0,Frontier diff: ,0, Frontier diff Contribution ,0,Inverse Area ratio: ,0.947836, Inv Area Ratio Contribution: ,0,Inverse Perim ratio: ,1.05585, Inv Perim Contribution: ,0, Final Score: ,-187.317
Point: ,94,78,Repeat score:,1, Repeat contribution: ,-1,Dist:,36.7696, Dist contribution: ,-183.848, New scanned ratio: ,0.0300626, New Scanned Cells Contribution: ,0,Area ratio: ,0.898193, Area ratio Contribution: ,0,Perim diff: ,1.06693, Perim diff Contribution: ,0,Frontier diff: ,0, Frontier diff Contribution ,0,Inverse Area ratio: ,0.94672, Inv Area Ratio Contribution: ,0,Inverse Perim ratio: ,1.05696, Inv Perim Contribution: ,0, Final Score: ,-184.848
Point: ,89,78,Repeat score:,1, Repeat contribution: ,-1,Dist:,33.4215, Dist contribution: ,-167.108, New scanned ratio: ,0.0300626, New Scanned Cells Contribution: ,0,Area ratio: ,0.895996, Area ratio Contribution: ,0,Perim diff: ,1.06422, Perim diff Contribution: ,0,Frontier diff: ,0, Frontier diff Contribution ,0,Inverse Area ratio: ,0.94672, Inv Area Ratio Contribution: ,0,Inverse Perim ratio: ,1.0556, Inv Perim Contribution: ,0, Final Score: ,-168.108
Point: ,88,79,Repeat score:,1, Repeat contribution: ,-1,Dist:,33.8421, Dist contribution: ,-169.211, New scanned ratio: ,0.0318655, New Scanned Cells Contribution: ,0,Area ratio: ,0.891741, Area ratio Contribution: ,0,Perim diff: ,1.06564, Perim diff Contribution: ,0,Frontier diff: ,0, Frontier diff Contribution ,0,Inverse Area ratio: ,0.946145, Inv Area Ratio Contribution: ,0,Inverse Perim ratio: ,1.0573, Inv Perim Contribution: ,0, Final Score: ,-170.211
Point: ,87,78,Repeat score:,1, Repeat contribution: ,-1,Dist:,32.2025, Dist contribution: ,-161.012, New scanned ratio: ,0.0300626, New Scanned Cells Contribution: ,0,Area ratio: ,0.895033, Area ratio Contribution: ,0,Perim diff: ,1.06391, Perim diff Contribution: ,0,Frontier diff: ,0, Frontier diff Contribution ,0,Inverse Area ratio: ,0.94672, Inv Area Ratio Contribution: ,0,Inverse Perim ratio: ,1.0556, Inv Perim Contribution: ,0, Final Score: ,-162.012
Point: ,82,78,Repeat score:,1, Repeat contribution: ,-1,Dist:,29.5296, Dist contribution: ,-147.648, New scanned ratio: ,0.0300626, New Scanned Cells Contribution: ,0,Area ratio: ,0.892596, Area ratio Contribution: ,0,Perim diff: ,1.06502, Perim diff Contribution: ,0,Frontier diff: ,0, Frontier diff Contribution ,0,Inverse Area ratio: ,0.946735, Inv Area Ratio Contribution: ,0,Inverse Perim ratio: ,1.05701, Inv Perim Contribution: ,0, Final Score: ,-148.648
Point: ,79,76,Repeat score:,1, Repeat contribution: ,-1,Dist:,25.8565, Dist contribution: ,-129.283, New scanned ratio: ,0.0264569, New Scanned Cells Contribution: ,0,Area ratio: ,0.898636, Area ratio Contribution: ,0,Perim diff: ,1.06487, Perim diff Contribution: ,0,Frontier diff: ,0, Frontier diff Contribution ,0,Inverse Area ratio: ,0.947893, Inv Area Ratio Contribution: ,0,Inverse Perim ratio: ,1.05601, Inv Perim Contribution: ,0, Final Score: ,-130.283
Point: ,77,76,Repeat score:,1, Repeat contribution: ,-1,Dist:,25.0711, Dist contribution: ,-125.355, New scanned ratio: ,0.0264569, New Scanned Cells Contribution: ,0,Area ratio: ,0.897705, Area ratio Contribution: ,0,Perim diff: ,1.06797, Perim diff Contribution: ,0,Frontier diff: ,0, Frontier diff Contribution ,0,Inverse Area ratio: ,0.947844, Inv Area Ratio Contribution: ,0,Inverse Perim ratio: ,1.05858, Inv Perim Contribution: ,0, Final Score: ,-126.355
Point: ,74,78,Repeat score:,1, Repeat contribution: ,-1,Dist:,26.6833, Dist contribution: ,-133.417, New scanned ratio: ,0.0303331, New Scanned Cells Contribution: ,0,Area ratio: ,0.888845, Area ratio Contribution: ,0,Perim diff: ,1.07164, Perim diff Contribution: ,0,Frontier diff: ,0, Frontier diff Contribution ,0,Inverse Area ratio: ,0.946614, Inv Area Ratio Contribution: ,0,Inverse Perim ratio: ,1.06267, Inv Perim Contribution: ,0, Final Score: ,-134.417
Point: ,69,78,Repeat score:,1, Repeat contribution: ,-1,Dist:,26.0192, Dist contribution: ,-130.096, New scanned ratio: ,0.0317754, New Scanned Cells Contribution: ,0,Area ratio: ,0.887623, Area ratio Contribution: ,0,Perim diff: ,1.07595, Perim diff Contribution: ,0,Frontier diff: ,0, Frontier diff Contribution ,0,Inverse Area ratio: ,0.946137, Inv Area Ratio Contribution: ,0,Inverse Perim ratio: ,1.06645, Inv Perim Contribution: ,0, Final Score: ,-131.096
Point: ,68,79,Repeat score:,1, Repeat contribution: ,-1,Dist:,27.3, Dist contribution: ,-136.5, New scanned ratio: ,0.0338937, New Scanned Cells Contribution: ,0,Area ratio: ,0.883721, Area ratio Contribution: ,0,Perim diff: ,1.07814, Perim diff Contribution: ,0,Frontier diff: ,0, Frontier diff Contribution ,0,Inverse Area ratio: ,0.945455, Inv Area Ratio Contribution: ,0,Inverse Perim ratio: ,1.06888, Inv Perim Contribution: ,0, Final Score: ,-137.5
Point: ,67,78,Repeat score:,1, Repeat contribution: ,-1,Dist:,26.0192, Dist contribution: ,-130.096, New scanned ratio: ,0.0326768, New Scanned Cells Contribution: ,0,Area ratio: ,0.887428, Area ratio Contribution: ,0,Perim diff: ,1.07782, Perim diff Contribution: ,0,Frontier diff: ,0, Frontier diff Contribution ,0,Inverse Area ratio: ,0.945846, Inv Area Ratio Contribution: ,0,Inverse Perim ratio: ,1.06815, Inv Perim Contribution: ,0, Final Score: ,-131.096
Point: ,62,78,Repeat score:,1, Repeat contribution: ,-1,Dist:,26.6833, Dist contribution: ,-133.417, New scanned ratio: ,0.0355163, New Scanned Cells Contribution: ,0,Area ratio: ,0.88751, Area ratio Contribution: ,0,Perim diff: ,1.08522, Perim diff Contribution: ,0,Frontier diff: ,0, Frontier diff Contribution ,0,Inverse Area ratio: ,0.944886, Inv Area Ratio Contribution: ,0,Inverse Perim ratio: ,1.07426, Inv Perim Contribution: ,0, Final Score: ,-134.417
Point: ,56,75,Repeat score:,1, Repeat contribution: ,-1,Dist:,25.1478, Dist contribution: ,-125.739, New scanned ratio: ,0.0357867, New Scanned Cells Contribution: ,0,Area ratio: ,0.900799, Area ratio Contribution: ,0,Perim diff: ,1.0889, Perim diff Contribution: ,0,Frontier diff: ,0, Frontier diff Contribution ,0,Inverse Area ratio: ,0.944794, Inv Area Ratio Contribution: ,0,Inverse Perim ratio: ,1.07615, Inv Perim Contribution: ,0, Final Score: ,-126.739
Point: ,51,70,Repeat score:,1, Repeat contribution: ,-1,Dist:,23.0729, Dist contribution: ,-115.365, New scanned ratio: ,0.0332627, New Scanned Cells Contribution: ,0,Area ratio: ,0.923873, Area ratio Contribution: ,0,Perim diff: ,1.06538, Perim diff Contribution: ,0,Frontier diff: ,0, Frontier diff Contribution ,0,Inverse Area ratio: ,0.948166, Inv Area Ratio Contribution: ,0,Inverse Perim ratio: ,1.05727, Inv Perim Contribution: ,0, Final Score: ,-116.365
Point: ,48,64,Repeat score:,1, Repeat contribution: ,-1,Dist:,21.4672, Dist contribution: ,-107.336, New scanned ratio: ,0.0266372, New Scanned Cells Contribution: ,0,Area ratio: ,0.949541, Area ratio Contribution: ,0,Perim diff: ,1.05239, Perim diff Contribution: ,0,Frontier diff: ,0, Frontier diff Contribution ,0,Inverse Area ratio: ,0.950375, Inv Area Ratio Contribution: ,0,Inverse Perim ratio: ,1.04508, Inv Perim Contribution: ,0, Final Score: ,-108.336
Point: ,48,59,Repeat score:,1, Repeat contribution: ,-1,Dist:,20.0422, Dist contribution: ,-100.211, New scanned ratio: ,0.0192906, New Scanned Cells Contribution: ,0,Area ratio: ,0.971489, Area ratio Contribution: ,0,Perim diff: ,1.0489, Perim diff Contribution: ,0,Frontier diff: ,0, Frontier diff Contribution ,0,Inverse Area ratio: ,0.952755, Inv Area Ratio Contribution: ,0,Inverse Perim ratio: ,1.03992, Inv Perim Contribution: ,0, Final Score: ,-101.211
Point: ,47,58,Repeat score:,1, Repeat contribution: ,-1,Dist:,21, Dist contribution: ,-105, New scanned ratio: ,0.0187497, New Scanned Cells Contribution: ,0,Area ratio: ,0.97638, Area ratio Contribution: ,0,Perim diff: ,1.04582, Perim diff Contribution: ,0,Frontier diff: ,0, Frontier diff Contribution ,0,Inverse Area ratio: ,0.952941, Inv Area Ratio Contribution: ,0,Inverse Perim ratio: ,1.03744, Inv Perim Contribution: ,0, Final Score: ,-106
Point: ,42,58,Repeat score:,1, Repeat contribution: ,-1,Dist:,26, Dist contribution: ,-130, New scanned ratio: ,0.0225357, New Scanned Cells Contribution: ,0,Area ratio: ,0.977022, Area ratio Contribution: ,0,Perim diff: ,1.04873, Perim diff Contribution: ,0,Frontier diff: ,0, Frontier diff Contribution ,0,Inverse Area ratio: ,0.951736, Inv Area Ratio Contribution: ,0,Inverse Perim ratio: ,1.04022, Inv Perim Contribution: ,0, Final Score: ,-131
Point: ,39,56,Repeat score:,1, Repeat contribution: ,-1,Dist:,29.1163, Dist contribution: ,-145.582, New scanned ratio: ,0.0217695, New Scanned Cells Contribution: ,0,Area ratio: ,0.978123, Area ratio Contribution: ,0,Perim diff: ,1.04675, Perim diff Contribution: ,0,Frontier diff: ,0, Frontier diff Contribution ,0,Inverse Area ratio: ,0.952186, Inv Area Ratio Contribution: ,0,Inverse Perim ratio: ,1.03829, Inv Perim Contribution: ,0, Final Score: ,-146.582
Point: ,35,58,Repeat score:,1, Repeat contribution: ,-1,Dist:,33, Dist contribution: ,-165, New scanned ratio: ,0.0275386, New Scanned Cells Contribution: ,0,Area ratio: ,0.977817, Area ratio Contribution: ,0,Perim diff: ,1.04942, Perim diff Contribution: ,0,Frontier diff: ,0, Frontier diff Contribution ,0,Inverse Area ratio: ,0.950653, Inv Area Ratio Contribution: ,0,Inverse Perim ratio: ,1.04205, Inv Perim Contribution: ,0, Final Score: ,-166
Point: ,30,58,Repeat score:,1, Repeat contribution: ,-1,Dist:,38, Dist contribution: ,-190, New scanned ratio: ,0.0298824, New Scanned Cells Contribution: ,0,Area ratio: ,0.976954, Area ratio Contribution: ,0,Perim diff: ,1.0541, Perim diff Contribution: ,0,Frontier diff: ,0, Frontier diff Contribution ,0,Inverse Area ratio: ,0.949883, Inv Area Ratio Contribution: ,0,Inverse Perim ratio: ,1.0469, Inv Perim Contribution: ,0, Final Score: ,-191
Point: ,29,59,Repeat score:,1, Repeat contribution: ,-1,Dist:,39.0217, Dist contribution: ,-195.108, New scanned ratio: ,0.0319556, New Scanned Cells Contribution: ,0,Area ratio: ,0.972193, Area ratio Contribution: ,0,Perim diff: ,1.05649, Perim diff Contribution: ,0,Frontier diff: ,0, Frontier diff Contribution ,0,Inverse Area ratio: ,0.949177, Inv Area Ratio Contribution: ,0,Inverse Perim ratio: ,1.04946, Inv Perim Contribution: ,0, Final Score: ,-196.108
Point: ,28,58,Repeat score:,1, Repeat contribution: ,-1,Dist:,40, Dist contribution: ,-200, New scanned ratio: ,0.030288, New Scanned Cells Contribution: ,0,Area ratio: ,0.97575, Area ratio Contribution: ,0,Perim diff: ,1.06997, Perim diff Contribution: ,0,Frontier diff: ,0, Frontier diff Contribution ,0,Inverse Area ratio: ,0.949626, Inv Area Ratio Contribution: ,0,Inverse Perim ratio: ,1.05836, Inv Perim Contribution: ,0, Final Score: ,-201
BEST Point:,48,59, Score: ,-101.211
COUNT COMMAND: 1
Total frontiers: ,105, Prioritised frontiers: ,27
At: ,48,58,
Point: ,82,78,Repeat score:,1, Repeat contribution: ,-1,Dist:,42.8019, Dist contribution: ,-214.009, New scanned ratio: ,0.0295329, New Scanned Cells Contribution: ,0,Area ratio: ,0.908393, Area ratio Contribution: ,0,Perim diff: ,1.06505, Perim diff Contribution: ,0,Frontier diff: ,0, Frontier diff Contribution ,0,Inverse Area ratio: ,0.943483, Inv Area Ratio Contribution: ,0,Inverse Perim ratio: ,1.05701, Inv Perim Contribution: ,0, Final Score: ,-215.009
Point: ,79,76,Repeat score:,1, Repeat contribution: ,-1,Dist:,38.8402, Dist contribution: ,-194.201, New scanned ratio: ,0.0259907, New Scanned Cells Contribution: ,0,Area ratio: ,0.914678, Area ratio Contribution: ,0,Perim diff: ,1.06481, Perim diff Contribution: ,0,Frontier diff: ,0, Frontier diff Contribution ,0,Inverse Area ratio: ,0.944616, Inv Area Ratio Contribution: ,0,Inverse Perim ratio: ,1.056, Inv Perim Contribution: ,0, Final Score: ,-195.201
Point: ,77,76,Repeat score:,1, Repeat contribution: ,-1,Dist:,37.2634, Dist contribution: ,-186.317, New scanned ratio: ,0.0259907, New Scanned Cells Contribution: ,0,Area ratio: ,0.913689, Area ratio Contribution: ,0,Perim diff: ,1.06444, Perim diff Contribution: ,0,Frontier diff: ,0, Frontier diff Contribution ,0,Inverse Area ratio: ,0.944616, Inv Area Ratio Contribution: ,0,Inverse Perim ratio: ,1.056, Inv Perim Contribution: ,0, Final Score: ,-187.317
Point: ,74,78,Repeat score:,1, Repeat contribution: ,-1,Dist:,36.7696, Dist contribution: ,-183.848, New scanned ratio: ,0.0295329, New Scanned Cells Contribution: ,0,Area ratio: ,0.904476, Area ratio Contribution: ,0,Perim diff: ,1.06359, Perim diff Contribution: ,0,Frontier diff: ,0, Frontier diff Contribution ,0,Inverse Area ratio: ,0.943497, Inv Area Ratio Contribution: ,0,Inverse Perim ratio: ,1.05712, Inv Perim Contribution: ,0, Final Score: ,-184.848
Point: ,69,78,Repeat score:,1, Repeat contribution: ,-1,Dist:,33.4215, Dist contribution: ,-167.108, New scanned ratio: ,0.0295329, New Scanned Cells Contribution: ,0,Area ratio: ,0.902109, Area ratio Contribution: ,0,Perim diff: ,1.06043, Perim diff Contribution: ,0,Frontier diff: ,0, Frontier diff Contribution ,0,Inverse Area ratio: ,0.943497, Inv Area Ratio Contribution: ,0,Inverse Perim ratio: ,1.05575, Inv Perim Contribution: ,0, Final Score: ,-168.108
Point: ,68,79,Repeat score:,1, Repeat contribution: ,-1,Dist:,33.8421, Dist contribution: ,-169.211, New scanned ratio: ,0.031304, New Scanned Cells Contribution: ,0,Area ratio: ,0.89786, Area ratio Contribution: ,0,Perim diff: ,1.06159, Perim diff Contribution: ,0,Frontier diff: ,0, Frontier diff Contribution ,0,Inverse Area ratio: ,0.94292, Inv Area Ratio Contribution: ,0,Inverse Perim ratio: ,1.05746, Inv Perim Contribution: ,0, Final Score: ,-170.211
Point: ,67,78,Repeat score:,1, Repeat contribution: ,-1,Dist:,32.2025, Dist contribution: ,-161.012, New scanned ratio: ,0.0295329, New Scanned Cells Contribution: ,0,Area ratio: ,0.90115, Area ratio Contribution: ,0,Perim diff: ,1.05991, Perim diff Contribution: ,0,Frontier diff: ,0, Frontier diff Contribution ,0,Inverse Area ratio: ,0.943497, Inv Area Ratio Contribution: ,0,Inverse Perim ratio: ,1.05575, Inv Perim Contribution: ,0, Final Score: ,-162.012
Point: ,62,78,Repeat score:,1, Repeat contribution: ,-1,Dist:,29.5296, Dist contribution: ,-147.648, New scanned ratio: ,0.0295329, New Scanned Cells Contribution: ,0,Area ratio: ,0.898722, Area ratio Contribution: ,0,Perim diff: ,1.06044, Perim diff Contribution: ,0,Frontier diff: ,0, Frontier diff Contribution ,0,Inverse Area ratio: ,0.943512, Inv Area Ratio Contribution: ,0,Inverse Perim ratio: ,1.05716, Inv Perim Contribution: ,0, Final Score: ,-148.648
Point: ,59,76,Repeat score:,1, Repeat contribution: ,-1,Dist:,25.8565, Dist contribution: ,-129.283, New scanned ratio: ,0.0259907, New Scanned Cells Contribution: ,0,Area ratio: ,0.904761, Area ratio Contribution: ,0,Perim diff: ,1.06025, Perim diff Contribution: ,0,Frontier diff: ,0, Frontier diff Contribution ,0,Inverse Area ratio: ,0.944673, Inv Area Ratio Contribution: ,0,Inverse Perim ratio: ,1.05617, Inv Perim Contribution: ,0, Final Score: ,-130.283
Point: ,57,76,Repeat score:,1, Repeat contribution: ,-1,Dist:,25.0711, Dist contribution: ,-125.355, New scanned ratio: ,0.0259907, New Scanned Cells Contribution: ,0,Area ratio: ,0.903832, Area ratio Contribution: ,0,Perim diff: ,1.06306, Perim diff Contribution: ,0,Frontier diff: ,0, Frontier diff Contribution ,0,Inverse Area ratio: ,0.944623, Inv Area Ratio Contribution: ,0,Inverse Perim ratio: ,1.05874, Inv Perim Contribution: ,0, Final Score: ,-126.355
Point: ,54,78,Repeat score:,1, Repeat contribution: ,-1,Dist:,26.6833, Dist contribution: ,-133.417, New scanned ratio: ,0.0297985, New Scanned Cells Contribution: ,0,Area ratio: ,0.894985, Area ratio Contribution: ,0,Perim diff: ,1.06587, Perim diff Contribution: ,0,Frontier diff: ,0, Frontier diff Contribution ,0,Inverse Area ratio: ,0.94339, Inv Area Ratio Contribution: ,0,Inverse Perim ratio: ,1.06282, Inv Perim Contribution: ,0, Final Score: ,-134.417
Point: ,49,78,Repeat score:,1, Repeat contribution: ,-1,Dist:,26.0192, Dist contribution: ,-130.096, New scanned ratio: ,0.0312154, New Scanned Cells Contribution: ,0,Area ratio: ,0.893551, Area ratio Contribution: ,0,Perim diff: ,1.06924, Perim diff Contribution: ,0,Frontier diff: ,0, Frontier diff Contribution ,0,Inverse Area ratio: ,0.942913, Inv Area Ratio Contribution: ,0,Inverse Perim ratio: ,1.0666, Inv Perim Contribution: ,0, Final Score: ,-131.096
Point: ,48,79,Repeat score:,1, Repeat contribution: ,-1,Dist:,27.3, Dist contribution: ,-136.5, New scanned ratio: ,0.0332964, New Scanned Cells Contribution: ,0,Area ratio: ,0.889515, Area ratio Contribution: ,0,Perim diff: ,1.07098, Perim diff Contribution: ,0,Frontier diff: ,0, Frontier diff Contribution ,0,Inverse Area ratio: ,0.942229, Inv Area Ratio Contribution: ,0,Inverse Perim ratio: ,1.06903, Inv Perim Contribution: ,0, Final Score: ,-137.5
Point: ,47,78,Repeat score:,1, Repeat contribution: ,-1,Dist:,26.0192, Dist contribution: ,-130.096, New scanned ratio: ,0.032101, New Scanned Cells Contribution: ,0,Area ratio: ,0.893212, Area ratio Contribution: ,0,Perim diff: ,1.07067, Perim diff Contribution: ,0,Frontier diff: ,0, Frontier diff Contribution ,0,Inverse Area ratio: ,0.942621, Inv Area Ratio Contribution: ,0,Inverse Perim ratio: ,1.06831, Inv Perim Contribution: ,0, Final Score: ,-131.096
Point: ,42,78,Repeat score:,1, Repeat contribution: ,-1,Dist:,26.6833, Dist contribution: ,-133.417, New scanned ratio: ,0.0348904, New Scanned Cells Contribution: ,0,Area ratio: ,0.892931, Area ratio Contribution: ,0,Perim diff: ,1.07676, Perim diff Contribution: ,0,Frontier diff: ,0, Frontier diff Contribution ,0,Inverse Area ratio: ,0.941659, Inv Area Ratio Contribution: ,0,Inverse Perim ratio: ,1.07442, Inv Perim Contribution: ,0, Final Score: ,-134.417
Point: ,36,75,Repeat score:,1, Repeat contribution: ,-1,Dist:,25.1478, Dist contribution: ,-125.739, New scanned ratio: ,0.0351561, New Scanned Cells Contribution: ,0,Area ratio: ,0.905913, Area ratio Contribution: ,0,Perim diff: ,1.07891, Perim diff Contribution: ,0,Frontier diff: ,0, Frontier diff Contribution ,0,Inverse Area ratio: ,0.941566, Inv Area Ratio Contribution: ,0,Inverse Perim ratio: ,1.07631, Inv Perim Contribution: ,0, Final Score: ,-126.739
Point: ,31,70,Repeat score:,1, Repeat contribution: ,-1,Dist:,23.0729, Dist contribution: ,-115.365, New scanned ratio: ,0.0328094, New Scanned Cells Contribution: ,0,Area ratio: ,0.928973, Area ratio Contribution: ,0,Perim diff: ,1.05894, Perim diff Contribution: ,0,Frontier diff: ,0, Frontier diff Contribution ,0,Inverse Area ratio: ,0.943001, Inv Area Ratio Contribution: ,0,Inverse Perim ratio: ,1.05965, Inv Perim Contribution: ,0, Final Score: ,-116.365
Point: ,28,64,Repeat score:,1, Repeat contribution: ,-1,Dist:,21.4672, Dist contribution: ,-107.336, New scanned ratio: ,0.0265663, New Scanned Cells Contribution: ,0,Area ratio: ,0.954609, Area ratio Contribution: ,0,Perim diff: ,1.04696, Perim diff Contribution: ,0,Frontier diff: ,0, Frontier diff Contribution ,0,Inverse Area ratio: ,0.945105, Inv Area Ratio Contribution: ,0,Inverse Perim ratio: ,1.04752, Inv Perim Contribution: ,0, Final Score: ,-108.336
Point: ,28,59,Repeat score:,1, Repeat contribution: ,-1,Dist:,20.0422, Dist contribution: ,-100.211, New scanned ratio: ,0.0193934, New Scanned Cells Contribution: ,0,Area ratio: ,0.976933, Area ratio Contribution: ,0,Perim diff: ,1.04346, Perim diff Contribution: ,0,Frontier diff: ,0, Frontier diff Contribution ,0,Inverse Area ratio: ,0.947472, Inv Area Ratio Contribution: ,0,Inverse Perim ratio: ,1.04087, Inv Perim Contribution: ,0, Final Score: ,-101.211
Point: ,27,58,Repeat score:,1, Repeat contribution: ,-1,Dist:,21, Dist contribution: ,-105, New scanned ratio: ,0.0189064, New Scanned Cells Contribution: ,0,Area ratio: ,0.981793, Area ratio Contribution: ,0,Perim diff: ,1.04259, Perim diff Contribution: ,0,Frontier diff: ,0, Frontier diff Contribution ,0,Inverse Area ratio: ,0.947644, Inv Area Ratio Contribution: ,0,Inverse Perim ratio: ,1.03989, Inv Perim Contribution: ,0, Final Score: ,-106
Point: ,23,58,Repeat score:,1, Repeat contribution: ,-1,Dist:,25, Dist contribution: ,-125, New scanned ratio: ,0.0220943, New Scanned Cells Contribution: ,0,Area ratio: ,0.982061, Area ratio Contribution: ,0,Perim diff: ,1.04085, Perim diff Contribution: ,0,Frontier diff: ,0, Frontier diff Contribution ,0,Inverse Area ratio: ,0.946617, Inv Area Ratio Contribution: ,0,Inverse Perim ratio: ,1.04079, Inv Perim Contribution: ,0, Final Score: ,-126
Point: ,20,56,Repeat score:,1, Repeat contribution: ,-1,Dist:,28.1205, Dist contribution: ,-140.602, New scanned ratio: ,0.021563, New Scanned Cells Contribution: ,0,Area ratio: ,0.981946, Area ratio Contribution: ,0,Perim diff: ,1.04094, Perim diff Contribution: ,0,Frontier diff: ,-1, Frontier diff Contribution ,-0,Inverse Area ratio: ,0.95085, Inv Area Ratio Contribution: ,0,Inverse Perim ratio: ,1.03867, Inv Perim Contribution: ,0, Final Score: ,-141.602
Point: ,17,56,Repeat score:,1, Repeat contribution: ,-1,Dist:,31.1088, Dist contribution: ,-155.544, New scanned ratio: ,0.0228913, New Scanned Cells Contribution: ,0,Area ratio: ,0.981333, Area ratio Contribution: ,0,Perim diff: ,1.04045, Perim diff Contribution: ,0,Frontier diff: ,0, Frontier diff Contribution ,0,Inverse Area ratio: ,0.971363, Inv Area Ratio Contribution: ,0,Inverse Perim ratio: ,1.03274, Inv Perim Contribution: ,0, Final Score: ,-156.544
Point: ,16,57,Repeat score:,1, Repeat contribution: ,-1,Dist:,32.0264, Dist contribution: ,-160.132, New scanned ratio: ,0.024441, New Scanned Cells Contribution: ,0,Area ratio: ,0.981001, Area ratio Contribution: ,0,Perim diff: ,1.04098, Perim diff Contribution: ,0,Frontier diff: ,0, Frontier diff Contribution ,0,Inverse Area ratio: ,0.977288, Inv Area Ratio Contribution: ,0,Inverse Perim ratio: ,1.03217, Inv Perim Contribution: ,0, Final Score: ,-161.132
Point: ,11,57,Repeat score:,1, Repeat contribution: ,-1,Dist:,37.0228, Dist contribution: ,-185.114, New scanned ratio: ,0.0235555, New Scanned Cells Contribution: ,0,Area ratio: ,0.978722, Area ratio Contribution: ,0,Perim diff: ,1.04873, Perim diff Contribution: ,0,Frontier diff: ,0, Frontier diff Contribution ,0,Inverse Area ratio: ,0.969053, Inv Area Ratio Contribution: ,0,Inverse Perim ratio: ,1.03527, Inv Perim Contribution: ,0, Final Score: ,-186.114
Point: ,10,58,Repeat score:,1, Repeat contribution: ,-1,Dist:,38, Dist contribution: ,-190, New scanned ratio: ,0.024441, New Scanned Cells Contribution: ,0,Area ratio: ,0.978195, Area ratio Contribution: ,0,Perim diff: ,1.05125, Perim diff Contribution: ,0,Frontier diff: ,0, Frontier diff Contribution ,0,Inverse Area ratio: ,0.967059, Inv Area Ratio Contribution: ,0,Inverse Perim ratio: ,1.03608, Inv Perim Contribution: ,0, Final Score: ,-191
Point: ,9,57,Repeat score:,1, Repeat contribution: ,-1,Dist:,39.0217, Dist contribution: ,-195.108, New scanned ratio: ,0.0226699, New Scanned Cells Contribution: ,0,Area ratio: ,0.977503, Area ratio Contribution: ,0,Perim diff: ,1.05197, Perim diff Contribution: ,0,Frontier diff: ,0, Frontier diff Contribution ,0,Inverse Area ratio: ,0.965312, Inv Area Ratio Contribution: ,0,Inverse Perim ratio: ,1.03638, Inv Perim Contribution: ,0, Final Score: ,-196.108
BEST Point:,28,59, Score: ,-101.211
COUNT COMMAND: 1
Total frontiers: ,106, Prioritised frontiers: ,23
At: ,28,58,
Point: ,0,55,Repeat score:,1, Repeat contribution: ,-1,Dist:,28.2703, Dist contribution: ,-141.352, New scanned ratio: ,0.00800244, New Scanned Cells Contribution: ,0,Area ratio: ,0.981113, Area ratio Contribution: ,0,Perim diff: ,1.04082, Perim diff Contribution: ,0,Frontier diff: ,0, Frontier diff Contribution ,0,Inverse Area ratio: ,0.981189, Inv Area Ratio Contribution: ,0,Inverse Perim ratio: ,1.02936, Inv Perim Contribution: ,0, Final Score: ,-142.352
Point: ,62,78,Repeat score:,1, Repeat contribution: ,-1,Dist:,42.8019, Dist contribution: ,-214.009, New scanned ratio: ,0.0290088, New Scanned Cells Contribution: ,0,Area ratio: ,0.90804, Area ratio Contribution: ,0,Perim diff: ,1.06227, Perim diff Contribution: ,0,Frontier diff: ,0, Frontier diff Contribution ,0,Inverse Area ratio: ,0.938195, Inv Area Ratio Contribution: ,0,Inverse Perim ratio: ,1.05946, Inv Perim Contribution: ,0, Final Score: ,-215.009
Point: ,59,76,Repeat score:,1, Repeat contribution: ,-1,Dist:,38.8402, Dist contribution: ,-194.201, New scanned ratio: ,0.0255295, New Scanned Cells Contribution: ,0,Area ratio: ,0.914713, Area ratio Contribution: ,0,Perim diff: ,1.062, Perim diff Contribution: ,0,Frontier diff: ,0, Frontier diff Contribution ,0,Inverse Area ratio: ,0.939329, Inv Area Ratio Contribution: ,0,Inverse Perim ratio: ,1.05845, Inv Perim Contribution: ,0, Final Score: ,-195.201
Point: ,57,76,Repeat score:,1, Repeat contribution: ,-1,Dist:,37.2634, Dist contribution: ,-186.317, New scanned ratio: ,0.0255295, New Scanned Cells Contribution: ,0,Area ratio: ,0.914461, Area ratio Contribution: ,0,Perim diff: ,1.0616, Perim diff Contribution: ,0,Frontier diff: ,0, Frontier diff Contribution ,0,Inverse Area ratio: ,0.939329, Inv Area Ratio Contribution: ,0,Inverse Perim ratio: ,1.05845, Inv Perim Contribution: ,0, Final Score: ,-187.317
Point: ,54,78,Repeat score:,1, Repeat contribution: ,-1,Dist:,36.7696, Dist contribution: ,-183.848, New scanned ratio: ,0.0290088, New Scanned Cells Contribution: ,0,Area ratio: ,0.907011, Area ratio Contribution: ,0,Perim diff: ,1.06053, Perim diff Contribution: ,0,Frontier diff: ,0, Frontier diff Contribution ,0,Inverse Area ratio: ,0.938209, Inv Area Ratio Contribution: ,0,Inverse Perim ratio: ,1.05956, Inv Perim Contribution: ,0, Final Score: ,-184.848
Point: ,49,78,Repeat score:,1, Repeat contribution: ,-1,Dist:,33.4215, Dist contribution: ,-167.108, New scanned ratio: ,0.0290088, New Scanned Cells Contribution: ,0,Area ratio: ,0.906432, Area ratio Contribution: ,0,Perim diff: ,1.0569, Perim diff Contribution: ,0,Frontier diff: ,0, Frontier diff Contribution ,0,Inverse Area ratio: ,0.938209, Inv Area Ratio Contribution: ,0,Inverse Perim ratio: ,1.0582, Inv Perim Contribution: ,0, Final Score: ,-168.108
Point: ,48,79,Repeat score:,1, Repeat contribution: ,-1,Dist:,33.8421, Dist contribution: ,-169.211, New scanned ratio: ,0.0307485, New Scanned Cells Contribution: ,0,Area ratio: ,0.902699, Area ratio Contribution: ,0,Perim diff: ,1.05774, Perim diff Contribution: ,0,Frontier diff: ,0, Frontier diff Contribution ,0,Inverse Area ratio: ,0.937631, Inv Area Ratio Contribution: ,0,Inverse Perim ratio: ,1.0599, Inv Perim Contribution: ,0, Final Score: ,-170.211
Point: ,47,78,Repeat score:,1, Repeat contribution: ,-1,Dist:,32.2025, Dist contribution: ,-161.012, New scanned ratio: ,0.0290088, New Scanned Cells Contribution: ,0,Area ratio: ,0.906045, Area ratio Contribution: ,0,Perim diff: ,1.05608, Perim diff Contribution: ,0,Frontier diff: ,0, Frontier diff Contribution ,0,Inverse Area ratio: ,0.938209, Inv Area Ratio Contribution: ,0,Inverse Perim ratio: ,1.0582, Inv Perim Contribution: ,0, Final Score: ,-162.012
Point: ,42,78,Repeat score:,1, Repeat contribution: ,-1,Dist:,29.5296, Dist contribution: ,-147.648, New scanned ratio: ,0.0290088, New Scanned Cells Contribution: ,0,Area ratio: ,0.904405, Area ratio Contribution: ,0,Perim diff: ,1.05548, Perim diff Contribution: ,0,Frontier diff: ,0, Frontier diff Contribution ,0,Inverse Area ratio: ,0.938223, Inv Area Ratio Contribution: ,0,Inverse Perim ratio: ,1.05961, Inv Perim Contribution: ,0, Final Score: ,-148.648
Point: ,39,76,Repeat score:,1, Repeat contribution: ,-1,Dist:,25.8565, Dist contribution: ,-129.283, New scanned ratio: ,0.0255295, New Scanned Cells Contribution: ,0,Area ratio: ,0.910362, Area ratio Contribution: ,0,Perim diff: ,1.05493, Perim diff Contribution: ,0,Frontier diff: ,0, Frontier diff Contribution ,0,Inverse Area ratio: ,0.939386, Inv Area Ratio Contribution: ,0,Inverse Perim ratio: ,1.05861, Inv Perim Contribution: ,0, Final Score: ,-130.283
Point: ,37,76,Repeat score:,1, Repeat contribution: ,-1,Dist:,25.0711, Dist contribution: ,-125.355, New scanned ratio: ,0.0255295, New Scanned Cells Contribution: ,0,Area ratio: ,0.909296, Area ratio Contribution: ,0,Perim diff: ,1.05708, Perim diff Contribution: ,0,Frontier diff: ,0, Frontier diff Contribution ,0,Inverse Area ratio: ,0.939336, Inv Area Ratio Contribution: ,0,Inverse Perim ratio: ,1.06118, Inv Perim Contribution: ,0, Final Score: ,-126.355
Point: ,34,78,Repeat score:,1, Repeat contribution: ,-1,Dist:,26.6833, Dist contribution: ,-133.417, New scanned ratio: ,0.0292698, New Scanned Cells Contribution: ,0,Area ratio: ,0.900129, Area ratio Contribution: ,0,Perim diff: ,1.05823, Perim diff Contribution: ,0,Frontier diff: ,0, Frontier diff Contribution ,0,Inverse Area ratio: ,0.938102, Inv Area Ratio Contribution: ,0,Inverse Perim ratio: ,1.06527, Inv Perim Contribution: ,0, Final Score: ,-134.417
Point: ,29,78,Repeat score:,1, Repeat contribution: ,-1,Dist:,26.0192, Dist contribution: ,-130.096, New scanned ratio: ,0.0306615, New Scanned Cells Contribution: ,0,Area ratio: ,0.89804, Area ratio Contribution: ,0,Perim diff: ,1.05934, Perim diff Contribution: ,0,Frontier diff: ,0, Frontier diff Contribution ,0,Inverse Area ratio: ,0.937624, Inv Area Ratio Contribution: ,0,Inverse Perim ratio: ,1.06904, Inv Perim Contribution: ,0, Final Score: ,-131.096
Point: ,28,79,Repeat score:,1, Repeat contribution: ,-1,Dist:,27.3, Dist contribution: ,-136.5, New scanned ratio: ,0.0327056, New Scanned Cells Contribution: ,0,Area ratio: ,0.893872, Area ratio Contribution: ,0,Perim diff: ,1.06028, Perim diff Contribution: ,0,Frontier diff: ,0, Frontier diff Contribution ,0,Inverse Area ratio: ,0.93694, Inv Area Ratio Contribution: ,0,Inverse Perim ratio: ,1.07148, Inv Perim Contribution: ,0, Final Score: ,-137.5
Point: ,27,78,Repeat score:,1, Repeat contribution: ,-1,Dist:,26.0192, Dist contribution: ,-130.096, New scanned ratio: ,0.0315313, New Scanned Cells Contribution: ,0,Area ratio: ,0.897493, Area ratio Contribution: ,0,Perim diff: ,1.0597, Perim diff Contribution: ,0,Frontier diff: ,0, Frontier diff Contribution ,0,Inverse Area ratio: ,0.937332, Inv Area Ratio Contribution: ,0,Inverse Perim ratio: ,1.07075, Inv Perim Contribution: ,0, Final Score: ,-131.096
Point: ,22,78,Repeat score:,1, Repeat contribution: ,-1,Dist:,26.6833, Dist contribution: ,-133.417, New scanned ratio: ,0.0342713, New Scanned Cells Contribution: ,0,Area ratio: ,0.896482, Area ratio Contribution: ,0,Perim diff: ,1.06262, Perim diff Contribution: ,0,Frontier diff: ,0, Frontier diff Contribution ,0,Inverse Area ratio: ,0.936369, Inv Area Ratio Contribution: ,0,Inverse Perim ratio: ,1.07686, Inv Perim Contribution: ,0, Final Score: ,-134.417
Point: ,16,75,Repeat score:,1, Repeat contribution: ,-1,Dist:,25.1478, Dist contribution: ,-125.739, New scanned ratio: ,0.0323142, New Scanned Cells Contribution: ,0,Area ratio: ,0.908721, Area ratio Contribution: ,0,Perim diff: ,1.06184, Perim diff Contribution: ,0,Frontier diff: ,-1, Frontier diff Contribution ,-0,Inverse Area ratio: ,0.984777, Inv Area Ratio Contribution: ,0,Inverse Perim ratio: ,1.03737, Inv Perim Contribution: ,0, Final Score: ,-126.739
Point: ,11,70,Repeat score:,1, Repeat contribution: ,-1,Dist:,23.0729, Dist contribution: ,-115.365, New scanned ratio: ,0.0242683, New Scanned Cells Contribution: ,0,Area ratio: ,0.928961, Area ratio Contribution: ,0,Perim diff: ,1.04275, Perim diff Contribution: ,0,Frontier diff: ,0, Frontier diff Contribution ,0,Inverse Area ratio: ,0.987863, Inv Area Ratio Contribution: ,0,Inverse Perim ratio: ,1.03171, Inv Perim Contribution: ,0, Final Score: ,-116.365
Point: ,8,64,Repeat score:,1, Repeat contribution: ,-1,Dist:,21.4672, Dist contribution: ,-107.336, New scanned ratio: ,0.0163963, New Scanned Cells Contribution: ,0,Area ratio: ,0.953832, Area ratio Contribution: ,0,Perim diff: ,1.03989, Perim diff Contribution: ,0,Frontier diff: ,0, Frontier diff Contribution ,0,Inverse Area ratio: ,0.989315, Inv Area Ratio Contribution: ,0,Inverse Perim ratio: ,1.02955, Inv Perim Contribution: ,0, Final Score: ,-108.336
Point: ,8,59,Repeat score:,1, Repeat contribution: ,-1,Dist:,20.0422, Dist contribution: ,-100.211, New scanned ratio: ,0.0116992, New Scanned Cells Contribution: ,0,Area ratio: ,0.977367, Area ratio Contribution: ,0,Perim diff: ,1.03956, Perim diff Contribution: ,0,Frontier diff: ,0, Frontier diff Contribution ,0,Inverse Area ratio: ,0.989191, Inv Area Ratio Contribution: ,0,Inverse Perim ratio: ,1.02949, Inv Perim Contribution: ,0, Final Score: ,-101.211
Point: ,7,58,Repeat score:,1, Repeat contribution: ,-1,Dist:,21, Dist contribution: ,-105, New scanned ratio: ,0.0108294, New Scanned Cells Contribution: ,0,Area ratio: ,0.982239, Area ratio Contribution: ,0,Perim diff: ,1.0393, Perim diff Contribution: ,0,Frontier diff: ,0, Frontier diff Contribution ,0,Inverse Area ratio: ,0.989283, Inv Area Ratio Contribution: ,0,Inverse Perim ratio: ,1.02949, Inv Perim Contribution: ,0, Final Score: ,-106
Point: ,8,57,Repeat score:,1, Repeat contribution: ,-1,Dist:,20.0422, Dist contribution: ,-100.211, New scanned ratio: ,0.01009, New Scanned Cells Contribution: ,0,Area ratio: ,0.982374, Area ratio Contribution: ,0,Perim diff: ,1.03963, Perim diff Contribution: ,0,Frontier diff: ,0, Frontier diff Contribution ,0,Inverse Area ratio: ,0.987215, Inv Area Ratio Contribution: ,0,Inverse Perim ratio: ,1.02951, Inv Perim Contribution: ,0, Final Score: ,-101.211
Point: ,4,57,Repeat score:,1, Repeat contribution: ,-1,Dist:,24.0352, Dist contribution: ,-120.176, New scanned ratio: ,0.00978559, New Scanned Cells Contribution: ,0,Area ratio: ,0.981777, Area ratio Contribution: ,0,Perim diff: ,1.04015, Perim diff Contribution: ,0,Frontier diff: ,0, Frontier diff Contribution ,0,Inverse Area ratio: ,0.98522, Inv Area Ratio Contribution: ,0,Inverse Perim ratio: ,1.02949, Inv Perim Contribution: ,0, Final Score: ,-121.176
BEST Point:,8,59, Score: ,-101.211
COUNT COMMAND: 1
Total frontiers: ,106, Prioritised frontiers: ,16
At: ,8,58,
Point: ,42,78,Repeat score:,1, Repeat contribution: ,-1,Dist:,42.8019, Dist contribution: ,-214.009, New scanned ratio: ,0.0286968, New Scanned Cells Contribution: ,0,Area ratio: ,0.902914, Area ratio Contribution: ,0,Perim diff: ,1.05823, Perim diff Contribution: ,0,Frontier diff: ,0, Frontier diff Contribution ,0,Inverse Area ratio: ,0.979104, Inv Area Ratio Contribution: ,0,Inverse Perim ratio: ,1.04931, Inv Perim Contribution: ,0, Final Score: ,-215.009
Point: ,39,76,Repeat score:,1, Repeat contribution: ,-1,Dist:,38.8402, Dist contribution: ,-194.201, New scanned ratio: ,0.0252549, New Scanned Cells Contribution: ,0,Area ratio: ,0.910096, Area ratio Contribution: ,0,Perim diff: ,1.05794, Perim diff Contribution: ,0,Frontier diff: ,0, Frontier diff Contribution ,0,Inverse Area ratio: ,0.980313, Inv Area Ratio Contribution: ,0,Inverse Perim ratio: ,1.04828, Inv Perim Contribution: ,0, Final Score: ,-195.201
Point: ,37,76,Repeat score:,1, Repeat contribution: ,-1,Dist:,37.2634, Dist contribution: ,-186.317, New scanned ratio: ,0.0252549, New Scanned Cells Contribution: ,0,Area ratio: ,0.90992, Area ratio Contribution: ,0,Perim diff: ,1.05753, Perim diff Contribution: ,0,Frontier diff: ,0, Frontier diff Contribution ,0,Inverse Area ratio: ,0.981193, Inv Area Ratio Contribution: ,0,Inverse Perim ratio: ,1.0483, Inv Perim Contribution: ,0, Final Score: ,-187.317
Point: ,34,78,Repeat score:,1, Repeat contribution: ,-1,Dist:,36.7696, Dist contribution: ,-183.848, New scanned ratio: ,0.0286968, New Scanned Cells Contribution: ,0,Area ratio: ,0.902183, Area ratio Contribution: ,0,Perim diff: ,1.0564, Perim diff Contribution: ,0,Frontier diff: ,0, Frontier diff Contribution ,0,Inverse Area ratio: ,0.979997, Inv Area Ratio Contribution: ,0,Inverse Perim ratio: ,1.04944, Inv Perim Contribution: ,0, Final Score: ,-184.848
Point: ,29,78,Repeat score:,1, Repeat contribution: ,-1,Dist:,33.4215, Dist contribution: ,-167.108, New scanned ratio: ,0.0286968, New Scanned Cells Contribution: ,0,Area ratio: ,0.90172, Area ratio Contribution: ,0,Perim diff: ,1.05263, Perim diff Contribution: ,0,Frontier diff: ,0, Frontier diff Contribution ,0,Inverse Area ratio: ,0.979997, Inv Area Ratio Contribution: ,0,Inverse Perim ratio: ,1.04804, Inv Perim Contribution: ,0, Final Score: ,-168.108
Point: ,28,79,Repeat score:,1, Repeat contribution: ,-1,Dist:,33.8421, Dist contribution: ,-169.211, New scanned ratio: ,0.0304178, New Scanned Cells Contribution: ,0,Area ratio: ,0.897831, Area ratio Contribution: ,0,Perim diff: ,1.05333, Perim diff Contribution: ,0,Frontier diff: ,0, Frontier diff Contribution ,0,Inverse Area ratio: ,0.979392, Inv Area Ratio Contribution: ,0,Inverse Perim ratio: ,1.04978, Inv Perim Contribution: ,0, Final Score: ,-170.211
Point: ,27,78,Repeat score:,1, Repeat contribution: ,-1,Dist:,32.2025, Dist contribution: ,-161.012, New scanned ratio: ,0.0286968, New Scanned Cells Contribution: ,0,Area ratio: ,0.90141, Area ratio Contribution: ,0,Perim diff: ,1.05167, Perim diff Contribution: ,0,Frontier diff: ,0, Frontier diff Contribution ,0,Inverse Area ratio: ,0.979997, Inv Area Ratio Contribution: ,0,Inverse Perim ratio: ,1.04804, Inv Perim Contribution: ,0, Final Score: ,-162.012
Point: ,22,78,Repeat score:,1, Repeat contribution: ,-1,Dist:,29.5296, Dist contribution: ,-147.648, New scanned ratio: ,0.0286968, New Scanned Cells Contribution: ,0,Area ratio: ,0.900492, Area ratio Contribution: ,0,Perim diff: ,1.0504, Perim diff Contribution: ,0,Frontier diff: ,0, Frontier diff Contribution ,0,Inverse Area ratio: ,0.979997, Inv Area Ratio Contribution: ,0,Inverse Perim ratio: ,1.04956, Inv Perim Contribution: ,0, Final Score: ,-148.648
Point: ,19,76,Repeat score:,1, Repeat contribution: ,-1,Dist:,25.8565, Dist contribution: ,-129.283, New scanned ratio: ,0.0252119, New Scanned Cells Contribution: ,0,Area ratio: ,0.907269, Area ratio Contribution: ,0,Perim diff: ,1.04919, Perim diff Contribution: ,0,Frontier diff: ,0, Frontier diff Contribution ,0,Inverse Area ratio: ,0.983319, Inv Area Ratio Contribution: ,0,Inverse Perim ratio: ,1.04306, Inv Perim Contribution: ,0, Final Score: ,-130.283
Point: ,17,76,Repeat score:,1, Repeat contribution: ,-1,Dist:,25.0711, Dist contribution: ,-125.355, New scanned ratio: ,0.0245235, New Scanned Cells Contribution: ,0,Area ratio: ,0.906436, Area ratio Contribution: ,0,Perim diff: ,1.04972, Perim diff Contribution: ,0,Frontier diff: ,0, Frontier diff Contribution ,0,Inverse Area ratio: ,0.983957, Inv Area Ratio Contribution: ,0,Inverse Perim ratio: ,1.0403, Inv Perim Contribution: ,0, Final Score: ,-126.355
Point: ,14,78,Repeat score:,1, Repeat contribution: ,-1,Dist:,26.6833, Dist contribution: ,-133.417, New scanned ratio: ,0.0259863, New Scanned Cells Contribution: ,0,Area ratio: ,0.897268, Area ratio Contribution: ,0,Perim diff: ,1.05077, Perim diff Contribution: ,0,Frontier diff: ,0, Frontier diff Contribution ,0,Inverse Area ratio: ,0.985066, Inv Area Ratio Contribution: ,0,Inverse Perim ratio: ,1.03734, Inv Perim Contribution: ,0, Final Score: ,-134.417
Point: ,9,78,Repeat score:,1, Repeat contribution: ,-1,Dist:,26.0192, Dist contribution: ,-130.096, New scanned ratio: ,0.0224154, New Scanned Cells Contribution: ,0,Area ratio: ,0.895164, Area ratio Contribution: ,0,Perim diff: ,1.05012, Perim diff Contribution: ,0,Frontier diff: ,0, Frontier diff Contribution ,0,Inverse Area ratio: ,0.986682, Inv Area Ratio Contribution: ,0,Inverse Perim ratio: ,1.03455, Inv Perim Contribution: ,0, Final Score: ,-131.096
Point: ,8,79,Repeat score:,1, Repeat contribution: ,-1,Dist:,27.3, Dist contribution: ,-136.5, New scanned ratio: ,0.0228886, New Scanned Cells Contribution: ,0,Area ratio: ,0.890755, Area ratio Contribution: ,0,Perim diff: ,1.05093, Perim diff Contribution: ,0,Frontier diff: ,0, Frontier diff Contribution ,0,Inverse Area ratio: ,0.986806, Inv Area Ratio Contribution: ,0,Inverse Perim ratio: ,1.03384, Inv Perim Contribution: ,0, Final Score: ,-137.5
Point: ,7,78,Repeat score:,1, Repeat contribution: ,-1,Dist:,26.0192, Dist contribution: ,-130.096, New scanned ratio: ,0.0208665, New Scanned Cells Contribution: ,0,Area ratio: ,0.894332, Area ratio Contribution: ,0,Perim diff: ,1.04979, Perim diff Contribution: ,0,Frontier diff: ,0, Frontier diff Contribution ,0,Inverse Area ratio: ,0.987238, Inv Area Ratio Contribution: ,0,Inverse Perim ratio: ,1.03356, Inv Perim Contribution: ,0, Final Score: ,-131.096
Point: ,2,78,Repeat score:,1, Repeat contribution: ,-1,Dist:,26.6833, Dist contribution: ,-133.417, New scanned ratio: ,0.0166072, New Scanned Cells Contribution: ,0,Area ratio: ,0.892214, Area ratio Contribution: ,0,Perim diff: ,1.05069, Perim diff Contribution: ,0,Frontier diff: ,0, Frontier diff Contribution ,0,Inverse Area ratio: ,0.988019, Inv Area Ratio Contribution: ,0,Inverse Perim ratio: ,1.0323, Inv Perim Contribution: ,0, Final Score: ,-134.417
Point: ,0,77,Repeat score:,1, Repeat contribution: ,-1,Dist:,25.9632, Dist contribution: ,-129.816, New scanned ratio: ,0.0139397, New Scanned Cells Contribution: ,0,Area ratio: ,0.895451, Area ratio Contribution: ,0,Perim diff: ,1.05135, Perim diff Contribution: ,0,Frontier diff: ,0, Frontier diff Contribution ,0,Inverse Area ratio: ,0.988356, Inv Area Ratio Contribution: ,0,Inverse Perim ratio: ,1.03136, Inv Perim Contribution: ,0, Final Score: ,-130.816
BEST Point:,17,76, Score: ,-126.355
COUNT COMMAND: 1
Total frontiers: ,104, Prioritised frontiers: ,18
At: ,16,75,
Point: ,54,78,Repeat score:,1, Repeat contribution: ,-1,Dist:,38.1996, Dist contribution: ,-190.998, New scanned ratio: ,0.0278128, New Scanned Cells Contribution: ,0,Area ratio: ,0.909136, Area ratio Contribution: ,0,Perim diff: ,1.06141, Perim diff Contribution: ,0,Frontier diff: ,0, Frontier diff Contribution ,0,Inverse Area ratio: ,0.978973, Inv Area Ratio Contribution: ,0,Inverse Perim ratio: ,1.04866, Inv Perim Contribution: ,0, Final Score: ,-191.998
Point: ,49,78,Repeat score:,1, Repeat contribution: ,-1,Dist:,33.2297, Dist contribution: ,-166.148, New scanned ratio: ,0.0261298, New Scanned Cells Contribution: ,0,Area ratio: ,0.909265, Area ratio Contribution: ,0,Perim diff: ,1.05318, Perim diff Contribution: ,0,Frontier diff: ,0, Frontier diff Contribution ,0,Inverse Area ratio: ,0.97962, Inv Area Ratio Contribution: ,0,Inverse Perim ratio: ,1.04271, Inv Perim Contribution: ,0, Final Score: ,-167.148
Point: ,48,79,Repeat score:,1, Repeat contribution: ,-1,Dist:,32.4197, Dist contribution: ,-162.099, New scanned ratio: ,0.0272658, New Scanned Cells Contribution: ,0,Area ratio: ,0.905893, Area ratio Contribution: ,0,Perim diff: ,1.05307, Perim diff Contribution: ,0,Frontier diff: ,0, Frontier diff Contribution ,0,Inverse Area ratio: ,0.979221, Inv Area Ratio Contribution: ,0,Inverse Perim ratio: ,1.04288, Inv Perim Contribution: ,0, Final Score: ,-163.099
Point: ,47,78,Repeat score:,1, Repeat contribution: ,-1,Dist:,31.2444, Dist contribution: ,-156.222, New scanned ratio: ,0.0252461, New Scanned Cells Contribution: ,0,Area ratio: ,0.909089, Area ratio Contribution: ,0,Perim diff: ,1.05127, Perim diff Contribution: ,0,Frontier diff: ,0, Frontier diff Contribution ,0,Inverse Area ratio: ,0.979951, Inv Area Ratio Contribution: ,0,Inverse Perim ratio: ,1.04118, Inv Perim Contribution: ,0, Final Score: ,-157.222
Point: ,42,78,Repeat score:,1, Repeat contribution: ,-1,Dist:,26.2909, Dist contribution: ,-131.454, New scanned ratio: ,0.0224691, New Scanned Cells Contribution: ,0,Area ratio: ,0.90808, Area ratio Contribution: ,0,Perim diff: ,1.05062, Perim diff Contribution: ,0,Frontier diff: ,0, Frontier diff Contribution ,0,Inverse Area ratio: ,0.980856, Inv Area Ratio Contribution: ,0,Inverse Perim ratio: ,1.04066, Inv Perim Contribution: ,0, Final Score: ,-132.454
Point: ,39,76,Repeat score:,1, Repeat contribution: ,-1,Dist:,23.0367, Dist contribution: ,-115.184, New scanned ratio: ,0.0177144, New Scanned Cells Contribution: ,0,Area ratio: ,0.914109, Area ratio Contribution: ,0,Perim diff: ,1.0493, Perim diff Contribution: ,0,Frontier diff: ,0, Frontier diff Contribution ,0,Inverse Area ratio: ,0.981656, Inv Area Ratio Contribution: ,0,Inverse Perim ratio: ,1.03925, Inv Perim Contribution: ,0, Final Score: ,-116.184
Point: ,37,76,Repeat score:,1, Repeat contribution: ,-1,Dist:,21.0402, Dist contribution: ,-105.201, New scanned ratio: ,0.0162838, New Scanned Cells Contribution: ,0,Area ratio: ,0.913511, Area ratio Contribution: ,0,Perim diff: ,1.04975, Perim diff Contribution: ,0,Frontier diff: ,0, Frontier diff Contribution ,0,Inverse Area ratio: ,0.9812, Inv Area Ratio Contribution: ,0,Inverse Perim ratio: ,1.03939, Inv Perim Contribution: ,0, Final Score: ,-106.201
Point: ,36,77,Repeat score:,1, Repeat contribution: ,-1,Dist:,20.1683, Dist contribution: ,-100.841, New scanned ratio: ,0.0169149, New Scanned Cells Contribution: ,0,Area ratio: ,0.909553, Area ratio Contribution: ,0,Perim diff: ,1.05066, Perim diff Contribution: ,0,Frontier diff: ,0, Frontier diff Contribution ,0,Inverse Area ratio: ,0.980902, Inv Area Ratio Contribution: ,0,Inverse Perim ratio: ,1.04024, Inv Perim Contribution: ,0, Final Score: ,-101.841
Point: ,36,81,Repeat score:,1, Repeat contribution: ,-1,Dist:,21.4672, Dist contribution: ,-107.336, New scanned ratio: ,0.0224691, New Scanned Cells Contribution: ,0,Area ratio: ,0.895409, Area ratio Contribution: ,0,Perim diff: ,1.05665, Perim diff Contribution: ,0,Frontier diff: ,0, Frontier diff Contribution ,0,Inverse Area ratio: ,0.978859, Inv Area Ratio Contribution: ,0,Inverse Perim ratio: ,1.04576, Inv Perim Contribution: ,0, Final Score: ,-108.336
Point: ,33,87,Repeat score:,1, Repeat contribution: ,-1,Dist:,23.0729, Dist contribution: ,-115.365, New scanned ratio: ,0.0292855, New Scanned Cells Contribution: ,0,Area ratio: ,0.873542, Area ratio Contribution: ,0,Perim diff: ,1.06529, Perim diff Contribution: ,0,Frontier diff: ,0, Frontier diff Contribution ,0,Inverse Area ratio: ,0.976343, Inv Area Ratio Contribution: ,0,Inverse Perim ratio: ,1.05568, Inv Perim Contribution: ,0, Final Score: ,-116.365
Point: ,28,92,Repeat score:,1, Repeat contribution: ,-1,Dist:,25.1478, Dist contribution: ,-125.739, New scanned ratio: ,0.0332408, New Scanned Cells Contribution: ,0,Area ratio: ,0.853998, Area ratio Contribution: ,0,Perim diff: ,1.07669, Perim diff Contribution: ,0,Frontier diff: ,0, Frontier diff Contribution ,0,Inverse Area ratio: ,0.974416, Inv Area Ratio Contribution: ,0,Inverse Perim ratio: ,1.06989, Inv Perim Contribution: ,0, Final Score: ,-126.739
Point: ,22,95,Repeat score:,1, Repeat contribution: ,-1,Dist:,26.6833, Dist contribution: ,-133.417, New scanned ratio: ,0.0334091, New Scanned Cells Contribution: ,0,Area ratio: ,0.840209, Area ratio Contribution: ,0,Perim diff: ,1.08411, Perim diff Contribution: ,0,Frontier diff: ,0, Frontier diff Contribution ,0,Inverse Area ratio: ,0.972631, Inv Area Ratio Contribution: ,0,Inverse Perim ratio: ,1.08178, Inv Perim Contribution: ,0, Final Score: ,-134.417
Point: ,17,95,Repeat score:,1, Repeat contribution: ,-1,Dist:,26.0192, Dist contribution: ,-130.096, New scanned ratio: ,0.0308003, New Scanned Cells Contribution: ,0,Area ratio: ,0.8382, Area ratio Contribution: ,0,Perim diff: ,1.07445, Perim diff Contribution: ,0,Frontier diff: ,0, Frontier diff Contribution ,0,Inverse Area ratio: ,0.97876, Inv Area Ratio Contribution: ,0,Inverse Perim ratio: ,1.05367, Inv Perim Contribution: ,0, Final Score: ,-131.096
Point: ,16,96,Repeat score:,1, Repeat contribution: ,-1,Dist:,27.3, Dist contribution: ,-136.5, New scanned ratio: ,0.0313473, New Scanned Cells Contribution: ,0,Area ratio: ,0.834478, Area ratio Contribution: ,0,Perim diff: ,1.07382, Perim diff Contribution: ,0,Frontier diff: ,0, Frontier diff Contribution ,0,Inverse Area ratio: ,0.979413, Inv Area Ratio Contribution: ,0,Inverse Perim ratio: ,1.05023, Inv Perim Contribution: ,0, Final Score: ,-137.5
Point: ,15,95,Repeat score:,1, Repeat contribution: ,-1,Dist:,26.0192, Dist contribution: ,-130.096, New scanned ratio: ,0.028991, New Scanned Cells Contribution: ,0,Area ratio: ,0.837313, Area ratio Contribution: ,0,Perim diff: ,1.0718, Perim diff Contribution: ,0,Frontier diff: ,0, Frontier diff Contribution ,0,Inverse Area ratio: ,0.980272, Inv Area Ratio Contribution: ,0,Inverse Perim ratio: ,1.04809, Inv Perim Contribution: ,0, Final Score: ,-131.096
Point: ,10,95,Repeat score:,1, Repeat contribution: ,-1,Dist:,26.6833, Dist contribution: ,-133.417, New scanned ratio: ,0.0243205, New Scanned Cells Contribution: ,0,Area ratio: ,0.835581, Area ratio Contribution: ,0,Perim diff: ,1.06593, Perim diff Contribution: ,0,Frontier diff: ,0, Frontier diff Contribution ,0,Inverse Area ratio: ,0.983095, Inv Area Ratio Contribution: ,0,Inverse Perim ratio: ,1.03965, Inv Perim Contribution: ,0, Final Score: ,-134.417
Point: ,4,92,Repeat score:,1, Repeat contribution: ,-1,Dist:,25.1478, Dist contribution: ,-125.739, New scanned ratio: ,0.0158209, New Scanned Cells Contribution: ,0,Area ratio: ,0.844641, Area ratio Contribution: ,0,Perim diff: ,1.05841, Perim diff Contribution: ,0,Frontier diff: ,0, Frontier diff Contribution ,0,Inverse Area ratio: ,0.985914, Inv Area Ratio Contribution: ,0,Inverse Perim ratio: ,1.03349, Inv Perim Contribution: ,0, Final Score: ,-126.739
Point: ,0,88,Repeat score:,1, Repeat contribution: ,-1,Dist:,23.2725, Dist contribution: ,-116.363, New scanned ratio: ,0.00955146, New Scanned Cells Contribution: ,0,Area ratio: ,0.8592, Area ratio Contribution: ,0,Perim diff: ,1.05345, Perim diff Contribution: ,0,Frontier diff: ,0, Frontier diff Contribution ,0,Inverse Area ratio: ,0.987329, Inv Area Ratio Contribution: ,0,Inverse Perim ratio: ,1.03106, Inv Perim Contribution: ,0, Final Score: ,-117.363
BEST Point:,36,77, Score: ,-101.841
COUNT COMMAND: 1
Total frontiers: ,104, Prioritised frontiers: ,25
At: ,35,76,
Point: ,74,78,Repeat score:,1, Repeat contribution: ,-1,Dist:,39.0866, Dist contribution: ,-195.433, New scanned ratio: ,0.0276119, New Scanned Cells Contribution: ,0,Area ratio: ,0.91651, Area ratio Contribution: ,0,Perim diff: ,1.06367, Perim diff Contribution: ,0,Frontier diff: ,0, Frontier diff Contribution ,0,Inverse Area ratio: ,0.975632, Inv Area Ratio Contribution: ,0,Inverse Perim ratio: ,1.05072, Inv Perim Contribution: ,0, Final Score: ,-196.433
Point: ,69,78,Repeat score:,1, Repeat contribution: ,-1,Dist:,34.0993, Dist contribution: ,-170.496, New scanned ratio: ,0.0260779, New Scanned Cells Contribution: ,0,Area ratio: ,0.916725, Area ratio Contribution: ,0,Perim diff: ,1.05343, Perim diff Contribution: ,0,Frontier diff: ,0, Frontier diff Contribution ,0,Inverse Area ratio: ,0.976228, Inv Area Ratio Contribution: ,0,Inverse Perim ratio: ,1.04312, Inv Perim Contribution: ,0, Final Score: ,-171.496
Point: ,68,79,Repeat score:,1, Repeat contribution: ,-1,Dist:,33.2297, Dist contribution: ,-166.148, New scanned ratio: ,0.0271973, New Scanned Cells Contribution: ,0,Area ratio: ,0.913358, Area ratio Contribution: ,0,Perim diff: ,1.05368, Perim diff Contribution: ,0,Frontier diff: ,0, Frontier diff Contribution ,0,Inverse Area ratio: ,0.975821, Inv Area Ratio Contribution: ,0,Inverse Perim ratio: ,1.04351, Inv Perim Contribution: ,0, Final Score: ,-167.148
Point: ,67,78,Repeat score:,1, Repeat contribution: ,-1,Dist:,32.1055, Dist contribution: ,-160.527, New scanned ratio: ,0.0252073, New Scanned Cells Contribution: ,0,Area ratio: ,0.916555, Area ratio Contribution: ,0,Perim diff: ,1.05153, Perim diff Contribution: ,0,Frontier diff: ,0, Frontier diff Contribution ,0,Inverse Area ratio: ,0.97656, Inv Area Ratio Contribution: ,0,Inverse Perim ratio: ,1.04158, Inv Perim Contribution: ,0, Final Score: ,-161.527
Point: ,62,78,Repeat score:,1, Repeat contribution: ,-1,Dist:,27.1249, Dist contribution: ,-135.624, New scanned ratio: ,0.022471, New Scanned Cells Contribution: ,0,Area ratio: ,0.915565, Area ratio Contribution: ,0,Perim diff: ,1.04982, Perim diff Contribution: ,0,Frontier diff: ,0, Frontier diff Contribution ,0,Inverse Area ratio: ,0.977571, Inv Area Ratio Contribution: ,0,Inverse Perim ratio: ,1.04027, Inv Perim Contribution: ,0, Final Score: ,-136.624
Point: ,59,76,Repeat score:,1, Repeat contribution: ,-1,Dist:,24, Dist contribution: ,-120, New scanned ratio: ,0.0177446, New Scanned Cells Contribution: ,0,Area ratio: ,0.921179, Area ratio Contribution: ,0,Perim diff: ,1.04925, Perim diff Contribution: ,0,Frontier diff: ,0, Frontier diff Contribution ,0,Inverse Area ratio: ,0.978435, Inv Area Ratio Contribution: ,0,Inverse Perim ratio: ,1.03954, Inv Perim Contribution: ,0, Final Score: ,-121
Point: ,57,76,Repeat score:,1, Repeat contribution: ,-1,Dist:,22, Dist contribution: ,-110, New scanned ratio: ,0.016335, New Scanned Cells Contribution: ,0,Area ratio: ,0.920587, Area ratio Contribution: ,0,Perim diff: ,1.04988, Perim diff Contribution: ,0,Frontier diff: ,0, Frontier diff Contribution ,0,Inverse Area ratio: ,0.977849, Inv Area Ratio Contribution: ,0,Inverse Perim ratio: ,1.03987, Inv Perim Contribution: ,0, Final Score: ,-111
Point: ,55,77,Repeat score:,1, Repeat contribution: ,-1,Dist:,20.0422, Dist contribution: ,-100.211, New scanned ratio: ,0.0162106, New Scanned Cells Contribution: ,0,Area ratio: ,0.916676, Area ratio Contribution: ,0,Perim diff: ,1.05016, Perim diff Contribution: ,0,Frontier diff: ,0, Frontier diff Contribution ,0,Inverse Area ratio: ,0.977806, Inv Area Ratio Contribution: ,0,Inverse Perim ratio: ,1.04017, Inv Perim Contribution: ,0, Final Score: ,-101.211
Point: ,55,82,Repeat score:,1, Repeat contribution: ,-1,Dist:,21.4672, Dist contribution: ,-107.336, New scanned ratio: ,0.0229685, New Scanned Cells Contribution: ,0,Area ratio: ,0.899491, Area ratio Contribution: ,0,Perim diff: ,1.0575, Perim diff Contribution: ,0,Frontier diff: ,0, Frontier diff Contribution ,0,Inverse Area ratio: ,0.975292, Inv Area Ratio Contribution: ,0,Inverse Perim ratio: ,1.04669, Inv Perim Contribution: ,0, Final Score: ,-108.336
Point: ,52,88,Repeat score:,1, Repeat contribution: ,-1,Dist:,23.0729, Dist contribution: ,-115.365, New scanned ratio: ,0.0295191, New Scanned Cells Contribution: ,0,Area ratio: ,0.878285, Area ratio Contribution: ,0,Perim diff: ,1.06793, Perim diff Contribution: ,0,Frontier diff: ,0, Frontier diff Contribution ,0,Inverse Area ratio: ,0.972809, Inv Area Ratio Contribution: ,0,Inverse Perim ratio: ,1.05665, Inv Perim Contribution: ,0, Final Score: ,-116.365
Point: ,47,93,Repeat score:,1, Repeat contribution: ,-1,Dist:,25.1478, Dist contribution: ,-125.739, New scanned ratio: ,0.0328773, New Scanned Cells Contribution: ,0,Area ratio: ,0.859908, Area ratio Contribution: ,0,Perim diff: ,1.08804, Perim diff Contribution: ,0,Frontier diff: ,0, Frontier diff Contribution ,0,Inverse Area ratio: ,0.969468, Inv Area Ratio Contribution: ,0,Inverse Perim ratio: ,1.0792, Inv Perim Contribution: ,0, Final Score: ,-126.739
Point: ,41,96,Repeat score:,1, Repeat contribution: ,-1,Dist:,26.6833, Dist contribution: ,-133.417, New scanned ratio: ,0.0327114, New Scanned Cells Contribution: ,0,Area ratio: ,0.847293, Area ratio Contribution: ,0,Perim diff: ,1.09021, Perim diff Contribution: ,0,Frontier diff: ,0, Frontier diff Contribution ,0,Inverse Area ratio: ,0.969441, Inv Area Ratio Contribution: ,0,Inverse Perim ratio: ,1.0797, Inv Perim Contribution: ,0, Final Score: ,-134.417
Point: ,36,96,Repeat score:,1, Repeat contribution: ,-1,Dist:,26.0192, Dist contribution: ,-130.096, New scanned ratio: ,0.0303068, New Scanned Cells Contribution: ,0,Area ratio: ,0.845954, Area ratio Contribution: ,0,Perim diff: ,1.07807, Perim diff Contribution: ,0,Frontier diff: ,0, Frontier diff Contribution ,0,Inverse Area ratio: ,0.970388, Inv Area Ratio Contribution: ,0,Inverse Perim ratio: ,1.07203, Inv Perim Contribution: ,0, Final Score: ,-131.096
Point: ,35,97,Repeat score:,1, Repeat contribution: ,-1,Dist:,27.3, Dist contribution: ,-136.5, New scanned ratio: ,0.0314262, New Scanned Cells Contribution: ,0,Area ratio: ,0.842471, Area ratio Contribution: ,0,Perim diff: ,1.07927, Perim diff Contribution: ,0,Frontier diff: ,0, Frontier diff Contribution ,0,Inverse Area ratio: ,0.969952, Inv Area Ratio Contribution: ,0,Inverse Perim ratio: ,1.07415, Inv Perim Contribution: ,0, Final Score: ,-137.5
Point: ,34,96,Repeat score:,1, Repeat contribution: ,-1,Dist:,26.0192, Dist contribution: ,-130.096, New scanned ratio: ,0.0295605, New Scanned Cells Contribution: ,0,Area ratio: ,0.845408, Area ratio Contribution: ,0,Perim diff: ,1.07672, Perim diff Contribution: ,0,Frontier diff: ,0, Frontier diff Contribution ,0,Inverse Area ratio: ,0.970658, Inv Area Ratio Contribution: ,0,Inverse Perim ratio: ,1.07164, Inv Perim Contribution: ,0, Final Score: ,-131.096
Point: ,29,96,Repeat score:,1, Repeat contribution: ,-1,Dist:,26.6833, Dist contribution: ,-133.417, New scanned ratio: ,0.0284411, New Scanned Cells Contribution: ,0,Area ratio: ,0.844758, Area ratio Contribution: ,0,Perim diff: ,1.06871, Perim diff Contribution: ,0,Frontier diff: ,0, Frontier diff Contribution ,0,Inverse Area ratio: ,0.971086, Inv Area Ratio Contribution: ,0,Inverse Perim ratio: ,1.06779, Inv Perim Contribution: ,0, Final Score: ,-134.417
Point: ,26,94,Repeat score:,1, Repeat contribution: ,-1,Dist:,25.0711, Dist contribution: ,-125.355, New scanned ratio: ,0.0250829, New Scanned Cells Contribution: ,0,Area ratio: ,0.850994, Area ratio Contribution: ,0,Perim diff: ,1.0639, Perim diff Contribution: ,0,Frontier diff: ,0, Frontier diff Contribution ,0,Inverse Area ratio: ,0.97234, Inv Area Ratio Contribution: ,0,Inverse Perim ratio: ,1.06379, Inv Perim Contribution: ,0, Final Score: ,-126.355
Point: ,23,94,Repeat score:,1, Repeat contribution: ,-1,Dist:,26.2975, Dist contribution: ,-131.488, New scanned ratio: ,0.0252902, New Scanned Cells Contribution: ,0,Area ratio: ,0.851052, Area ratio Contribution: ,0,Perim diff: ,1.06061, Perim diff Contribution: ,0,Frontier diff: ,0, Frontier diff Contribution ,0,Inverse Area ratio: ,0.972258, Inv Area Ratio Contribution: ,0,Inverse Perim ratio: ,1.06281, Inv Perim Contribution: ,0, Final Score: ,-132.488
Point: ,22,95,Repeat score:,1, Repeat contribution: ,-1,Dist:,27.9122, Dist contribution: ,-139.561, New scanned ratio: ,0.0271144, New Scanned Cells Contribution: ,0,Area ratio: ,0.847946, Area ratio Contribution: ,0,Perim diff: ,1.06066, Perim diff Contribution: ,0,Frontier diff: ,0, Frontier diff Contribution ,0,Inverse Area ratio: ,0.971597, Inv Area Ratio Contribution: ,0,Inverse Perim ratio: ,1.06485, Inv Perim Contribution: ,0, Final Score: ,-140.561
Point: ,17,95,Repeat score:,1, Repeat contribution: ,-1,Dist:,30.5629, Dist contribution: ,-152.814, New scanned ratio: ,0.0273217, New Scanned Cells Contribution: ,0,Area ratio: ,0.848286, Area ratio Contribution: ,0,Perim diff: ,1.0578, Perim diff Contribution: ,0,Frontier diff: ,0, Frontier diff Contribution ,0,Inverse Area ratio: ,0.979278, Inv Area Ratio Contribution: ,0,Inverse Perim ratio: ,1.04429, Inv Perim Contribution: ,0, Final Score: ,-153.814
Point: ,16,96,Repeat score:,1, Repeat contribution: ,-1,Dist:,32.2025, Dist contribution: ,-161.012, New scanned ratio: ,0.0284411, New Scanned Cells Contribution: ,0,Area ratio: ,0.845, Area ratio Contribution: ,0,Perim diff: ,1.05802, Perim diff Contribution: ,0,Frontier diff: ,0, Frontier diff Contribution ,0,Inverse Area ratio: ,0.980124, Inv Area Ratio Contribution: ,0,Inverse Perim ratio: ,1.04195, Inv Perim Contribution: ,0, Final Score: ,-162.012
Point: ,15,95,Repeat score:,1, Repeat contribution: ,-1,Dist:,31.7819, Dist contribution: ,-158.91, New scanned ratio: ,0.0264511, New Scanned Cells Contribution: ,0,Area ratio: ,0.848155, Area ratio Contribution: ,0,Perim diff: ,1.05698, Perim diff Contribution: ,0,Frontier diff: ,0, Frontier diff Contribution ,0,Inverse Area ratio: ,0.980859, Inv Area Ratio Contribution: ,0,Inverse Perim ratio: ,1.04057, Inv Perim Contribution: ,0, Final Score: ,-159.91
Point: ,10,95,Repeat score:,1, Repeat contribution: ,-1,Dist:,35.1438, Dist contribution: ,-175.719, New scanned ratio: ,0.0233831, New Scanned Cells Contribution: ,0,Area ratio: ,0.847584, Area ratio Contribution: ,0,Perim diff: ,1.05866, Perim diff Contribution: ,0,Frontier diff: ,0, Frontier diff Contribution ,0,Inverse Area ratio: ,0.98365, Inv Area Ratio Contribution: ,0,Inverse Perim ratio: ,1.03852, Inv Perim Contribution: ,0, Final Score: ,-176.719
Point: ,4,92,Repeat score:,1, Repeat contribution: ,-1,Dist:,37.3315, Dist contribution: ,-186.657, New scanned ratio: ,0.0155887, New Scanned Cells Contribution: ,0,Area ratio: ,0.857267, Area ratio Contribution: ,0,Perim diff: ,1.0588, Perim diff Contribution: ,0,Frontier diff: ,0, Frontier diff Contribution ,0,Inverse Area ratio: ,0.984987, Inv Area Ratio Contribution: ,0,Inverse Perim ratio: ,1.03802, Inv Perim Contribution: ,0, Final Score: ,-187.657
Point: ,0,88,Repeat score:,1, Repeat contribution: ,-1,Dist:,38.3192, Dist contribution: ,-191.596, New scanned ratio: ,0.00941128, New Scanned Cells Contribution: ,0,Area ratio: ,0.872067, Area ratio Contribution: ,0,Perim diff: ,1.05376, Perim diff Contribution: ,0,Frontier diff: ,0, Frontier diff Contribution ,0,Inverse Area ratio: ,0.985916, Inv Area Ratio Contribution: ,0,Inverse Perim ratio: ,1.03485, Inv Perim Contribution: ,0, Final Score: ,-192.596
BEST Point:,55,77, Score: ,-101.211
COUNT COMMAND: 1
Total frontiers: ,103, Prioritised frontiers: ,24
At: ,54,76,
Point: ,89,78,Repeat score:,1, Repeat contribution: ,-1,Dist:,35.0964, Dist contribution: ,-175.482, New scanned ratio: ,0.0260791, New Scanned Cells Contribution: ,0,Area ratio: ,0.923509, Area ratio Contribution: ,0,Perim diff: ,1.05639, Perim diff Contribution: ,0,Frontier diff: ,0, Frontier diff Contribution ,0,Inverse Area ratio: ,0.972928, Inv Area Ratio Contribution: ,0,Inverse Perim ratio: ,1.04561, Inv Perim Contribution: ,0, Final Score: ,-176.482
Point: ,88,79,Repeat score:,1, Repeat contribution: ,-1,Dist:,34.2229, Dist contribution: ,-171.115, New scanned ratio: ,0.0272646, New Scanned Cells Contribution: ,0,Area ratio: ,0.920427, Area ratio Contribution: ,0,Perim diff: ,1.05439, Perim diff Contribution: ,0,Frontier diff: ,0, Frontier diff Contribution ,0,Inverse Area ratio: ,0.972497, Inv Area Ratio Contribution: ,0,Inverse Perim ratio: ,1.04414, Inv Perim Contribution: ,0, Final Score: ,-172.115
Point: ,87,78,Repeat score:,1, Repeat contribution: ,-1,Dist:,33.1023, Dist contribution: ,-165.511, New scanned ratio: ,0.0253025, New Scanned Cells Contribution: ,0,Area ratio: ,0.923455, Area ratio Contribution: ,0,Perim diff: ,1.05287, Perim diff Contribution: ,0,Frontier diff: ,0, Frontier diff Contribution ,0,Inverse Area ratio: ,0.973238, Inv Area Ratio Contribution: ,0,Inverse Perim ratio: ,1.04294, Inv Perim Contribution: ,0, Final Score: ,-166.511
Point: ,82,78,Repeat score:,1, Repeat contribution: ,-1,Dist:,28.1205, Dist contribution: ,-140.602, New scanned ratio: ,0.0227273, New Scanned Cells Contribution: ,0,Area ratio: ,0.922682, Area ratio Contribution: ,0,Perim diff: ,1.0504, Perim diff Contribution: ,0,Frontier diff: ,0, Frontier diff Contribution ,0,Inverse Area ratio: ,0.974213, Inv Area Ratio Contribution: ,0,Inverse Perim ratio: ,1.04089, Inv Perim Contribution: ,0, Final Score: ,-141.602
Point: ,79,76,Repeat score:,1, Repeat contribution: ,-1,Dist:,25, Dist contribution: ,-125, New scanned ratio: ,0.0181082, New Scanned Cells Contribution: ,0,Area ratio: ,0.928178, Area ratio Contribution: ,0,Perim diff: ,1.04897, Perim diff Contribution: ,0,Frontier diff: ,0, Frontier diff Contribution ,0,Inverse Area ratio: ,0.975214, Inv Area Ratio Contribution: ,0,Inverse Perim ratio: ,1.03956, Inv Perim Contribution: ,0, Final Score: ,-126
Point: ,77,76,Repeat score:,1, Repeat contribution: ,-1,Dist:,23, Dist contribution: ,-115, New scanned ratio: ,0.0167184, New Scanned Cells Contribution: ,0,Area ratio: ,0.927653, Area ratio Contribution: ,0,Perim diff: ,1.04944, Perim diff Contribution: ,0,Frontier diff: ,0, Frontier diff Contribution ,0,Inverse Area ratio: ,0.974461, Inv Area Ratio Contribution: ,0,Inverse Perim ratio: ,1.0398, Inv Perim Contribution: ,0, Final Score: ,-116
Point: ,74,78,Repeat score:,1, Repeat contribution: ,-1,Dist:,20.1683, Dist contribution: ,-100.841, New scanned ratio: ,0.0172498, New Scanned Cells Contribution: ,0,Area ratio: ,0.92019, Area ratio Contribution: ,0,Perim diff: ,1.05025, Perim diff Contribution: ,0,Frontier diff: ,0, Frontier diff Contribution ,0,Inverse Area ratio: ,0.974207, Inv Area Ratio Contribution: ,0,Inverse Perim ratio: ,1.04066, Inv Perim Contribution: ,0, Final Score: ,-101.841
Point: ,74,82,Repeat score:,1, Repeat contribution: ,-1,Dist:,21.4672, Dist contribution: ,-107.336, New scanned ratio: ,0.0226455, New Scanned Cells Contribution: ,0,Area ratio: ,0.906662, Area ratio Contribution: ,0,Perim diff: ,1.05665, Perim diff Contribution: ,0,Frontier diff: ,0, Frontier diff Contribution ,0,Inverse Area ratio: ,0.972148, Inv Area Ratio Contribution: ,0,Inverse Perim ratio: ,1.04614, Inv Perim Contribution: ,0, Final Score: ,-108.336
Point: ,71,88,Repeat score:,1, Repeat contribution: ,-1,Dist:,23.0729, Dist contribution: ,-115.365, New scanned ratio: ,0.029104, New Scanned Cells Contribution: ,0,Area ratio: ,0.885842, Area ratio Contribution: ,0,Perim diff: ,1.06857, Perim diff Contribution: ,0,Frontier diff: ,0, Frontier diff Contribution ,0,Inverse Area ratio: ,0.969659, Inv Area Ratio Contribution: ,0,Inverse Perim ratio: ,1.05672, Inv Perim Contribution: ,0, Final Score: ,-116.365
Point: ,66,93,Repeat score:,1, Repeat contribution: ,-1,Dist:,25.1478, Dist contribution: ,-125.739, New scanned ratio: ,0.0323332, New Scanned Cells Contribution: ,0,Area ratio: ,0.867626, Area ratio Contribution: ,0,Perim diff: ,1.09596, Perim diff Contribution: ,0,Frontier diff: ,0, Frontier diff Contribution ,0,Inverse Area ratio: ,0.966261, Inv Area Ratio Contribution: ,0,Inverse Perim ratio: ,1.07951, Inv Perim Contribution: ,0, Final Score: ,-126.739
Point: ,60,96,Repeat score:,1, Repeat contribution: ,-1,Dist:,26.6833, Dist contribution: ,-133.417, New scanned ratio: ,0.0321288, New Scanned Cells Contribution: ,0,Area ratio: ,0.855982, Area ratio Contribution: ,0,Perim diff: ,1.08978, Perim diff Contribution: ,0,Frontier diff: ,0, Frontier diff Contribution ,0,Inverse Area ratio: ,0.966367, Inv Area Ratio Contribution: ,0,Inverse Perim ratio: ,1.0769, Inv Perim Contribution: ,0, Final Score: ,-134.417
Point: ,55,96,Repeat score:,1, Repeat contribution: ,-1,Dist:,26.0192, Dist contribution: ,-130.096, New scanned ratio: ,0.0295128, New Scanned Cells Contribution: ,0,Area ratio: ,0.854872, Area ratio Contribution: ,0,Perim diff: ,1.08088, Perim diff Contribution: ,0,Frontier diff: ,0, Frontier diff Contribution ,0,Inverse Area ratio: ,0.96739, Inv Area Ratio Contribution: ,0,Inverse Perim ratio: ,1.07078, Inv Perim Contribution: ,0, Final Score: ,-131.096
Point: ,54,97,Repeat score:,1, Repeat contribution: ,-1,Dist:,27.3, Dist contribution: ,-136.5, New scanned ratio: ,0.0306164, New Scanned Cells Contribution: ,0,Area ratio: ,0.851424, Area ratio Contribution: ,0,Perim diff: ,1.08264, Perim diff Contribution: ,0,Frontier diff: ,0, Frontier diff Contribution ,0,Inverse Area ratio: ,0.966969, Inv Area Ratio Contribution: ,0,Inverse Perim ratio: ,1.07289, Inv Perim Contribution: ,0, Final Score: ,-137.5
Point: ,53,96,Repeat score:,1, Repeat contribution: ,-1,Dist:,26.0192, Dist contribution: ,-130.096, New scanned ratio: ,0.0287361, New Scanned Cells Contribution: ,0,Area ratio: ,0.854576, Area ratio Contribution: ,0,Perim diff: ,1.07797, Perim diff Contribution: ,0,Frontier diff: ,0, Frontier diff Contribution ,0,Inverse Area ratio: ,0.967691, Inv Area Ratio Contribution: ,0,Inverse Perim ratio: ,1.06884, Inv Perim Contribution: ,0, Final Score: ,-131.096
Point: ,48,96,Repeat score:,1, Repeat contribution: ,-1,Dist:,26.6833, Dist contribution: ,-133.417, New scanned ratio: ,0.0274281, New Scanned Cells Contribution: ,0,Area ratio: ,0.854312, Area ratio Contribution: ,0,Perim diff: ,1.07382, Perim diff Contribution: ,0,Frontier diff: ,0, Frontier diff Contribution ,0,Inverse Area ratio: ,0.96818, Inv Area Ratio Contribution: ,0,Inverse Perim ratio: ,1.06648, Inv Perim Contribution: ,0, Final Score: ,-134.417
Point: ,45,94,Repeat score:,1, Repeat contribution: ,-1,Dist:,25.0711, Dist contribution: ,-125.355, New scanned ratio: ,0.0239944, New Scanned Cells Contribution: ,0,Area ratio: ,0.860792, Area ratio Contribution: ,0,Perim diff: ,1.06718, Perim diff Contribution: ,0,Frontier diff: ,0, Frontier diff Contribution ,0,Inverse Area ratio: ,0.969475, Inv Area Ratio Contribution: ,0,Inverse Perim ratio: ,1.06069, Inv Perim Contribution: ,0, Final Score: ,-126.355
Point: ,41,96,Repeat score:,1, Repeat contribution: ,-1,Dist:,29.0689, Dist contribution: ,-145.344, New scanned ratio: ,0.0272237, New Scanned Cells Contribution: ,0,Area ratio: ,0.855294, Area ratio Contribution: ,0,Perim diff: ,1.06752, Perim diff Contribution: ,0,Frontier diff: ,0, Frontier diff Contribution ,0,Inverse Area ratio: ,0.968278, Inv Area Ratio Contribution: ,0,Inverse Perim ratio: ,1.06316, Inv Perim Contribution: ,0, Final Score: ,-146.344
Point: ,36,96,Repeat score:,1, Repeat contribution: ,-1,Dist:,31.6228, Dist contribution: ,-158.114, New scanned ratio: ,0.0274281, New Scanned Cells Contribution: ,0,Area ratio: ,0.85614, Area ratio Contribution: ,0,Perim diff: ,1.05996, Perim diff Contribution: ,0,Frontier diff: ,0, Frontier diff Contribution ,0,Inverse Area ratio: ,0.96821, Inv Area Ratio Contribution: ,0,Inverse Perim ratio: ,1.0588, Inv Perim Contribution: ,0, Final Score: ,-159.114
Point: ,35,97,Repeat score:,1, Repeat contribution: ,-1,Dist:,33.2609, Dist contribution: ,-166.305, New scanned ratio: ,0.0290222, New Scanned Cells Contribution: ,0,Area ratio: ,0.852982, Area ratio Contribution: ,0,Perim diff: ,1.06459, Perim diff Contribution: ,0,Frontier diff: ,0, Frontier diff Contribution ,0,Inverse Area ratio: ,0.967578, Inv Area Ratio Contribution: ,0,Inverse Perim ratio: ,1.06347, Inv Perim Contribution: ,0, Final Score: ,-167.305
Point: ,34,96,Repeat score:,1, Repeat contribution: ,-1,Dist:,32.8024, Dist contribution: ,-164.012, New scanned ratio: ,0.0274689, New Scanned Cells Contribution: ,0,Area ratio: ,0.856216, Area ratio Contribution: ,0,Perim diff: ,1.06121, Perim diff Contribution: ,0,Frontier diff: ,0, Frontier diff Contribution ,0,Inverse Area ratio: ,0.96818, Inv Area Ratio Contribution: ,0,Inverse Perim ratio: ,1.06034, Inv Perim Contribution: ,0, Final Score: ,-165.012
Point: ,29,96,Repeat score:,1, Repeat contribution: ,-1,Dist:,36.0694, Dist contribution: ,-180.347, New scanned ratio: ,0.0277142, New Scanned Cells Contribution: ,0,Area ratio: ,0.856572, Area ratio Contribution: ,0,Perim diff: ,1.06009, Perim diff Contribution: ,0,Frontier diff: ,0, Frontier diff Contribution ,0,Inverse Area ratio: ,0.968098, Inv Area Ratio Contribution: ,0,Inverse Perim ratio: ,1.06163, Inv Perim Contribution: ,0, Final Score: ,-181.347
Point: ,26,94,Repeat score:,1, Repeat contribution: ,-1,Dist:,36.4905, Dist contribution: ,-182.453, New scanned ratio: ,0.0246893, New Scanned Cells Contribution: ,0,Area ratio: ,0.863109, Area ratio Contribution: ,0,Perim diff: ,1.05936, Perim diff Contribution: ,0,Frontier diff: ,0, Frontier diff Contribution ,0,Inverse Area ratio: ,0.969211, Inv Area Ratio Contribution: ,0,Inverse Perim ratio: ,1.06052, Inv Perim Contribution: ,0, Final Score: ,-183.453
Point: ,23,94,Repeat score:,1, Repeat contribution: ,-1,Dist:,38.8402, Dist contribution: ,-194.201, New scanned ratio: ,0.0249346, New Scanned Cells Contribution: ,0,Area ratio: ,0.863201, Area ratio Contribution: ,0,Perim diff: ,1.05958, Perim diff Contribution: ,0,Frontier diff: ,0, Frontier diff Contribution ,0,Inverse Area ratio: ,0.969106, Inv Area Ratio Contribution: ,0,Inverse Perim ratio: ,1.06245, Inv Perim Contribution: ,0, Final Score: ,-195.201
Point: ,22,95,Repeat score:,1, Repeat contribution: ,-1,Dist:,40.4239, Dist contribution: ,-202.119, New scanned ratio: ,0.0267332, New Scanned Cells Contribution: ,0,Area ratio: ,0.860029, Area ratio Contribution: ,0,Perim diff: ,1.05963, Perim diff Contribution: ,0,Frontier diff: ,0, Frontier diff Contribution ,0,Inverse Area ratio: ,0.968429, Inv Area Ratio Contribution: ,0,Inverse Perim ratio: ,1.06438, Inv Perim Contribution: ,0, Final Score: ,-203.119
BEST Point:,74,78, Score: ,-101.841
COUNT COMMAND: 1
Total frontiers: ,103, Prioritised frontiers: ,24
At: ,73,77,
Point: ,109,78,Repeat score:,1, Repeat contribution: ,-1,Dist:,36.0235, Dist contribution: ,-180.117, New scanned ratio: ,0.0259683, New Scanned Cells Contribution: ,0,Area ratio: ,0.931076, Area ratio Contribution: ,0,Perim diff: ,1.05641, Perim diff Contribution: ,0,Frontier diff: ,0, Frontier diff Contribution ,0,Inverse Area ratio: ,0.969212, Inv Area Ratio Contribution: ,0,Inverse Perim ratio: ,1.04574, Inv Perim Contribution: ,0, Final Score: ,-181.117
Point: ,108,79,Repeat score:,1, Repeat contribution: ,-1,Dist:,35.0964, Dist contribution: ,-175.482, New scanned ratio: ,0.0271358, New Scanned Cells Contribution: ,0,Area ratio: ,0.928161, Area ratio Contribution: ,0,Perim diff: ,1.0568, Perim diff Contribution: ,0,Frontier diff: ,0, Frontier diff Contribution ,0,Inverse Area ratio: ,0.968781, Inv Area Ratio Contribution: ,0,Inverse Perim ratio: ,1.04631, Inv Perim Contribution: ,0, Final Score: ,-176.482
Point: ,107,78,Repeat score:,1, Repeat contribution: ,-1,Dist:,34.0248, Dist contribution: ,-170.124, New scanned ratio: ,0.0252436, New Scanned Cells Contribution: ,0,Area ratio: ,0.93112, Area ratio Contribution: ,0,Perim diff: ,1.05301, Perim diff Contribution: ,0,Frontier diff: ,0, Frontier diff Contribution ,0,Inverse Area ratio: ,0.969515, Inv Area Ratio Contribution: ,0,Inverse Perim ratio: ,1.04325, Inv Perim Contribution: ,0, Final Score: ,-171.124
Point: ,102,78,Repeat score:,1, Repeat contribution: ,-1,Dist:,29.0291, Dist contribution: ,-145.146, New scanned ratio: ,0.0227071, New Scanned Cells Contribution: ,0,Area ratio: ,0.930422, Area ratio Contribution: ,0,Perim diff: ,1.05064, Perim diff Contribution: ,0,Frontier diff: ,0, Frontier diff Contribution ,0,Inverse Area ratio: ,0.97047, Inv Area Ratio Contribution: ,0,Inverse Perim ratio: ,1.04125, Inv Perim Contribution: ,0, Final Score: ,-146.146
Point: ,99,76,Repeat score:,1, Repeat contribution: ,-1,Dist:,26.0325, Dist contribution: ,-130.162, New scanned ratio: ,0.0181577, New Scanned Cells Contribution: ,0,Area ratio: ,0.934781, Area ratio Contribution: ,0,Perim diff: ,1.04886, Perim diff Contribution: ,0,Frontier diff: ,0, Frontier diff Contribution ,0,Inverse Area ratio: ,0.971645, Inv Area Ratio Contribution: ,0,Inverse Perim ratio: ,1.0397, Inv Perim Contribution: ,0, Final Score: ,-131.162
Point: ,97,76,Repeat score:,1, Repeat contribution: ,-1,Dist:,24.0352, Dist contribution: ,-120.176, New scanned ratio: ,0.0167888, New Scanned Cells Contribution: ,0,Area ratio: ,0.934243, Area ratio Contribution: ,0,Perim diff: ,1.04949, Perim diff Contribution: ,0,Frontier diff: ,0, Frontier diff Contribution ,0,Inverse Area ratio: ,0.970771, Inv Area Ratio Contribution: ,0,Inverse Perim ratio: ,1.04009, Inv Perim Contribution: ,0, Final Score: ,-121.176
Point: ,93,78,Repeat score:,1, Repeat contribution: ,-1,Dist:,20.0422, Dist contribution: ,-100.211, New scanned ratio: ,0.0165472, New Scanned Cells Contribution: ,0,Area ratio: ,0.927608, Area ratio Contribution: ,0,Perim diff: ,1.04956, Perim diff Contribution: ,0,Frontier diff: ,0, Frontier diff Contribution ,0,Inverse Area ratio: ,0.970767, Inv Area Ratio Contribution: ,0,Inverse Perim ratio: ,1.04033, Inv Perim Contribution: ,0, Final Score: ,-101.211
Point: ,93,83,Repeat score:,1, Repeat contribution: ,-1,Dist:,21.4672, Dist contribution: ,-107.336, New scanned ratio: ,0.0231098, New Scanned Cells Contribution: ,0,Area ratio: ,0.910834, Area ratio Contribution: ,0,Perim diff: ,1.05712, Perim diff Contribution: ,0,Frontier diff: ,0, Frontier diff Contribution ,0,Inverse Area ratio: ,0.968257, Inv Area Ratio Contribution: ,0,Inverse Perim ratio: ,1.04692, Inv Perim Contribution: ,0, Final Score: ,-108.336
Point: ,90,89,Repeat score:,1, Repeat contribution: ,-1,Dist:,23.0729, Dist contribution: ,-115.365, New scanned ratio: ,0.0292697, New Scanned Cells Contribution: ,0,Area ratio: ,0.890423, Area ratio Contribution: ,0,Perim diff: ,1.06864, Perim diff Contribution: ,0,Frontier diff: ,0, Frontier diff Contribution ,0,Inverse Area ratio: ,0.965831, Inv Area Ratio Contribution: ,0,Inverse Perim ratio: ,1.05974, Inv Perim Contribution: ,0, Final Score: ,-116.365
Point: ,85,94,Repeat score:,1, Repeat contribution: ,-1,Dist:,25.1478, Dist contribution: ,-125.739, New scanned ratio: ,0.0319269, New Scanned Cells Contribution: ,0,Area ratio: ,0.871231, Area ratio Contribution: ,0,Perim diff: ,1.09644, Perim diff Contribution: ,0,Frontier diff: ,0, Frontier diff Contribution ,0,Inverse Area ratio: ,0.96263, Inv Area Ratio Contribution: ,0,Inverse Perim ratio: ,1.07992, Inv Perim Contribution: ,0, Final Score: ,-126.739
Point: ,79,97,Repeat score:,1, Repeat contribution: ,-1,Dist:,26.6833, Dist contribution: ,-133.417, New scanned ratio: ,0.0317658, New Scanned Cells Contribution: ,0,Area ratio: ,0.859488, Area ratio Contribution: ,0,Perim diff: ,1.0946, Perim diff Contribution: ,0,Frontier diff: ,0, Frontier diff Contribution ,0,Inverse Area ratio: ,0.962698, Inv Area Ratio Contribution: ,0,Inverse Perim ratio: ,1.08014, Inv Perim Contribution: ,0, Final Score: ,-134.417
Point: ,74,97,Repeat score:,1, Repeat contribution: ,-1,Dist:,26.0192, Dist contribution: ,-130.096, New scanned ratio: ,0.0294307, New Scanned Cells Contribution: ,0,Area ratio: ,0.85888, Area ratio Contribution: ,0,Perim diff: ,1.08392, Perim diff Contribution: ,0,Frontier diff: ,0, Frontier diff Contribution ,0,Inverse Area ratio: ,0.963648, Inv Area Ratio Contribution: ,0,Inverse Perim ratio: ,1.07247, Inv Perim Contribution: ,0, Final Score: ,-131.096
Point: ,73,98,Repeat score:,1, Repeat contribution: ,-1,Dist:,27.3, Dist contribution: ,-136.5, New scanned ratio: ,0.0305178, New Scanned Cells Contribution: ,0,Area ratio: ,0.855727, Area ratio Contribution: ,0,Perim diff: ,1.08597, Perim diff Contribution: ,0,Frontier diff: ,0, Frontier diff Contribution ,0,Inverse Area ratio: ,0.963211, Inv Area Ratio Contribution: ,0,Inverse Perim ratio: ,1.07459, Inv Perim Contribution: ,0, Final Score: ,-137.5
Point: ,72,97,Repeat score:,1, Repeat contribution: ,-1,Dist:,26.0192, Dist contribution: ,-130.096, New scanned ratio: ,0.028706, New Scanned Cells Contribution: ,0,Area ratio: ,0.85881, Area ratio Contribution: ,0,Perim diff: ,1.08331, Perim diff Contribution: ,0,Frontier diff: ,0, Frontier diff Contribution ,0,Inverse Area ratio: ,0.96392, Inv Area Ratio Contribution: ,0,Inverse Perim ratio: ,1.07208, Inv Perim Contribution: ,0, Final Score: ,-131.096
Point: ,67,97,Repeat score:,1, Repeat contribution: ,-1,Dist:,26.6833, Dist contribution: ,-133.417, New scanned ratio: ,0.027619, New Scanned Cells Contribution: ,0,Area ratio: ,0.859345, Area ratio Contribution: ,0,Perim diff: ,1.07759, Perim diff Contribution: ,0,Frontier diff: ,0, Frontier diff Contribution ,0,Inverse Area ratio: ,0.964335, Inv Area Ratio Contribution: ,0,Inverse Perim ratio: ,1.06818, Inv Perim Contribution: ,0, Final Score: ,-134.417
Point: ,64,95,Repeat score:,1, Repeat contribution: ,-1,Dist:,25.0711, Dist contribution: ,-125.355, New scanned ratio: ,0.0243578, New Scanned Cells Contribution: ,0,Area ratio: ,0.866278, Area ratio Contribution: ,0,Perim diff: ,1.06977, Perim diff Contribution: ,0,Frontier diff: ,0, Frontier diff Contribution ,0,Inverse Area ratio: ,0.965609, Inv Area Ratio Contribution: ,0,Inverse Perim ratio: ,1.06422, Inv Perim Contribution: ,0, Final Score: ,-126.355
Point: ,61,95,Repeat score:,1, Repeat contribution: ,-1,Dist:,26.2975, Dist contribution: ,-131.488, New scanned ratio: ,0.0243578, New Scanned Cells Contribution: ,0,Area ratio: ,0.867053, Area ratio Contribution: ,0,Perim diff: ,1.06595, Perim diff Contribution: ,0,Frontier diff: ,0, Frontier diff Contribution ,0,Inverse Area ratio: ,0.965624, Inv Area Ratio Contribution: ,0,Inverse Perim ratio: ,1.05863, Inv Perim Contribution: ,0, Final Score: ,-132.488
Point: ,60,96,Repeat score:,1, Repeat contribution: ,-1,Dist:,27.9122, Dist contribution: ,-139.561, New scanned ratio: ,0.0260085, New Scanned Cells Contribution: ,0,Area ratio: ,0.864315, Area ratio Contribution: ,0,Perim diff: ,1.06611, Perim diff Contribution: ,0,Frontier diff: ,0, Frontier diff Contribution ,0,Inverse Area ratio: ,0.965021, Inv Area Ratio Contribution: ,0,Inverse Perim ratio: ,1.05953, Inv Perim Contribution: ,0, Final Score: ,-140.561
Point: ,55,96,Repeat score:,1, Repeat contribution: ,-1,Dist:,30.5629, Dist contribution: ,-152.814, New scanned ratio: ,0.0261293, New Scanned Cells Contribution: ,0,Area ratio: ,0.865543, Area ratio Contribution: ,0,Perim diff: ,1.06401, Perim diff Contribution: ,0,Frontier diff: ,0, Frontier diff Contribution ,0,Inverse Area ratio: ,0.964953, Inv Area Ratio Contribution: ,0,Inverse Perim ratio: ,1.05846, Inv Perim Contribution: ,0, Final Score: ,-153.814
Point: ,54,97,Repeat score:,1, Repeat contribution: ,-1,Dist:,32.2025, Dist contribution: ,-161.012, New scanned ratio: ,0.02778, New Scanned Cells Contribution: ,0,Area ratio: ,0.862521, Area ratio Contribution: ,0,Perim diff: ,1.06662, Perim diff Contribution: ,0,Frontier diff: ,0, Frontier diff Contribution ,0,Inverse Area ratio: ,0.96432, Inv Area Ratio Contribution: ,0,Inverse Perim ratio: ,1.06119, Inv Perim Contribution: ,0, Final Score: ,-162.012
Point: ,53,96,Repeat score:,1, Repeat contribution: ,-1,Dist:,31.7819, Dist contribution: ,-158.91, New scanned ratio: ,0.0262501, New Scanned Cells Contribution: ,0,Area ratio: ,0.865992, Area ratio Contribution: ,0,Perim diff: ,1.06295, Perim diff Contribution: ,0,Frontier diff: ,0, Frontier diff Contribution ,0,Inverse Area ratio: ,0.964915, Inv Area Ratio Contribution: ,0,Inverse Perim ratio: ,1.05789, Inv Perim Contribution: ,0, Final Score: ,-159.91
Point: ,48,96,Repeat score:,1, Repeat contribution: ,-1,Dist:,35.1438, Dist contribution: ,-175.719, New scanned ratio: ,0.0264514, New Scanned Cells Contribution: ,0,Area ratio: ,0.86686, Area ratio Contribution: ,0,Perim diff: ,1.06646, Perim diff Contribution: ,0,Frontier diff: ,0, Frontier diff Contribution ,0,Inverse Area ratio: ,0.964825, Inv Area Ratio Contribution: ,0,Inverse Perim ratio: ,1.06123, Inv Perim Contribution: ,0, Final Score: ,-176.719
Point: ,45,94,Repeat score:,1, Repeat contribution: ,-1,Dist:,35.6709, Dist contribution: ,-178.354, New scanned ratio: ,0.0235124, New Scanned Cells Contribution: ,0,Area ratio: ,0.873807, Area ratio Contribution: ,0,Perim diff: ,1.06317, Perim diff Contribution: ,0,Frontier diff: ,0, Frontier diff Contribution ,0,Inverse Area ratio: ,0.965926, Inv Area Ratio Contribution: ,0,Inverse Perim ratio: ,1.05776, Inv Perim Contribution: ,0, Final Score: ,-179.354
Point: ,41,96,Repeat score:,1, Repeat contribution: ,-1,Dist:,40.4239, Dist contribution: ,-202.119, New scanned ratio: ,0.0268138, New Scanned Cells Contribution: ,0,Area ratio: ,0.868185, Area ratio Contribution: ,0,Perim diff: ,1.06834, Perim diff Contribution: ,0,Frontier diff: ,0, Frontier diff Contribution ,0,Inverse Area ratio: ,0.964667, Inv Area Ratio Contribution: ,0,Inverse Perim ratio: ,1.06392, Inv Perim Contribution: ,0, Final Score: ,-203.119
BEST Point:,93,78, Score: ,-101.211
COUNT COMMAND: 1
Total frontiers: ,103, Prioritised frontiers: ,25
At: ,92,77,
Point: ,129,78,Repeat score:,1, Repeat contribution: ,-1,Dist:,37.0228, Dist contribution: ,-185.114, New scanned ratio: ,0.0259117, New Scanned Cells Contribution: ,0,Area ratio: ,0.937968, Area ratio Contribution: ,0,Perim diff: ,1.0579, Perim diff Contribution: ,0,Frontier diff: ,0, Frontier diff Contribution ,0,Inverse Area ratio: ,0.96561, Inv Area Ratio Contribution: ,0,Inverse Perim ratio: ,1.04687, Inv Perim Contribution: ,0, Final Score: ,-186.114
Point: ,128,79,Repeat score:,1, Repeat contribution: ,-1,Dist:,36.0938, Dist contribution: ,-180.469, New scanned ratio: ,0.0271418, New Scanned Cells Contribution: ,0,Area ratio: ,0.935409, Area ratio Contribution: ,0,Perim diff: ,1.05641, Perim diff Contribution: ,0,Frontier diff: ,0, Frontier diff Contribution ,0,Inverse Area ratio: ,0.965162, Inv Area Ratio Contribution: ,0,Inverse Perim ratio: ,1.04624, Inv Perim Contribution: ,0, Final Score: ,-181.469
Point: ,127,78,Repeat score:,1, Repeat contribution: ,-1,Dist:,35.0241, Dist contribution: ,-175.121, New scanned ratio: ,0.0252768, New Scanned Cells Contribution: ,0,Area ratio: ,0.938051, Area ratio Contribution: ,0,Perim diff: ,1.05414, Perim diff Contribution: ,0,Frontier diff: ,0, Frontier diff Contribution ,0,Inverse Area ratio: ,0.965883, Inv Area Ratio Contribution: ,0,Inverse Perim ratio: ,1.04438, Inv Perim Contribution: ,0, Final Score: ,-176.121
Point: ,122,78,Repeat score:,1, Repeat contribution: ,-1,Dist:,30.0282, Dist contribution: ,-150.141, New scanned ratio: ,0.0229356, New Scanned Cells Contribution: ,0,Area ratio: ,0.937642, Area ratio Contribution: ,0,Perim diff: ,1.04996, Perim diff Contribution: ,0,Frontier diff: ,0, Frontier diff Contribution ,0,Inverse Area ratio: ,0.966802, Inv Area Ratio Contribution: ,0,Inverse Perim ratio: ,1.04096, Inv Perim Contribution: ,0, Final Score: ,-151.141
Point: ,119,76,Repeat score:,1, Repeat contribution: ,-1,Dist:,27.0313, Dist contribution: ,-135.156, New scanned ratio: ,0.0184516, New Scanned Cells Contribution: ,0,Area ratio: ,0.941619, Area ratio Contribution: ,0,Perim diff: ,1.04945, Perim diff Contribution: ,0,Frontier diff: ,0, Frontier diff Contribution ,0,Inverse Area ratio: ,0.968099, Inv Area Ratio Contribution: ,0,Inverse Perim ratio: ,1.04033, Inv Perim Contribution: ,0, Final Score: ,-136.156
Point: ,117,76,Repeat score:,1, Repeat contribution: ,-1,Dist:,25.0338, Dist contribution: ,-125.169, New scanned ratio: ,0.0171422, New Scanned Cells Contribution: ,0,Area ratio: ,0.941147, Area ratio Contribution: ,0,Perim diff: ,1.04901, Perim diff Contribution: ,0,Frontier diff: ,0, Frontier diff Contribution ,0,Inverse Area ratio: ,0.967058, Inv Area Ratio Contribution: ,0,Inverse Perim ratio: ,1.03993, Inv Perim Contribution: ,0, Final Score: ,-126.169
Point: ,114,78,Repeat score:,1, Repeat contribution: ,-1,Dist:,22.0384, Dist contribution: ,-110.192, New scanned ratio: ,0.017658, New Scanned Cells Contribution: ,0,Area ratio: ,0.935366, Area ratio Contribution: ,0,Perim diff: ,1.04979, Perim diff Contribution: ,0,Frontier diff: ,0, Frontier diff Contribution ,0,Inverse Area ratio: ,0.966812, Inv Area Ratio Contribution: ,0,Inverse Perim ratio: ,1.04075, Inv Perim Contribution: ,0, Final Score: ,-111.192
Point: ,112,78,Repeat score:,1, Repeat contribution: ,-1,Dist:,20.0422, Dist contribution: ,-100.211, New scanned ratio: ,0.0163089, New Scanned Cells Contribution: ,0,Area ratio: ,0.934799, Area ratio Contribution: ,0,Perim diff: ,1.0491, Perim diff Contribution: ,0,Frontier diff: ,0, Frontier diff Contribution ,0,Inverse Area ratio: ,0.967319, Inv Area Ratio Contribution: ,0,Inverse Perim ratio: ,1.04013, Inv Perim Contribution: ,0, Final Score: ,-101.211
Point: ,112,83,Repeat score:,1, Repeat contribution: ,-1,Dist:,21.4672, Dist contribution: ,-107.336, New scanned ratio: ,0.0227769, New Scanned Cells Contribution: ,0,Area ratio: ,0.918347, Area ratio Contribution: ,0,Perim diff: ,1.05664, Perim diff Contribution: ,0,Frontier diff: ,0, Frontier diff Contribution ,0,Inverse Area ratio: ,0.964782, Inv Area Ratio Contribution: ,0,Inverse Perim ratio: ,1.04701, Inv Perim Contribution: ,0, Final Score: ,-108.336
Point: ,109,89,Repeat score:,1, Repeat contribution: ,-1,Dist:,23.0729, Dist contribution: ,-115.365, New scanned ratio: ,0.0288481, New Scanned Cells Contribution: ,0,Area ratio: ,0.897682, Area ratio Contribution: ,0,Perim diff: ,1.07185, Perim diff Contribution: ,0,Frontier diff: ,0, Frontier diff Contribution ,0,Inverse Area ratio: ,0.962358, Inv Area Ratio Contribution: ,0,Inverse Perim ratio: ,1.05953, Inv Perim Contribution: ,0, Final Score: ,-116.365
Point: ,104,94,Repeat score:,1, Repeat contribution: ,-1,Dist:,25.1478, Dist contribution: ,-125.739, New scanned ratio: ,0.0314273, New Scanned Cells Contribution: ,0,Area ratio: ,0.878575, Area ratio Contribution: ,0,Perim diff: ,1.09626, Perim diff Contribution: ,0,Frontier diff: ,0, Frontier diff Contribution ,0,Inverse Area ratio: ,0.959188, Inv Area Ratio Contribution: ,0,Inverse Perim ratio: ,1.07975, Inv Perim Contribution: ,0, Final Score: ,-126.739
Point: ,98,97,Repeat score:,1, Repeat contribution: ,-1,Dist:,26.6833, Dist contribution: ,-133.417, New scanned ratio: ,0.0311892, New Scanned Cells Contribution: ,0,Area ratio: ,0.866719, Area ratio Contribution: ,0,Perim diff: ,1.0917, Perim diff Contribution: ,0,Frontier diff: ,0, Frontier diff Contribution ,0,Inverse Area ratio: ,0.959294, Inv Area Ratio Contribution: ,0,Inverse Perim ratio: ,1.07788, Inv Perim Contribution: ,0, Final Score: ,-134.417
Point: ,93,97,Repeat score:,1, Repeat contribution: ,-1,Dist:,26.0192, Dist contribution: ,-130.096, New scanned ratio: ,0.0286497, New Scanned Cells Contribution: ,0,Area ratio: ,0.865905, Area ratio Contribution: ,0,Perim diff: ,1.08334, Perim diff Contribution: ,0,Frontier diff: ,0, Frontier diff Contribution ,0,Inverse Area ratio: ,0.960322, Inv Area Ratio Contribution: ,0,Inverse Perim ratio: ,1.07175, Inv Perim Contribution: ,0, Final Score: ,-131.096
Point: ,92,98,Repeat score:,1, Repeat contribution: ,-1,Dist:,27.3, Dist contribution: ,-136.5, New scanned ratio: ,0.029721, New Scanned Cells Contribution: ,0,Area ratio: ,0.86272, Area ratio Contribution: ,0,Perim diff: ,1.08548, Perim diff Contribution: ,0,Frontier diff: ,0, Frontier diff Contribution ,0,Inverse Area ratio: ,0.959898, Inv Area Ratio Contribution: ,0,Inverse Perim ratio: ,1.07387, Inv Perim Contribution: ,0, Final Score: ,-137.5
Point: ,91,97,Repeat score:,1, Repeat contribution: ,-1,Dist:,26.0192, Dist contribution: ,-130.096, New scanned ratio: ,0.0278957, New Scanned Cells Contribution: ,0,Area ratio: ,0.865823, Area ratio Contribution: ,0,Perim diff: ,1.08068, Perim diff Contribution: ,0,Frontier diff: ,0, Frontier diff Contribution ,0,Inverse Area ratio: ,0.960624, Inv Area Ratio Contribution: ,0,Inverse Perim ratio: ,1.06982, Inv Perim Contribution: ,0, Final Score: ,-131.096
Point: ,86,97,Repeat score:,1, Repeat contribution: ,-1,Dist:,26.6833, Dist contribution: ,-133.417, New scanned ratio: ,0.0266259, New Scanned Cells Contribution: ,0,Area ratio: ,0.866161, Area ratio Contribution: ,0,Perim diff: ,1.07728, Perim diff Contribution: ,0,Frontier diff: ,0, Frontier diff Contribution ,0,Inverse Area ratio: ,0.961115, Inv Area Ratio Contribution: ,0,Inverse Perim ratio: ,1.06746, Inv Perim Contribution: ,0, Final Score: ,-134.417
Point: ,83,95,Repeat score:,1, Repeat contribution: ,-1,Dist:,25.0711, Dist contribution: ,-125.355, New scanned ratio: ,0.0232927, New Scanned Cells Contribution: ,0,Area ratio: ,0.873026, Area ratio Contribution: ,0,Perim diff: ,1.07054, Perim diff Contribution: ,0,Frontier diff: ,0, Frontier diff Contribution ,0,Inverse Area ratio: ,0.962415, Inv Area Ratio Contribution: ,0,Inverse Perim ratio: ,1.06166, Inv Perim Contribution: ,0, Final Score: ,-126.355
Point: ,79,97,Repeat score:,1, Repeat contribution: ,-1,Dist:,29.0689, Dist contribution: ,-145.344, New scanned ratio: ,0.0264275, New Scanned Cells Contribution: ,0,Area ratio: ,0.867969, Area ratio Contribution: ,0,Perim diff: ,1.07244, Perim diff Contribution: ,0,Frontier diff: ,0, Frontier diff Contribution ,0,Inverse Area ratio: ,0.961213, Inv Area Ratio Contribution: ,0,Inverse Perim ratio: ,1.06414, Inv Perim Contribution: ,0, Final Score: ,-146.344
Point: ,74,97,Repeat score:,1, Repeat contribution: ,-1,Dist:,31.6228, Dist contribution: ,-158.114, New scanned ratio: ,0.0266259, New Scanned Cells Contribution: ,0,Area ratio: ,0.869523, Area ratio Contribution: ,0,Perim diff: ,1.06633, Perim diff Contribution: ,0,Frontier diff: ,0, Frontier diff Contribution ,0,Inverse Area ratio: ,0.961145, Inv Area Ratio Contribution: ,0,Inverse Perim ratio: ,1.05978, Inv Perim Contribution: ,0, Final Score: ,-159.114
Point: ,73,98,Repeat score:,1, Repeat contribution: ,-1,Dist:,33.2609, Dist contribution: ,-166.305, New scanned ratio: ,0.0281735, New Scanned Cells Contribution: ,0,Area ratio: ,0.866693, Area ratio Contribution: ,0,Perim diff: ,1.07183, Perim diff Contribution: ,0,Frontier diff: ,0, Frontier diff Contribution ,0,Inverse Area ratio: ,0.960511, Inv Area Ratio Contribution: ,0,Inverse Perim ratio: ,1.06444, Inv Perim Contribution: ,0, Final Score: ,-167.305
Point: ,72,97,Repeat score:,1, Repeat contribution: ,-1,Dist:,32.8024, Dist contribution: ,-164.012, New scanned ratio: ,0.0266656, New Scanned Cells Contribution: ,0,Area ratio: ,0.870074, Area ratio Contribution: ,0,Perim diff: ,1.06832, Perim diff Contribution: ,0,Frontier diff: ,0, Frontier diff Contribution ,0,Inverse Area ratio: ,0.961115, Inv Area Ratio Contribution: ,0,Inverse Perim ratio: ,1.06132, Inv Perim Contribution: ,0, Final Score: ,-165.012
Point: ,67,97,Repeat score:,1, Repeat contribution: ,-1,Dist:,36.0694, Dist contribution: ,-180.347, New scanned ratio: ,0.0269037, New Scanned Cells Contribution: ,0,Area ratio: ,0.871618, Area ratio Contribution: ,0,Perim diff: ,1.06952, Perim diff Contribution: ,0,Frontier diff: ,0, Frontier diff Contribution ,0,Inverse Area ratio: ,0.961017, Inv Area Ratio Contribution: ,0,Inverse Perim ratio: ,1.06256, Inv Perim Contribution: ,0, Final Score: ,-181.347
Point: ,64,95,Repeat score:,1, Repeat contribution: ,-1,Dist:,36.4905, Dist contribution: ,-182.453, New scanned ratio: ,0.0239673, New Scanned Cells Contribution: ,0,Area ratio: ,0.878861, Area ratio Contribution: ,0,Perim diff: ,1.06582, Perim diff Contribution: ,0,Frontier diff: ,0, Frontier diff Contribution ,0,Inverse Area ratio: ,0.962151, Inv Area Ratio Contribution: ,0,Inverse Perim ratio: ,1.06149, Inv Perim Contribution: ,0, Final Score: ,-183.453
Point: ,61,95,Repeat score:,1, Repeat contribution: ,-1,Dist:,38.8402, Dist contribution: ,-194.201, New scanned ratio: ,0.024007, New Scanned Cells Contribution: ,0,Area ratio: ,0.879682, Area ratio Contribution: ,0,Perim diff: ,1.06554, Perim diff Contribution: ,0,Frontier diff: ,0, Frontier diff Contribution ,0,Inverse Area ratio: ,0.962143, Inv Area Ratio Contribution: ,0,Inverse Perim ratio: ,1.0588, Inv Perim Contribution: ,0, Final Score: ,-195.201
Point: ,60,96,Repeat score:,1, Repeat contribution: ,-1,Dist:,40.4239, Dist contribution: ,-202.119, New scanned ratio: ,0.0256339, New Scanned Cells Contribution: ,0,Area ratio: ,0.876883, Area ratio Contribution: ,0,Perim diff: ,1.0657, Perim diff Contribution: ,0,Frontier diff: ,0, Frontier diff Contribution ,0,Inverse Area ratio: ,0.961523, Inv Area Ratio Contribution: ,0,Inverse Perim ratio: ,1.0596, Inv Perim Contribution: ,0, Final Score: ,-203.119
BEST Point:,112,78, Score: ,-101.211
COUNT COMMAND: 1
Total frontiers: ,102, Prioritised frontiers: ,24
At: ,111,77,
Point: ,149,78,Repeat score:,1, Repeat contribution: ,-1,Dist:,38.0222, Dist contribution: ,-190.111, New scanned ratio: ,0.0258176, New Scanned Cells Contribution: ,0,Area ratio: ,0.944671, Area ratio Contribution: ,0,Perim diff: ,1.05908, Perim diff Contribution: ,0,Frontier diff: ,0, Frontier diff Contribution ,0,Inverse Area ratio: ,0.962015, Inv Area Ratio Contribution: ,0,Inverse Perim ratio: ,1.04797, Inv Perim Contribution: ,0, Final Score: ,-191.111
Point: ,148,79,Repeat score:,1, Repeat contribution: ,-1,Dist:,37.0912, Dist contribution: ,-185.456, New scanned ratio: ,0.0270693, New Scanned Cells Contribution: ,0,Area ratio: ,0.942483, Area ratio Contribution: ,0,Perim diff: ,1.05919, Perim diff Contribution: ,0,Frontier diff: ,0, Frontier diff Contribution ,0,Inverse Area ratio: ,0.961544, Inv Area Ratio Contribution: ,0,Inverse Perim ratio: ,1.04847, Inv Perim Contribution: ,0, Final Score: ,-186.456
Point: ,147,78,Repeat score:,1, Repeat contribution: ,-1,Dist:,36.0235, Dist contribution: ,-180.117, New scanned ratio: ,0.0252699, New Scanned Cells Contribution: ,0,Area ratio: ,0.944831, Area ratio Contribution: ,0,Perim diff: ,1.05532, Perim diff Contribution: ,0,Frontier diff: ,0, Frontier diff Contribution ,0,Inverse Area ratio: ,0.962259, Inv Area Ratio Contribution: ,0,Inverse Perim ratio: ,1.04542, Inv Perim Contribution: ,0, Final Score: ,-181.117
Point: ,142,78,Repeat score:,1, Repeat contribution: ,-1,Dist:,31.0272, Dist contribution: ,-155.136, New scanned ratio: ,0.0231184, New Scanned Cells Contribution: ,0,Area ratio: ,0.944602, Area ratio Contribution: ,0,Perim diff: ,1.05094, Perim diff Contribution: ,0,Frontier diff: ,0, Frontier diff Contribution ,0,Inverse Area ratio: ,0.963118, Inv Area Ratio Contribution: ,0,Inverse Perim ratio: ,1.04191, Inv Perim Contribution: ,0, Final Score: ,-156.136
Point: ,139,76,Repeat score:,1, Repeat contribution: ,-1,Dist:,28.0302, Dist contribution: ,-140.151, New scanned ratio: ,0.0187373, New Scanned Cells Contribution: ,0,Area ratio: ,0.948277, Area ratio Contribution: ,0,Perim diff: ,1.04877, Perim diff Contribution: ,0,Frontier diff: ,0, Frontier diff Contribution ,0,Inverse Area ratio: ,0.964566, Inv Area Ratio Contribution: ,0,Inverse Perim ratio: ,1.04002, Inv Perim Contribution: ,0, Final Score: ,-141.151
Point: ,137,76,Repeat score:,1, Repeat contribution: ,-1,Dist:,26.0325, Dist contribution: ,-130.162, New scanned ratio: ,0.0174855, New Scanned Cells Contribution: ,0,Area ratio: ,0.947796, Area ratio Contribution: ,0,Perim diff: ,1.0488, Perim diff Contribution: ,0,Frontier diff: ,0, Frontier diff Contribution ,0,Inverse Area ratio: ,0.96339, Inv Area Ratio Contribution: ,0,Inverse Perim ratio: ,1.03998, Inv Perim Contribution: ,0, Final Score: ,-131.162
Point: ,134,78,Repeat score:,1, Repeat contribution: ,-1,Dist:,23.0367, Dist contribution: ,-115.184, New scanned ratio: ,0.0180723, New Scanned Cells Contribution: ,0,Area ratio: ,0.942492, Area ratio Contribution: ,0,Perim diff: ,1.0494, Perim diff Contribution: ,0,Frontier diff: ,0, Frontier diff Contribution ,0,Inverse Area ratio: ,0.963083, Inv Area Ratio Contribution: ,0,Inverse Perim ratio: ,1.04069, Inv Perim Contribution: ,0, Final Score: ,-116.184
Point: ,131,78,Repeat score:,1, Repeat contribution: ,-1,Dist:,20.0422, Dist contribution: ,-100.211, New scanned ratio: ,0.0160773, New Scanned Cells Contribution: ,0,Area ratio: ,0.941693, Area ratio Contribution: ,0,Perim diff: ,1.0489, Perim diff Contribution: ,0,Frontier diff: ,0, Frontier diff Contribution ,0,Inverse Area ratio: ,0.963857, Inv Area Ratio Contribution: ,0,Inverse Perim ratio: ,1.03995, Inv Perim Contribution: ,0, Final Score: ,-101.211
Point: ,131,83,Repeat score:,1, Repeat contribution: ,-1,Dist:,21.4672, Dist contribution: ,-107.336, New scanned ratio: ,0.0224535, New Scanned Cells Contribution: ,0,Area ratio: ,0.925803, Area ratio Contribution: ,0,Perim diff: ,1.05664, Perim diff Contribution: ,0,Frontier diff: ,0, Frontier diff Contribution ,0,Inverse Area ratio: ,0.961307, Inv Area Ratio Contribution: ,0,Inverse Perim ratio: ,1.04695, Inv Perim Contribution: ,0, Final Score: ,-108.336
Point: ,128,89,Repeat score:,1, Repeat contribution: ,-1,Dist:,23.0729, Dist contribution: ,-115.365, New scanned ratio: ,0.0284384, New Scanned Cells Contribution: ,0,Area ratio: ,0.904418, Area ratio Contribution: ,0,Perim diff: ,1.07169, Perim diff Contribution: ,0,Frontier diff: ,0, Frontier diff Contribution ,0,Inverse Area ratio: ,0.958885, Inv Area Ratio Contribution: ,0,Inverse Perim ratio: ,1.05964, Inv Perim Contribution: ,0, Final Score: ,-116.365
Point: ,123,94,Repeat score:,1, Repeat contribution: ,-1,Dist:,25.1478, Dist contribution: ,-125.739, New scanned ratio: ,0.0309811, New Scanned Cells Contribution: ,0,Area ratio: ,0.885885, Area ratio Contribution: ,0,Perim diff: ,1.09363, Perim diff Contribution: ,0,Frontier diff: ,0, Frontier diff Contribution ,0,Inverse Area ratio: ,0.955724, Inv Area Ratio Contribution: ,0,Inverse Perim ratio: ,1.07778, Inv Perim Contribution: ,0, Final Score: ,-126.739
Point: ,117,97,Repeat score:,1, Repeat contribution: ,-1,Dist:,26.6833, Dist contribution: ,-133.417, New scanned ratio: ,0.0307464, New Scanned Cells Contribution: ,0,Area ratio: ,0.874001, Area ratio Contribution: ,0,Perim diff: ,1.09205, Perim diff Contribution: ,0,Frontier diff: ,0, Frontier diff Contribution ,0,Inverse Area ratio: ,0.955814, Inv Area Ratio Contribution: ,0,Inverse Perim ratio: ,1.07785, Inv Perim Contribution: ,0, Final Score: ,-134.417
Point: ,112,97,Repeat score:,1, Repeat contribution: ,-1,Dist:,26.0192, Dist contribution: ,-130.096, New scanned ratio: ,0.0282428, New Scanned Cells Contribution: ,0,Area ratio: ,0.873202, Area ratio Contribution: ,0,Perim diff: ,1.0838, Perim diff Contribution: ,0,Frontier diff: ,0, Frontier diff Contribution ,0,Inverse Area ratio: ,0.956844, Inv Area Ratio Contribution: ,0,Inverse Perim ratio: ,1.07172, Inv Perim Contribution: ,0, Final Score: ,-131.096
Point: ,111,98,Repeat score:,1, Repeat contribution: ,-1,Dist:,27.3, Dist contribution: ,-136.5, New scanned ratio: ,0.029299, New Scanned Cells Contribution: ,0,Area ratio: ,0.870002, Area ratio Contribution: ,0,Perim diff: ,1.08601, Perim diff Contribution: ,0,Frontier diff: ,0, Frontier diff Contribution ,0,Inverse Area ratio: ,0.95642, Inv Area Ratio Contribution: ,0,Inverse Perim ratio: ,1.07383, Inv Perim Contribution: ,0, Final Score: ,-137.5
Point: ,110,97,Repeat score:,1, Repeat contribution: ,-1,Dist:,26.0192, Dist contribution: ,-130.096, New scanned ratio: ,0.0274996, New Scanned Cells Contribution: ,0,Area ratio: ,0.873125, Area ratio Contribution: ,0,Perim diff: ,1.0812, Perim diff Contribution: ,0,Frontier diff: ,0, Frontier diff Contribution ,0,Inverse Area ratio: ,0.957147, Inv Area Ratio Contribution: ,0,Inverse Perim ratio: ,1.06978, Inv Perim Contribution: ,0, Final Score: ,-131.096
Point: ,105,97,Repeat score:,1, Repeat contribution: ,-1,Dist:,26.6833, Dist contribution: ,-133.417, New scanned ratio: ,0.0262478, New Scanned Cells Contribution: ,0,Area ratio: ,0.873473, Area ratio Contribution: ,0,Perim diff: ,1.07794, Perim diff Contribution: ,0,Frontier diff: ,0, Frontier diff Contribution ,0,Inverse Area ratio: ,0.95764, Inv Area Ratio Contribution: ,0,Inverse Perim ratio: ,1.06742, Inv Perim Contribution: ,0, Final Score: ,-134.417
Point: ,102,95,Repeat score:,1, Repeat contribution: ,-1,Dist:,25.0711, Dist contribution: ,-125.355, New scanned ratio: ,0.022962, New Scanned Cells Contribution: ,0,Area ratio: ,0.880327, Area ratio Contribution: ,0,Perim diff: ,1.07077, Perim diff Contribution: ,0,Frontier diff: ,0, Frontier diff Contribution ,0,Inverse Area ratio: ,0.958965, Inv Area Ratio Contribution: ,0,Inverse Perim ratio: ,1.06134, Inv Perim Contribution: ,0, Final Score: ,-126.355
Point: ,98,97,Repeat score:,1, Repeat contribution: ,-1,Dist:,29.0689, Dist contribution: ,-145.344, New scanned ratio: ,0.0259349, New Scanned Cells Contribution: ,0,Area ratio: ,0.875184, Area ratio Contribution: ,0,Perim diff: ,1.07009, Perim diff Contribution: ,0,Frontier diff: ,0, Frontier diff Contribution ,0,Inverse Area ratio: ,0.957814, Inv Area Ratio Contribution: ,0,Inverse Perim ratio: ,1.06171, Inv Perim Contribution: ,0, Final Score: ,-146.344
Point: ,93,97,Repeat score:,1, Repeat contribution: ,-1,Dist:,31.6228, Dist contribution: ,-158.114, New scanned ratio: ,0.0258958, New Scanned Cells Contribution: ,0,Area ratio: ,0.87652, Area ratio Contribution: ,0,Perim diff: ,1.06631, Perim diff Contribution: ,0,Frontier diff: ,0, Frontier diff Contribution ,0,Inverse Area ratio: ,0.957821, Inv Area Ratio Contribution: ,0,Inverse Perim ratio: ,1.05889, Inv Perim Contribution: ,0, Final Score: ,-159.114
Point: ,92,98,Repeat score:,1, Repeat contribution: ,-1,Dist:,33.2609, Dist contribution: ,-166.305, New scanned ratio: ,0.0274214, New Scanned Cells Contribution: ,0,Area ratio: ,0.873656, Area ratio Contribution: ,0,Perim diff: ,1.07188, Perim diff Contribution: ,0,Frontier diff: ,0, Frontier diff Contribution ,0,Inverse Area ratio: ,0.9572, Inv Area Ratio Contribution: ,0,Inverse Perim ratio: ,1.06356, Inv Perim Contribution: ,0, Final Score: ,-167.305
Point: ,91,97,Repeat score:,1, Repeat contribution: ,-1,Dist:,32.8024, Dist contribution: ,-164.012, New scanned ratio: ,0.0258958, New Scanned Cells Contribution: ,0,Area ratio: ,0.877055, Area ratio Contribution: ,0,Perim diff: ,1.06625, Perim diff Contribution: ,0,Frontier diff: ,0, Frontier diff Contribution ,0,Inverse Area ratio: ,0.957821, Inv Area Ratio Contribution: ,0,Inverse Perim ratio: ,1.05889, Inv Perim Contribution: ,0, Final Score: ,-165.012
Point: ,86,97,Repeat score:,1, Repeat contribution: ,-1,Dist:,36.0694, Dist contribution: ,-180.347, New scanned ratio: ,0.0259349, New Scanned Cells Contribution: ,0,Area ratio: ,0.878397, Area ratio Contribution: ,0,Perim diff: ,1.06977, Perim diff Contribution: ,0,Frontier diff: ,0, Frontier diff Contribution ,0,Inverse Area ratio: ,0.957799, Inv Area Ratio Contribution: ,0,Inverse Perim ratio: ,1.06167, Inv Perim Contribution: ,0, Final Score: ,-181.347
Point: ,83,95,Repeat score:,1, Repeat contribution: ,-1,Dist:,36.4905, Dist contribution: ,-182.453, New scanned ratio: ,0.0229229, New Scanned Cells Contribution: ,0,Area ratio: ,0.885569, Area ratio Contribution: ,0,Perim diff: ,1.06714, Perim diff Contribution: ,0,Frontier diff: ,0, Frontier diff Contribution ,0,Inverse Area ratio: ,0.958958, Inv Area Ratio Contribution: ,0,Inverse Perim ratio: ,1.05876, Inv Perim Contribution: ,0, Final Score: ,-183.453
Point: ,79,97,Repeat score:,1, Repeat contribution: ,-1,Dist:,41.2311, Dist contribution: ,-206.155, New scanned ratio: ,0.0260523, New Scanned Cells Contribution: ,0,Area ratio: ,0.880384, Area ratio Contribution: ,0,Perim diff: ,1.07267, Perim diff Contribution: ,0,Frontier diff: ,0, Frontier diff Contribution ,0,Inverse Area ratio: ,0.957731, Inv Area Ratio Contribution: ,0,Inverse Perim ratio: ,1.06411, Inv Perim Contribution: ,0, Final Score: ,-207.155
BEST Point:,131,78, Score: ,-101.211
COUNT COMMAND: 1
Total frontiers: ,101, Prioritised frontiers: ,24
At: ,130,77,
Point: ,169,78,Repeat score:,1, Repeat contribution: ,-1,Dist:,39.0217, Dist contribution: ,-195.108, New scanned ratio: ,0.0256875, New Scanned Cells Contribution: ,0,Area ratio: ,0.95098, Area ratio Contribution: ,0,Perim diff: ,1.06015, Perim diff Contribution: ,0,Frontier diff: ,0, Frontier diff Contribution ,0,Inverse Area ratio: ,0.958413, Inv Area Ratio Contribution: ,0,Inverse Perim ratio: ,1.04908, Inv Perim Contribution: ,0, Final Score: ,-196.108
Point: ,168,79,Repeat score:,1, Repeat contribution: ,-1,Dist:,38.0888, Dist contribution: ,-190.444, New scanned ratio: ,0.0269989, New Scanned Cells Contribution: ,0,Area ratio: ,0.948705, Area ratio Contribution: ,0,Perim diff: ,1.05854, Perim diff Contribution: ,0,Frontier diff: ,0, Frontier diff Contribution ,0,Inverse Area ratio: ,0.957925, Inv Area Ratio Contribution: ,0,Inverse Perim ratio: ,1.04838, Inv Perim Contribution: ,0, Final Score: ,-191.444
Point: ,167,78,Repeat score:,1, Repeat contribution: ,-1,Dist:,37.0228, Dist contribution: ,-185.114, New scanned ratio: ,0.0252247, New Scanned Cells Contribution: ,0,Area ratio: ,0.951322, Area ratio Contribution: ,0,Perim diff: ,1.05667, Perim diff Contribution: ,0,Frontier diff: ,0, Frontier diff Contribution ,0,Inverse Area ratio: ,0.958626, Inv Area Ratio Contribution: ,0,Inverse Perim ratio: ,1.04653, Inv Perim Contribution: ,0, Final Score: ,-186.114
Point: ,162,78,Repeat score:,1, Repeat contribution: ,-1,Dist:,32.0264, Dist contribution: ,-160.132, New scanned ratio: ,0.0232962, New Scanned Cells Contribution: ,0,Area ratio: ,0.951443, Area ratio Contribution: ,0,Perim diff: ,1.05045, Perim diff Contribution: ,0,Frontier diff: ,0, Frontier diff Contribution ,0,Inverse Area ratio: ,0.959426, Inv Area Ratio Contribution: ,0,Inverse Perim ratio: ,1.04182, Inv Perim Contribution: ,0, Final Score: ,-161.132
Point: ,159,76,Repeat score:,1, Repeat contribution: ,-1,Dist:,29.0291, Dist contribution: ,-145.146, New scanned ratio: ,0.0189764, New Scanned Cells Contribution: ,0,Area ratio: ,0.954889, Area ratio Contribution: ,0,Perim diff: ,1.04982, Perim diff Contribution: ,0,Frontier diff: ,0, Frontier diff Contribution ,0,Inverse Area ratio: ,0.960995, Inv Area Ratio Contribution: ,0,Inverse Perim ratio: ,1.04102, Inv Perim Contribution: ,0, Final Score: ,-146.146
Point: ,157,76,Repeat score:,1, Repeat contribution: ,-1,Dist:,27.0313, Dist contribution: ,-135.156, New scanned ratio: ,0.0177807, New Scanned Cells Contribution: ,0,Area ratio: ,0.954434, Area ratio Contribution: ,0,Perim diff: ,1.0493, Perim diff Contribution: ,0,Frontier diff: ,0, Frontier diff Contribution ,0,Inverse Area ratio: ,0.959668, Inv Area Ratio Contribution: ,0,Inverse Perim ratio: ,1.04058, Inv Perim Contribution: ,0, Final Score: ,-136.156
Point: ,154,78,Repeat score:,1, Repeat contribution: ,-1,Dist:,24.0352, Dist contribution: ,-120.176, New scanned ratio: ,0.0184364, New Scanned Cells Contribution: ,0,Area ratio: ,0.949477, Area ratio Contribution: ,0,Perim diff: ,1.04953, Perim diff Contribution: ,0,Frontier diff: ,0, Frontier diff Contribution ,0,Inverse Area ratio: ,0.959353, Inv Area Ratio Contribution: ,0,Inverse Perim ratio: ,1.04105, Inv Perim Contribution: ,0, Final Score: ,-121.176
Point: ,150,78,Repeat score:,1, Repeat contribution: ,-1,Dist:,20.0422, Dist contribution: ,-100.211, New scanned ratio: ,0.0158522, New Scanned Cells Contribution: ,0,Area ratio: ,0.948454, Area ratio Contribution: ,0,Perim diff: ,1.04846, Perim diff Contribution: ,0,Frontier diff: ,0, Frontier diff Contribution ,0,Inverse Area ratio: ,0.960365, Inv Area Ratio Contribution: ,0,Inverse Perim ratio: ,1.04017, Inv Perim Contribution: ,0, Final Score: ,-101.211
Point: ,150,83,Repeat score:,1, Repeat contribution: ,-1,Dist:,21.4672, Dist contribution: ,-107.336, New scanned ratio: ,0.0221391, New Scanned Cells Contribution: ,0,Area ratio: ,0.93255, Area ratio Contribution: ,0,Perim diff: ,1.05612, Perim diff Contribution: ,0,Frontier diff: ,0, Frontier diff Contribution ,0,Inverse Area ratio: ,0.957817, Inv Area Ratio Contribution: ,0,Inverse Perim ratio: ,1.04687, Inv Perim Contribution: ,0, Final Score: ,-108.336
Point: ,147,89,Repeat score:,1, Repeat contribution: ,-1,Dist:,23.0729, Dist contribution: ,-115.365, New scanned ratio: ,0.0280403, New Scanned Cells Contribution: ,0,Area ratio: ,0.911082, Area ratio Contribution: ,0,Perim diff: ,1.07111, Perim diff Contribution: ,0,Frontier diff: ,0, Frontier diff Contribution ,0,Inverse Area ratio: ,0.95539, Inv Area Ratio Contribution: ,0,Inverse Perim ratio: ,1.05956, Inv Perim Contribution: ,0, Final Score: ,-116.365
Point: ,142,94,Repeat score:,1, Repeat contribution: ,-1,Dist:,25.1478, Dist contribution: ,-125.739, New scanned ratio: ,0.0305473, New Scanned Cells Contribution: ,0,Area ratio: ,0.892746, Area ratio Contribution: ,0,Perim diff: ,1.09123, Perim diff Contribution: ,0,Frontier diff: ,0, Frontier diff Contribution ,0,Inverse Area ratio: ,0.952237, Inv Area Ratio Contribution: ,0,Inverse Perim ratio: ,1.07635, Inv Perim Contribution: ,0, Final Score: ,-126.739
Point: ,136,97,Repeat score:,1, Repeat contribution: ,-1,Dist:,26.6833, Dist contribution: ,-133.417, New scanned ratio: ,0.0303159, New Scanned Cells Contribution: ,0,Area ratio: ,0.881182, Area ratio Contribution: ,0,Perim diff: ,1.0916, Perim diff Contribution: ,0,Frontier diff: ,0, Frontier diff Contribution ,0,Inverse Area ratio: ,0.95232, Inv Area Ratio Contribution: ,0,Inverse Perim ratio: ,1.07778, Inv Perim Contribution: ,0, Final Score: ,-134.417
Point: ,131,97,Repeat score:,1, Repeat contribution: ,-1,Dist:,26.0192, Dist contribution: ,-130.096, New scanned ratio: ,0.0278474, New Scanned Cells Contribution: ,0,Area ratio: ,0.8804, Area ratio Contribution: ,0,Perim diff: ,1.08346, Perim diff Contribution: ,0,Frontier diff: ,0, Frontier diff Contribution ,0,Inverse Area ratio: ,0.953352, Inv Area Ratio Contribution: ,0,Inverse Perim ratio: ,1.07165, Inv Perim Contribution: ,0, Final Score: ,-131.096
Point: ,130,98,Repeat score:,1, Repeat contribution: ,-1,Dist:,27.3, Dist contribution: ,-136.5, New scanned ratio: ,0.0288888, New Scanned Cells Contribution: ,0,Area ratio: ,0.877184, Area ratio Contribution: ,0,Perim diff: ,1.0857, Perim diff Contribution: ,0,Frontier diff: ,0, Frontier diff Contribution ,0,Inverse Area ratio: ,0.952927, Inv Area Ratio Contribution: ,0,Inverse Perim ratio: ,1.07377, Inv Perim Contribution: ,0, Final Score: ,-137.5
Point: ,129,97,Repeat score:,1, Repeat contribution: ,-1,Dist:,26.0192, Dist contribution: ,-130.096, New scanned ratio: ,0.0271146, New Scanned Cells Contribution: ,0,Area ratio: ,0.880327, Area ratio Contribution: ,0,Perim diff: ,1.08089, Perim diff Contribution: ,0,Frontier diff: ,0, Frontier diff Contribution ,0,Inverse Area ratio: ,0.953656, Inv Area Ratio Contribution: ,0,Inverse Perim ratio: ,1.06972, Inv Perim Contribution: ,0, Final Score: ,-131.096
Point: ,124,97,Repeat score:,1, Repeat contribution: ,-1,Dist:,26.6833, Dist contribution: ,-133.417, New scanned ratio: ,0.0258804, New Scanned Cells Contribution: ,0,Area ratio: ,0.880684, Area ratio Contribution: ,0,Perim diff: ,1.07772, Perim diff Contribution: ,0,Frontier diff: ,0, Frontier diff Contribution ,0,Inverse Area ratio: ,0.954149, Inv Area Ratio Contribution: ,0,Inverse Perim ratio: ,1.06736, Inv Perim Contribution: ,0, Final Score: ,-134.417
Point: ,121,95,Repeat score:,1, Repeat contribution: ,-1,Dist:,25.0711, Dist contribution: ,-125.355, New scanned ratio: ,0.0226405, New Scanned Cells Contribution: ,0,Area ratio: ,0.887577, Area ratio Contribution: ,0,Perim diff: ,1.07057, Perim diff Contribution: ,0,Frontier diff: ,0, Frontier diff Contribution ,0,Inverse Area ratio: ,0.955478, Inv Area Ratio Contribution: ,0,Inverse Perim ratio: ,1.06128, Inv Perim Contribution: ,0, Final Score: ,-126.355
Point: ,117,97,Repeat score:,1, Repeat contribution: ,-1,Dist:,29.0689, Dist contribution: ,-145.344, New scanned ratio: ,0.0255718, New Scanned Cells Contribution: ,0,Area ratio: ,0.8824, Area ratio Contribution: ,0,Perim diff: ,1.07003, Perim diff Contribution: ,0,Frontier diff: ,0, Frontier diff Contribution ,0,Inverse Area ratio: ,0.954324, Inv Area Ratio Contribution: ,0,Inverse Perim ratio: ,1.06165, Inv Perim Contribution: ,0, Final Score: ,-146.344
Point: ,112,97,Repeat score:,1, Repeat contribution: ,-1,Dist:,31.6228, Dist contribution: ,-158.114, New scanned ratio: ,0.0255332, New Scanned Cells Contribution: ,0,Area ratio: ,0.883739, Area ratio Contribution: ,0,Perim diff: ,1.06636, Perim diff Contribution: ,0,Frontier diff: ,0, Frontier diff Contribution ,0,Inverse Area ratio: ,0.954332, Inv Area Ratio Contribution: ,0,Inverse Perim ratio: ,1.05883, Inv Perim Contribution: ,0, Final Score: ,-159.114
Point: ,111,98,Repeat score:,1, Repeat contribution: ,-1,Dist:,33.2609, Dist contribution: ,-166.305, New scanned ratio: ,0.0270375, New Scanned Cells Contribution: ,0,Area ratio: ,0.880858, Area ratio Contribution: ,0,Perim diff: ,1.07201, Perim diff Contribution: ,0,Frontier diff: ,0, Frontier diff Contribution ,0,Inverse Area ratio: ,0.953709, Inv Area Ratio Contribution: ,0,Inverse Perim ratio: ,1.06349, Inv Perim Contribution: ,0, Final Score: ,-167.305
Point: ,110,97,Repeat score:,1, Repeat contribution: ,-1,Dist:,32.8024, Dist contribution: ,-164.012, New scanned ratio: ,0.0255332, New Scanned Cells Contribution: ,0,Area ratio: ,0.884276, Area ratio Contribution: ,0,Perim diff: ,1.06636, Perim diff Contribution: ,0,Frontier diff: ,0, Frontier diff Contribution ,0,Inverse Area ratio: ,0.954332, Inv Area Ratio Contribution: ,0,Inverse Perim ratio: ,1.05883, Inv Perim Contribution: ,0, Final Score: ,-165.012
Point: ,105,97,Repeat score:,1, Repeat contribution: ,-1,Dist:,36.0694, Dist contribution: ,-180.347, New scanned ratio: ,0.0255718, New Scanned Cells Contribution: ,0,Area ratio: ,0.885621, Area ratio Contribution: ,0,Perim diff: ,1.07001, Perim diff Contribution: ,0,Frontier diff: ,0, Frontier diff Contribution ,0,Inverse Area ratio: ,0.954309, Inv Area Ratio Contribution: ,0,Inverse Perim ratio: ,1.0616, Inv Perim Contribution: ,0, Final Score: ,-181.347
Point: ,102,95,Repeat score:,1, Repeat contribution: ,-1,Dist:,36.4905, Dist contribution: ,-182.453, New scanned ratio: ,0.0226019, New Scanned Cells Contribution: ,0,Area ratio: ,0.89278, Area ratio Contribution: ,0,Perim diff: ,1.06697, Perim diff Contribution: ,0,Frontier diff: ,0, Frontier diff Contribution ,0,Inverse Area ratio: ,0.955493, Inv Area Ratio Contribution: ,0,Inverse Perim ratio: ,1.05841, Inv Perim Contribution: ,0, Final Score: ,-183.453
Point: ,98,97,Repeat score:,1, Repeat contribution: ,-1,Dist:,41.2311, Dist contribution: ,-206.155, New scanned ratio: ,0.0255718, New Scanned Cells Contribution: ,0,Area ratio: ,0.88751, Area ratio Contribution: ,0,Perim diff: ,1.06992, Perim diff Contribution: ,0,Frontier diff: ,0, Frontier diff Contribution ,0,Inverse Area ratio: ,0.954316, Inv Area Ratio Contribution: ,0,Inverse Perim ratio: ,1.06166, Inv Perim Contribution: ,0, Final Score: ,-207.155
BEST Point:,150,78, Score: ,-101.211
COUNT COMMAND: 1
Total frontiers: ,100, Prioritised frontiers: ,23
At: ,149,77,
Point: ,188,79,Repeat score:,1, Repeat contribution: ,-1,Dist:,39.0866, Dist contribution: ,-195.433, New scanned ratio: ,0.0268543, New Scanned Cells Contribution: ,0,Area ratio: ,0.954505, Area ratio Contribution: ,0,Perim diff: ,1.06116, Perim diff Contribution: ,0,Frontier diff: ,0, Frontier diff Contribution ,0,Inverse Area ratio: ,0.954306, Inv Area Ratio Contribution: ,0,Inverse Perim ratio: ,1.05065, Inv Perim Contribution: ,0, Final Score: ,-196.433
Point: ,187,78,Repeat score:,1, Repeat contribution: ,-1,Dist:,38.0222, Dist contribution: ,-190.111, New scanned ratio: ,0.0251426, New Scanned Cells Contribution: ,0,Area ratio: ,0.957146, Area ratio Contribution: ,0,Perim diff: ,1.05763, Perim diff Contribution: ,0,Frontier diff: ,0, Frontier diff Contribution ,0,Inverse Area ratio: ,0.955001, Inv Area Ratio Contribution: ,0,Inverse Perim ratio: ,1.04761, Inv Perim Contribution: ,0, Final Score: ,-191.111
Point: ,182,78,Repeat score:,1, Repeat contribution: ,-1,Dist:,33.0256, Dist contribution: ,-165.128, New scanned ratio: ,0.023431, New Scanned Cells Contribution: ,0,Area ratio: ,0.957458, Area ratio Contribution: ,0,Perim diff: ,1.05092, Perim diff Contribution: ,0,Frontier diff: ,0, Frontier diff Contribution ,0,Inverse Area ratio: ,0.955734, Inv Area Ratio Contribution: ,0,Inverse Perim ratio: ,1.04252, Inv Perim Contribution: ,0, Final Score: ,-166.128
Point: ,179,76,Repeat score:,1, Repeat contribution: ,-1,Dist:,30.0282, Dist contribution: ,-150.141, New scanned ratio: ,0.0192088, New Scanned Cells Contribution: ,0,Area ratio: ,0.961152, Area ratio Contribution: ,0,Perim diff: ,1.0493, Perim diff Contribution: ,0,Frontier diff: ,0, Frontier diff Contribution ,0,Inverse Area ratio: ,0.95743, Inv Area Ratio Contribution: ,0,Inverse Perim ratio: ,1.04092, Inv Perim Contribution: ,0, Final Score: ,-151.141
Point: ,177,76,Repeat score:,1, Repeat contribution: ,-1,Dist:,28.0302, Dist contribution: ,-140.151, New scanned ratio: ,0.0180677, New Scanned Cells Contribution: ,0,Area ratio: ,0.960793, Area ratio Contribution: ,0,Perim diff: ,1.04848, Perim diff Contribution: ,0,Frontier diff: ,0, Frontier diff Contribution ,0,Inverse Area ratio: ,0.955961, Inv Area Ratio Contribution: ,0,Inverse Perim ratio: ,1.04026, Inv Perim Contribution: ,0, Final Score: ,-141.151
Point: ,174,78,Repeat score:,1, Repeat contribution: ,-1,Dist:,25.0338, Dist contribution: ,-125.169, New scanned ratio: ,0.0187904, New Scanned Cells Contribution: ,0,Area ratio: ,0.956001, Area ratio Contribution: ,0,Perim diff: ,1.04881, Perim diff Contribution: ,0,Frontier diff: ,0, Frontier diff Contribution ,0,Inverse Area ratio: ,0.955585, Inv Area Ratio Contribution: ,0,Inverse Perim ratio: ,1.04084, Inv Perim Contribution: ,0, Final Score: ,-126.169
Point: ,169,78,Repeat score:,1, Repeat contribution: ,-1,Dist:,20.0422, Dist contribution: ,-100.211, New scanned ratio: ,0.0156333, New Scanned Cells Contribution: ,0,Area ratio: ,0.954879, Area ratio Contribution: ,0,Perim diff: ,1.04795, Perim diff Contribution: ,0,Frontier diff: ,0, Frontier diff Contribution ,0,Inverse Area ratio: ,0.956865, Inv Area Ratio Contribution: ,0,Inverse Perim ratio: ,1.04008, Inv Perim Contribution: ,0, Final Score: ,-101.211
Point: ,169,83,Repeat score:,1, Repeat contribution: ,-1,Dist:,21.4672, Dist contribution: ,-107.336, New scanned ratio: ,0.0218334, New Scanned Cells Contribution: ,0,Area ratio: ,0.939158, Area ratio Contribution: ,0,Perim diff: ,1.05546, Perim diff Contribution: ,0,Frontier diff: ,0, Frontier diff Contribution ,0,Inverse Area ratio: ,0.954312, Inv Area Ratio Contribution: ,0,Inverse Perim ratio: ,1.04678, Inv Perim Contribution: ,0, Final Score: ,-108.336
Point: ,166,89,Repeat score:,1, Repeat contribution: ,-1,Dist:,23.0729, Dist contribution: ,-115.365, New scanned ratio: ,0.0276531, New Scanned Cells Contribution: ,0,Area ratio: ,0.917659, Area ratio Contribution: ,0,Perim diff: ,1.07031, Perim diff Contribution: ,0,Frontier diff: ,0, Frontier diff Contribution ,0,Inverse Area ratio: ,0.95188, Inv Area Ratio Contribution: ,0,Inverse Perim ratio: ,1.05947, Inv Perim Contribution: ,0, Final Score: ,-116.365
Point: ,161,94,Repeat score:,1, Repeat contribution: ,-1,Dist:,25.1478, Dist contribution: ,-125.739, New scanned ratio: ,0.0301255, New Scanned Cells Contribution: ,0,Area ratio: ,0.899328, Area ratio Contribution: ,0,Perim diff: ,1.08958, Perim diff Contribution: ,0,Frontier diff: ,0, Frontier diff Contribution ,0,Inverse Area ratio: ,0.948728, Inv Area Ratio Contribution: ,0,Inverse Perim ratio: ,1.07566, Inv Perim Contribution: ,0, Final Score: ,-126.739
Point: ,155,97,Repeat score:,1, Repeat contribution: ,-1,Dist:,26.6833, Dist contribution: ,-133.417, New scanned ratio: ,0.0298973, New Scanned Cells Contribution: ,0,Area ratio: ,0.888075, Area ratio Contribution: ,0,Perim diff: ,1.09081, Perim diff Contribution: ,0,Frontier diff: ,0, Frontier diff Contribution ,0,Inverse Area ratio: ,0.948811, Inv Area Ratio Contribution: ,0,Inverse Perim ratio: ,1.07771, Inv Perim Contribution: ,0, Final Score: ,-134.417
Point: ,150,97,Repeat score:,1, Repeat contribution: ,-1,Dist:,26.0192, Dist contribution: ,-130.096, New scanned ratio: ,0.0274629, New Scanned Cells Contribution: ,0,Area ratio: ,0.887456, Area ratio Contribution: ,0,Perim diff: ,1.08276, Perim diff Contribution: ,0,Frontier diff: ,0, Frontier diff Contribution ,0,Inverse Area ratio: ,0.949846, Inv Area Ratio Contribution: ,0,Inverse Perim ratio: ,1.07158, Inv Perim Contribution: ,0, Final Score: ,-131.096
Point: ,149,98,Repeat score:,1, Repeat contribution: ,-1,Dist:,27.3, Dist contribution: ,-136.5, New scanned ratio: ,0.0284899, New Scanned Cells Contribution: ,0,Area ratio: ,0.884284, Area ratio Contribution: ,0,Perim diff: ,1.08501, Perim diff Contribution: ,0,Frontier diff: ,0, Frontier diff Contribution ,0,Inverse Area ratio: ,0.94942, Inv Area Ratio Contribution: ,0,Inverse Perim ratio: ,1.07369, Inv Perim Contribution: ,0, Final Score: ,-137.5
Point: ,148,97,Repeat score:,1, Repeat contribution: ,-1,Dist:,26.0192, Dist contribution: ,-130.096, New scanned ratio: ,0.0267402, New Scanned Cells Contribution: ,0,Area ratio: ,0.887447, Area ratio Contribution: ,0,Perim diff: ,1.08023, Perim diff Contribution: ,0,Frontier diff: ,0, Frontier diff Contribution ,0,Inverse Area ratio: ,0.95015, Inv Area Ratio Contribution: ,0,Inverse Perim ratio: ,1.06964, Inv Perim Contribution: ,0, Final Score: ,-131.096
Point: ,143,97,Repeat score:,1, Repeat contribution: ,-1,Dist:,26.6833, Dist contribution: ,-133.417, New scanned ratio: ,0.025523, New Scanned Cells Contribution: ,0,Area ratio: ,0.887813, Area ratio Contribution: ,0,Perim diff: ,1.07716, Perim diff Contribution: ,0,Frontier diff: ,0, Frontier diff Contribution ,0,Inverse Area ratio: ,0.950644, Inv Area Ratio Contribution: ,0,Inverse Perim ratio: ,1.06728, Inv Perim Contribution: ,0, Final Score: ,-134.417
Point: ,140,95,Repeat score:,1, Repeat contribution: ,-1,Dist:,25.0711, Dist contribution: ,-125.355, New scanned ratio: ,0.0223279, New Scanned Cells Contribution: ,0,Area ratio: ,0.894623, Area ratio Contribution: ,0,Perim diff: ,1.07005, Perim diff Contribution: ,0,Frontier diff: ,0, Frontier diff Contribution ,0,Inverse Area ratio: ,0.951975, Inv Area Ratio Contribution: ,0,Inverse Perim ratio: ,1.0612, Inv Perim Contribution: ,0, Final Score: ,-126.355
Point: ,136,97,Repeat score:,1, Repeat contribution: ,-1,Dist:,29.0689, Dist contribution: ,-145.344, New scanned ratio: ,0.0252187, New Scanned Cells Contribution: ,0,Area ratio: ,0.889534, Area ratio Contribution: ,0,Perim diff: ,1.06959, Perim diff Contribution: ,0,Frontier diff: ,0, Frontier diff Contribution ,0,Inverse Area ratio: ,0.950819, Inv Area Ratio Contribution: ,0,Inverse Perim ratio: ,1.06157, Inv Perim Contribution: ,0, Final Score: ,-146.344
Point: ,131,97,Repeat score:,1, Repeat contribution: ,-1,Dist:,31.6228, Dist contribution: ,-158.114, New scanned ratio: ,0.0251807, New Scanned Cells Contribution: ,0,Area ratio: ,0.890876, Area ratio Contribution: ,0,Perim diff: ,1.06602, Perim diff Contribution: ,0,Frontier diff: ,0, Frontier diff Contribution ,0,Inverse Area ratio: ,0.950827, Inv Area Ratio Contribution: ,0,Inverse Perim ratio: ,1.05875, Inv Perim Contribution: ,0, Final Score: ,-159.114
Point: ,130,98,Repeat score:,1, Repeat contribution: ,-1,Dist:,33.2609, Dist contribution: ,-166.305, New scanned ratio: ,0.0266641, New Scanned Cells Contribution: ,0,Area ratio: ,0.887979, Area ratio Contribution: ,0,Perim diff: ,1.0717, Perim diff Contribution: ,0,Frontier diff: ,0, Frontier diff Contribution ,0,Inverse Area ratio: ,0.950203, Inv Area Ratio Contribution: ,0,Inverse Perim ratio: ,1.06342, Inv Perim Contribution: ,0, Final Score: ,-167.305
Point: ,129,97,Repeat score:,1, Repeat contribution: ,-1,Dist:,32.8024, Dist contribution: ,-164.012, New scanned ratio: ,0.0251807, New Scanned Cells Contribution: ,0,Area ratio: ,0.891414, Area ratio Contribution: ,0,Perim diff: ,1.06605, Perim diff Contribution: ,0,Frontier diff: ,0, Frontier diff Contribution ,0,Inverse Area ratio: ,0.950827, Inv Area Ratio Contribution: ,0,Inverse Perim ratio: ,1.05875, Inv Perim Contribution: ,0, Final Score: ,-165.012
Point: ,124,97,Repeat score:,1, Repeat contribution: ,-1,Dist:,36.0694, Dist contribution: ,-180.347, New scanned ratio: ,0.0252187, New Scanned Cells Contribution: ,0,Area ratio: ,0.892762, Area ratio Contribution: ,0,Perim diff: ,1.0698, Perim diff Contribution: ,0,Frontier diff: ,0, Frontier diff Contribution ,0,Inverse Area ratio: ,0.950804, Inv Area Ratio Contribution: ,0,Inverse Perim ratio: ,1.06153, Inv Perim Contribution: ,0, Final Score: ,-181.347
Point: ,121,95,Repeat score:,1, Repeat contribution: ,-1,Dist:,36.4905, Dist contribution: ,-182.453, New scanned ratio: ,0.0222898, New Scanned Cells Contribution: ,0,Area ratio: ,0.899958, Area ratio Contribution: ,0,Perim diff: ,1.06677, Perim diff Contribution: ,0,Frontier diff: ,0, Frontier diff Contribution ,0,Inverse Area ratio: ,0.951991, Inv Area Ratio Contribution: ,0,Inverse Perim ratio: ,1.05833, Inv Perim Contribution: ,0, Final Score: ,-183.453
Point: ,117,97,Repeat score:,1, Repeat contribution: ,-1,Dist:,41.2311, Dist contribution: ,-206.155, New scanned ratio: ,0.0252187, New Scanned Cells Contribution: ,0,Area ratio: ,0.894622, Area ratio Contribution: ,0,Perim diff: ,1.06999, Perim diff Contribution: ,0,Frontier diff: ,0, Frontier diff Contribution ,0,Inverse Area ratio: ,0.950812, Inv Area Ratio Contribution: ,0,Inverse Perim ratio: ,1.06158, Inv Perim Contribution: ,0, Final Score: ,-207.155
BEST Point:,169,78, Score: ,-101.211
COUNT COMMAND: 1
Total frontiers: ,100, Prioritised frontiers: ,23
At: ,168,77,
Point: ,207,78,Repeat score:,1, Repeat contribution: ,-1,Dist:,39.0217, Dist contribution: ,-195.108, New scanned ratio: ,0.0249869, New Scanned Cells Contribution: ,0,Area ratio: ,0.962824, Area ratio Contribution: ,0,Perim diff: ,1.05834, Perim diff Contribution: ,0,Frontier diff: ,0, Frontier diff Contribution ,0,Inverse Area ratio: ,0.951368, Inv Area Ratio Contribution: ,0,Inverse Perim ratio: ,1.0487, Inv Perim Contribution: ,0, Final Score: ,-196.108
Point: ,202,78,Repeat score:,1, Repeat contribution: ,-1,Dist:,34.0248, Dist contribution: ,-170.124, New scanned ratio: ,0.0234862, New Scanned Cells Contribution: ,0,Area ratio: ,0.963342, Area ratio Contribution: ,0,Perim diff: ,1.05172, Perim diff Contribution: ,0,Frontier diff: ,0, Frontier diff Contribution ,0,Inverse Area ratio: ,0.952034, Inv Area Ratio Contribution: ,0,Inverse Perim ratio: ,1.04378, Inv Perim Contribution: ,0, Final Score: ,-171.124
Point: ,199,76,Repeat score:,1, Repeat contribution: ,-1,Dist:,31.0272, Dist contribution: ,-155.136, New scanned ratio: ,0.0193592, New Scanned Cells Contribution: ,0,Area ratio: ,0.966758, Area ratio Contribution: ,0,Perim diff: ,1.04971, Perim diff Contribution: ,0,Frontier diff: ,0, Frontier diff Contribution ,0,Inverse Area ratio: ,0.953726, Inv Area Ratio Contribution: ,0,Inverse Perim ratio: ,1.04161, Inv Perim Contribution: ,0, Final Score: ,-156.136
Point: ,197,76,Repeat score:,1, Repeat contribution: ,-1,Dist:,29.0291, Dist contribution: ,-145.146, New scanned ratio: ,0.0182712, New Scanned Cells Contribution: ,0,Area ratio: ,0.966515, Area ratio Contribution: ,0,Perim diff: ,1.04931, Perim diff Contribution: ,0,Frontier diff: ,0, Frontier diff Contribution ,0,Inverse Area ratio: ,0.952215, Inv Area Ratio Contribution: ,0,Inverse Perim ratio: ,1.04125, Inv Perim Contribution: ,0, Final Score: ,-146.146
Point: ,194,78,Repeat score:,1, Repeat contribution: ,-1,Dist:,26.0325, Dist contribution: ,-130.162, New scanned ratio: ,0.0190966, New Scanned Cells Contribution: ,0,Area ratio: ,0.962041, Area ratio Contribution: ,0,Perim diff: ,1.04825, Perim diff Contribution: ,0,Frontier diff: ,0, Frontier diff Contribution ,0,Inverse Area ratio: ,0.951846, Inv Area Ratio Contribution: ,0,Inverse Perim ratio: ,1.04086, Inv Perim Contribution: ,0, Final Score: ,-131.162
Point: ,189,78,Repeat score:,1, Repeat contribution: ,-1,Dist:,21.0402, Dist contribution: ,-105.201, New scanned ratio: ,0.0160201, New Scanned Cells Contribution: ,0,Area ratio: ,0.961066, Area ratio Contribution: ,0,Perim diff: ,1.0471, Perim diff Contribution: ,0,Frontier diff: ,0, Frontier diff Contribution ,0,Inverse Area ratio: ,0.953076, Inv Area Ratio Contribution: ,0,Inverse Perim ratio: ,1.03985, Inv Perim Contribution: ,0, Final Score: ,-106.201
Point: ,188,79,Repeat score:,1, Repeat contribution: ,-1,Dist:,20.1683, Dist contribution: ,-100.841, New scanned ratio: ,0.0165829, New Scanned Cells Contribution: ,0,Area ratio: ,0.958018, Area ratio Contribution: ,0,Perim diff: ,1.04777, Perim diff Contribution: ,0,Frontier diff: ,0, Frontier diff Contribution ,0,Inverse Area ratio: ,0.952862, Inv Area Ratio Contribution: ,0,Inverse Perim ratio: ,1.04059, Inv Perim Contribution: ,0, Final Score: ,-101.841
Point: ,188,83,Repeat score:,1, Repeat contribution: ,-1,Dist:,21.4672, Dist contribution: ,-107.336, New scanned ratio: ,0.0215352, New Scanned Cells Contribution: ,0,Area ratio: ,0.945429, Area ratio Contribution: ,0,Perim diff: ,1.05384, Perim diff Contribution: ,0,Frontier diff: ,0, Frontier diff Contribution ,0,Inverse Area ratio: ,0.950784, Inv Area Ratio Contribution: ,0,Inverse Perim ratio: ,1.04611, Inv Perim Contribution: ,0, Final Score: ,-108.336
Point: ,185,89,Repeat score:,1, Repeat contribution: ,-1,Dist:,23.0729, Dist contribution: ,-115.365, New scanned ratio: ,0.0272379, New Scanned Cells Contribution: ,0,Area ratio: ,0.92415, Area ratio Contribution: ,0,Perim diff: ,1.06922, Perim diff Contribution: ,0,Frontier diff: ,0, Frontier diff Contribution ,0,Inverse Area ratio: ,0.948355, Inv Area Ratio Contribution: ,0,Inverse Perim ratio: ,1.05937, Inv Perim Contribution: ,0, Final Score: ,-116.365
Point: ,180,94,Repeat score:,1, Repeat contribution: ,-1,Dist:,25.1478, Dist contribution: ,-125.739, New scanned ratio: ,0.0296766, New Scanned Cells Contribution: ,0,Area ratio: ,0.905776, Area ratio Contribution: ,0,Perim diff: ,1.08814, Perim diff Contribution: ,0,Frontier diff: ,0, Frontier diff Contribution ,0,Inverse Area ratio: ,0.945219, Inv Area Ratio Contribution: ,0,Inverse Perim ratio: ,1.07545, Inv Perim Contribution: ,0, Final Score: ,-126.739
Point: ,174,97,Repeat score:,1, Repeat contribution: ,-1,Dist:,26.6833, Dist contribution: ,-133.417, New scanned ratio: ,0.029489, New Scanned Cells Contribution: ,0,Area ratio: ,0.894582, Area ratio Contribution: ,0,Perim diff: ,1.08885, Perim diff Contribution: ,0,Frontier diff: ,0, Frontier diff Contribution ,0,Inverse Area ratio: ,0.94528, Inv Area Ratio Contribution: ,0,Inverse Perim ratio: ,1.07705, Inv Perim Contribution: ,0, Final Score: ,-134.417
Point: ,169,97,Repeat score:,1, Repeat contribution: ,-1,Dist:,26.0192, Dist contribution: ,-130.096, New scanned ratio: ,0.0270879, New Scanned Cells Contribution: ,0,Area ratio: ,0.893977, Area ratio Contribution: ,0,Perim diff: ,1.08092, Perim diff Contribution: ,0,Frontier diff: ,0, Frontier diff Contribution ,0,Inverse Area ratio: ,0.946316, Inv Area Ratio Contribution: ,0,Inverse Perim ratio: ,1.07092, Inv Perim Contribution: ,0, Final Score: ,-131.096
Point: ,168,98,Repeat score:,1, Repeat contribution: ,-1,Dist:,27.3, Dist contribution: ,-136.5, New scanned ratio: ,0.0281008, New Scanned Cells Contribution: ,0,Area ratio: ,0.890943, Area ratio Contribution: ,0,Perim diff: ,1.08316, Perim diff Contribution: ,0,Frontier diff: ,0, Frontier diff Contribution ,0,Inverse Area ratio: ,0.945889, Inv Area Ratio Contribution: ,0,Inverse Perim ratio: ,1.07304, Inv Perim Contribution: ,0, Final Score: ,-137.5
Point: ,167,97,Repeat score:,1, Repeat contribution: ,-1,Dist:,26.0192, Dist contribution: ,-130.096, New scanned ratio: ,0.026375, New Scanned Cells Contribution: ,0,Area ratio: ,0.893973, Area ratio Contribution: ,0,Perim diff: ,1.07843, Perim diff Contribution: ,0,Frontier diff: ,0, Frontier diff Contribution ,0,Inverse Area ratio: ,0.946621, Inv Area Ratio Contribution: ,0,Inverse Perim ratio: ,1.06899, Inv Perim Contribution: ,0, Final Score: ,-131.096
Point: ,162,97,Repeat score:,1, Repeat contribution: ,-1,Dist:,26.6833, Dist contribution: ,-133.417, New scanned ratio: ,0.0251745, New Scanned Cells Contribution: ,0,Area ratio: ,0.894494, Area ratio Contribution: ,0,Perim diff: ,1.07547, Perim diff Contribution: ,0,Frontier diff: ,0, Frontier diff Contribution ,0,Inverse Area ratio: ,0.947116, Inv Area Ratio Contribution: ,0,Inverse Perim ratio: ,1.06663, Inv Perim Contribution: ,0, Final Score: ,-134.417
Point: ,159,95,Repeat score:,1, Repeat contribution: ,-1,Dist:,25.0711, Dist contribution: ,-125.355, New scanned ratio: ,0.022023, New Scanned Cells Contribution: ,0,Area ratio: ,0.901183, Area ratio Contribution: ,0,Perim diff: ,1.06846, Perim diff Contribution: ,0,Frontier diff: ,0, Frontier diff Contribution ,0,Inverse Area ratio: ,0.94845, Inv Area Ratio Contribution: ,0,Inverse Perim ratio: ,1.06054, Inv Perim Contribution: ,0, Final Score: ,-126.355
Point: ,155,97,Repeat score:,1, Repeat contribution: ,-1,Dist:,29.0689, Dist contribution: ,-145.344, New scanned ratio: ,0.0248743, New Scanned Cells Contribution: ,0,Area ratio: ,0.896428, Area ratio Contribution: ,0,Perim diff: ,1.06805, Perim diff Contribution: ,0,Frontier diff: ,0, Frontier diff Contribution ,0,Inverse Area ratio: ,0.947292, Inv Area Ratio Contribution: ,0,Inverse Perim ratio: ,1.06091, Inv Perim Contribution: ,0, Final Score: ,-146.344
Point: ,150,97,Repeat score:,1, Repeat contribution: ,-1,Dist:,31.6228, Dist contribution: ,-158.114, New scanned ratio: ,0.0248368, New Scanned Cells Contribution: ,0,Area ratio: ,0.897922, Area ratio Contribution: ,0,Perim diff: ,1.06456, Perim diff Contribution: ,0,Frontier diff: ,0, Frontier diff Contribution ,0,Inverse Area ratio: ,0.947299, Inv Area Ratio Contribution: ,0,Inverse Perim ratio: ,1.05809, Inv Perim Contribution: ,0, Final Score: ,-159.114
Point: ,149,98,Repeat score:,1, Repeat contribution: ,-1,Dist:,33.2609, Dist contribution: ,-166.305, New scanned ratio: ,0.0263, New Scanned Cells Contribution: ,0,Area ratio: ,0.895068, Area ratio Contribution: ,0,Perim diff: ,1.07026, Perim diff Contribution: ,0,Frontier diff: ,0, Frontier diff Contribution ,0,Inverse Area ratio: ,0.946674, Inv Area Ratio Contribution: ,0,Inverse Perim ratio: ,1.06276, Inv Perim Contribution: ,0, Final Score: ,-167.305
Point: ,148,97,Repeat score:,1, Repeat contribution: ,-1,Dist:,32.8024, Dist contribution: ,-164.012, New scanned ratio: ,0.0248368, New Scanned Cells Contribution: ,0,Area ratio: ,0.898521, Area ratio Contribution: ,0,Perim diff: ,1.06463, Perim diff Contribution: ,0,Frontier diff: ,0, Frontier diff Contribution ,0,Inverse Area ratio: ,0.947299, Inv Area Ratio Contribution: ,0,Inverse Perim ratio: ,1.05809, Inv Perim Contribution: ,0, Final Score: ,-165.012
Point: ,143,97,Repeat score:,1, Repeat contribution: ,-1,Dist:,36.0694, Dist contribution: ,-180.347, New scanned ratio: ,0.0248743, New Scanned Cells Contribution: ,0,Area ratio: ,0.899871, Area ratio Contribution: ,0,Perim diff: ,1.06847, Perim diff Contribution: ,0,Frontier diff: ,0, Frontier diff Contribution ,0,Inverse Area ratio: ,0.947277, Inv Area Ratio Contribution: ,0,Inverse Perim ratio: ,1.06087, Inv Perim Contribution: ,0, Final Score: ,-181.347
Point: ,140,95,Repeat score:,1, Repeat contribution: ,-1,Dist:,36.4905, Dist contribution: ,-182.453, New scanned ratio: ,0.0219854, New Scanned Cells Contribution: ,0,Area ratio: ,0.906981, Area ratio Contribution: ,0,Perim diff: ,1.06549, Perim diff Contribution: ,0,Frontier diff: ,0, Frontier diff Contribution ,0,Inverse Area ratio: ,0.948466, Inv Area Ratio Contribution: ,0,Inverse Perim ratio: ,1.05768, Inv Perim Contribution: ,0, Final Score: ,-183.453
Point: ,136,97,Repeat score:,1, Repeat contribution: ,-1,Dist:,41.2311, Dist contribution: ,-206.155, New scanned ratio: ,0.0248743, New Scanned Cells Contribution: ,0,Area ratio: ,0.901736, Area ratio Contribution: ,0,Perim diff: ,1.06879, Perim diff Contribution: ,0,Frontier diff: ,0, Frontier diff Contribution ,0,Inverse Area ratio: ,0.947284, Inv Area Ratio Contribution: ,0,Inverse Perim ratio: ,1.06093, Inv Perim Contribution: ,0, Final Score: ,-207.155
BEST Point:,188,79, Score: ,-101.841
COUNT COMMAND: 1
Total frontiers: ,100, Prioritised frontiers: ,24
At: ,187,78,
Point: ,227,78,Repeat score:,1, Repeat contribution: ,-1,Dist:,40, Dist contribution: ,-200, New scanned ratio: ,0.0246229, New Scanned Cells Contribution: ,0,Area ratio: ,0.968472, Area ratio Contribution: ,0,Perim diff: ,1.07043, Perim diff Contribution: ,0,Frontier diff: ,0, Frontier diff Contribution ,0,Inverse Area ratio: ,0.947194, Inv Area Ratio Contribution: ,0,Inverse Perim ratio: ,1.0585, Inv Perim Contribution: ,0, Final Score: ,-201
Point: ,222,78,Repeat score:,1, Repeat contribution: ,-1,Dist:,35, Dist contribution: ,-175, New scanned ratio: ,0.0234028, New Scanned Cells Contribution: ,0,Area ratio: ,0.969454, Area ratio Contribution: ,0,Perim diff: ,1.05153, Perim diff Contribution: ,0,Frontier diff: ,0, Frontier diff Contribution ,0,Inverse Area ratio: ,0.947846, Inv Area Ratio Contribution: ,0,Inverse Perim ratio: ,1.04457, Inv Perim Contribution: ,0, Final Score: ,-176
Point: ,219,76,Repeat score:,1, Repeat contribution: ,-1,Dist:,32.1055, Dist contribution: ,-160.527, New scanned ratio: ,0.019373, New Scanned Cells Contribution: ,0,Area ratio: ,0.970667, Area ratio Contribution: ,0,Perim diff: ,1.04916, Perim diff Contribution: ,0,Frontier diff: ,0, Frontier diff Contribution ,0,Inverse Area ratio: ,0.949534, Inv Area Ratio Contribution: ,0,Inverse Perim ratio: ,1.04184, Inv Perim Contribution: ,0, Final Score: ,-161.527
Point: ,217,76,Repeat score:,1, Repeat contribution: ,-1,Dist:,30.1125, Dist contribution: ,-150.562, New scanned ratio: ,0.0183008, New Scanned Cells Contribution: ,0,Area ratio: ,0.970465, Area ratio Contribution: ,0,Perim diff: ,1.04879, Perim diff Contribution: ,0,Frontier diff: ,0, Frontier diff Contribution ,0,Inverse Area ratio: ,0.948101, Inv Area Ratio Contribution: ,0,Inverse Perim ratio: ,1.04148, Inv Perim Contribution: ,0, Final Score: ,-151.562
Point: ,214,78,Repeat score:,1, Repeat contribution: ,-1,Dist:,27, Dist contribution: ,-135, New scanned ratio: ,0.0191142, New Scanned Cells Contribution: ,0,Area ratio: ,0.968428, Area ratio Contribution: ,0,Perim diff: ,1.04732, Perim diff Contribution: ,0,Frontier diff: ,0, Frontier diff Contribution ,0,Inverse Area ratio: ,0.947701, Inv Area Ratio Contribution: ,0,Inverse Perim ratio: ,1.0408, Inv Perim Contribution: ,0, Final Score: ,-136
Point: ,209,78,Repeat score:,1, Repeat contribution: ,-1,Dist:,22, Dist contribution: ,-110, New scanned ratio: ,0.0160455, New Scanned Cells Contribution: ,0,Area ratio: ,0.967418, Area ratio Contribution: ,0,Perim diff: ,1.04658, Perim diff Contribution: ,0,Frontier diff: ,0, Frontier diff Contribution ,0,Inverse Area ratio: ,0.948995, Inv Area Ratio Contribution: ,0,Inverse Perim ratio: ,1.04003, Inv Perim Contribution: ,0, Final Score: ,-111
Point: ,207,79,Repeat score:,1, Repeat contribution: ,-1,Dist:,20.0422, Dist contribution: ,-100.211, New scanned ratio: ,0.0158977, New Scanned Cells Contribution: ,0,Area ratio: ,0.96454, Area ratio Contribution: ,0,Perim diff: ,1.04655, Perim diff Contribution: ,0,Frontier diff: ,0, Frontier diff Contribution ,0,Inverse Area ratio: ,0.949041, Inv Area Ratio Contribution: ,0,Inverse Perim ratio: ,1.04295, Inv Perim Contribution: ,0, Final Score: ,-101.211
Point: ,207,84,Repeat score:,1, Repeat contribution: ,-1,Dist:,21.4672, Dist contribution: ,-107.336, New scanned ratio: ,0.021924, New Scanned Cells Contribution: ,0,Area ratio: ,0.948844, Area ratio Contribution: ,0,Perim diff: ,1.05525, Perim diff Contribution: ,0,Frontier diff: ,0, Frontier diff Contribution ,0,Inverse Area ratio: ,0.946484, Inv Area Ratio Contribution: ,0,Inverse Perim ratio: ,1.04828, Inv Perim Contribution: ,0, Final Score: ,-108.336
Point: ,204,90,Repeat score:,1, Repeat contribution: ,-1,Dist:,23.0729, Dist contribution: ,-115.365, New scanned ratio: ,0.0272109, New Scanned Cells Contribution: ,0,Area ratio: ,0.927439, Area ratio Contribution: ,0,Perim diff: ,1.07152, Perim diff Contribution: ,0,Frontier diff: ,0, Frontier diff Contribution ,0,Inverse Area ratio: ,0.942324, Inv Area Ratio Contribution: ,0,Inverse Perim ratio: ,1.06529, Inv Perim Contribution: ,0, Final Score: ,-116.365
Point: ,199,95,Repeat score:,1, Repeat contribution: ,-1,Dist:,25.1478, Dist contribution: ,-125.739, New scanned ratio: ,0.0293182, New Scanned Cells Contribution: ,0,Area ratio: ,0.90888, Area ratio Contribution: ,0,Perim diff: ,1.09137, Perim diff Contribution: ,0,Frontier diff: ,0, Frontier diff Contribution ,0,Inverse Area ratio: ,0.941145, Inv Area Ratio Contribution: ,0,Inverse Perim ratio: ,1.07969, Inv Perim Contribution: ,0, Final Score: ,-126.739
Point: ,193,98,Repeat score:,1, Repeat contribution: ,-1,Dist:,26.6833, Dist contribution: ,-133.417, New scanned ratio: ,0.0291704, New Scanned Cells Contribution: ,0,Area ratio: ,0.897836, Area ratio Contribution: ,0,Perim diff: ,1.09053, Perim diff Contribution: ,0,Frontier diff: ,0, Frontier diff Contribution ,0,Inverse Area ratio: ,0.941206, Inv Area Ratio Contribution: ,0,Inverse Perim ratio: ,1.08008, Inv Perim Contribution: ,0, Final Score: ,-134.417
Point: ,188,98,Repeat score:,1, Repeat contribution: ,-1,Dist:,26.0192, Dist contribution: ,-130.096, New scanned ratio: ,0.027026, New Scanned Cells Contribution: ,0,Area ratio: ,0.897456, Area ratio Contribution: ,0,Perim diff: ,1.08067, Perim diff Contribution: ,0,Frontier diff: ,0, Frontier diff Contribution ,0,Inverse Area ratio: ,0.942168, Inv Area Ratio Contribution: ,0,Inverse Perim ratio: ,1.07241, Inv Perim Contribution: ,0, Final Score: ,-131.096
Point: ,187,99,Repeat score:,1, Repeat contribution: ,-1,Dist:,27.3, Dist contribution: ,-136.5, New scanned ratio: ,0.0280243, New Scanned Cells Contribution: ,0,Area ratio: ,0.894456, Area ratio Contribution: ,0,Perim diff: ,1.08293, Perim diff Contribution: ,0,Frontier diff: ,0, Frontier diff Contribution ,0,Inverse Area ratio: ,0.941725, Inv Area Ratio Contribution: ,0,Inverse Perim ratio: ,1.07453, Inv Perim Contribution: ,0, Final Score: ,-137.5
Point: ,186,98,Repeat score:,1, Repeat contribution: ,-1,Dist:,26.0192, Dist contribution: ,-130.096, New scanned ratio: ,0.0263605, New Scanned Cells Contribution: ,0,Area ratio: ,0.897471, Area ratio Contribution: ,0,Perim diff: ,1.08038, Perim diff Contribution: ,0,Frontier diff: ,0, Frontier diff Contribution ,0,Inverse Area ratio: ,0.942443, Inv Area Ratio Contribution: ,0,Inverse Perim ratio: ,1.07202, Inv Perim Contribution: ,0, Final Score: ,-131.096
Point: ,181,98,Repeat score:,1, Repeat contribution: ,-1,Dist:,26.6833, Dist contribution: ,-133.417, New scanned ratio: ,0.0253623, New Scanned Cells Contribution: ,0,Area ratio: ,0.898189, Area ratio Contribution: ,0,Perim diff: ,1.0755, Perim diff Contribution: ,0,Frontier diff: ,0, Frontier diff Contribution ,0,Inverse Area ratio: ,0.942863, Inv Area Ratio Contribution: ,0,Inverse Perim ratio: ,1.06812, Inv Perim Contribution: ,0, Final Score: ,-134.417
Point: ,178,96,Repeat score:,1, Repeat contribution: ,-1,Dist:,25.0711, Dist contribution: ,-125.355, New scanned ratio: ,0.0223676, New Scanned Cells Contribution: ,0,Area ratio: ,0.904992, Area ratio Contribution: ,0,Perim diff: ,1.06795, Perim diff Contribution: ,0,Frontier diff: ,0, Frontier diff Contribution ,0,Inverse Area ratio: ,0.944154, Inv Area Ratio Contribution: ,0,Inverse Perim ratio: ,1.06416, Inv Perim Contribution: ,0, Final Score: ,-126.355
Point: ,175,96,Repeat score:,1, Repeat contribution: ,-1,Dist:,26.2975, Dist contribution: ,-131.488, New scanned ratio: ,0.0223676, New Scanned Cells Contribution: ,0,Area ratio: ,0.90586, Area ratio Contribution: ,0,Perim diff: ,1.06461, Perim diff Contribution: ,0,Frontier diff: ,0, Frontier diff Contribution ,0,Inverse Area ratio: ,0.944169, Inv Area Ratio Contribution: ,0,Inverse Perim ratio: ,1.05856, Inv Perim Contribution: ,0, Final Score: ,-132.488
Point: ,174,97,Repeat score:,1, Repeat contribution: ,-1,Dist:,27.9122, Dist contribution: ,-139.561, New scanned ratio: ,0.0238835, New Scanned Cells Contribution: ,0,Area ratio: ,0.903262, Area ratio Contribution: ,0,Perim diff: ,1.06511, Perim diff Contribution: ,0,Frontier diff: ,0, Frontier diff Contribution ,0,Inverse Area ratio: ,0.943558, Inv Area Ratio Contribution: ,0,Inverse Perim ratio: ,1.05946, Inv Perim Contribution: ,0, Final Score: ,-140.561
Point: ,169,97,Repeat score:,1, Repeat contribution: ,-1,Dist:,30.5629, Dist contribution: ,-152.814, New scanned ratio: ,0.0239944, New Scanned Cells Contribution: ,0,Area ratio: ,0.904907, Area ratio Contribution: ,0,Perim diff: ,1.06397, Perim diff Contribution: ,0,Frontier diff: ,0, Frontier diff Contribution ,0,Inverse Area ratio: ,0.94349, Inv Area Ratio Contribution: ,0,Inverse Perim ratio: ,1.05839, Inv Perim Contribution: ,0, Final Score: ,-153.814
Point: ,168,98,Repeat score:,1, Repeat contribution: ,-1,Dist:,32.2025, Dist contribution: ,-161.012, New scanned ratio: ,0.0255102, New Scanned Cells Contribution: ,0,Area ratio: ,0.902287, Area ratio Contribution: ,0,Perim diff: ,1.06706, Perim diff Contribution: ,0,Frontier diff: ,0, Frontier diff Contribution ,0,Inverse Area ratio: ,0.942848, Inv Area Ratio Contribution: ,0,Inverse Perim ratio: ,1.06112, Inv Perim Contribution: ,0, Final Score: ,-162.012
Point: ,167,97,Repeat score:,1, Repeat contribution: ,-1,Dist:,31.7819, Dist contribution: ,-158.91, New scanned ratio: ,0.0241053, New Scanned Cells Contribution: ,0,Area ratio: ,0.905623, Area ratio Contribution: ,0,Perim diff: ,1.06332, Perim diff Contribution: ,0,Frontier diff: ,0, Frontier diff Contribution ,0,Inverse Area ratio: ,0.943451, Inv Area Ratio Contribution: ,0,Inverse Perim ratio: ,1.05782, Inv Perim Contribution: ,0, Final Score: ,-159.91
Point: ,162,97,Repeat score:,1, Repeat contribution: ,-1,Dist:,35.1438, Dist contribution: ,-175.719, New scanned ratio: ,0.0242902, New Scanned Cells Contribution: ,0,Area ratio: ,0.907242, Area ratio Contribution: ,0,Perim diff: ,1.06802, Perim diff Contribution: ,0,Frontier diff: ,0, Frontier diff Contribution ,0,Inverse Area ratio: ,0.94336, Inv Area Ratio Contribution: ,0,Inverse Perim ratio: ,1.06116, Inv Perim Contribution: ,0, Final Score: ,-176.719
Point: ,159,95,Repeat score:,1, Repeat contribution: ,-1,Dist:,35.6709, Dist contribution: ,-178.354, New scanned ratio: ,0.0215912, New Scanned Cells Contribution: ,0,Area ratio: ,0.914384, Area ratio Contribution: ,0,Perim diff: ,1.06438, Perim diff Contribution: ,0,Frontier diff: ,0, Frontier diff Contribution ,0,Inverse Area ratio: ,0.944498, Inv Area Ratio Contribution: ,0,Inverse Perim ratio: ,1.05741, Inv Perim Contribution: ,0, Final Score: ,-179.354
Point: ,155,97,Repeat score:,1, Repeat contribution: ,-1,Dist:,40.4239, Dist contribution: ,-202.119, New scanned ratio: ,0.024512, New Scanned Cells Contribution: ,0,Area ratio: ,0.909522, Area ratio Contribution: ,0,Perim diff: ,1.06881, Perim diff Contribution: ,0,Frontier diff: ,0, Frontier diff Contribution ,0,Inverse Area ratio: ,0.943276, Inv Area Ratio Contribution: ,0,Inverse Perim ratio: ,1.06146, Inv Perim Contribution: ,0, Final Score: ,-203.119
BEST Point:,207,79, Score: ,-101.211
COUNT COMMAND: 1
Total frontiers: ,101, Prioritised frontiers: ,25
At: ,206,78,
Point: ,242,78,Repeat score:,1, Repeat contribution: ,-1,Dist:,36, Dist contribution: ,-180, New scanned ratio: ,0.023405, New Scanned Cells Contribution: ,0,Area ratio: ,0.975406, Area ratio Contribution: ,0,Perim diff: ,1.05279, Perim diff Contribution: ,0,Frontier diff: ,0, Frontier diff Contribution ,0,Inverse Area ratio: ,0.941817, Inv Area Ratio Contribution: ,0,Inverse Perim ratio: ,1.04669, Inv Perim Contribution: ,0, Final Score: ,-181
Point: ,239,76,Repeat score:,1, Repeat contribution: ,-1,Dist:,33.1023, Dist contribution: ,-165.511, New scanned ratio: ,0.0195042, New Scanned Cells Contribution: ,0,Area ratio: ,0.976054, Area ratio Contribution: ,0,Perim diff: ,1.04925, Perim diff Contribution: ,0,Frontier diff: ,0, Frontier diff Contribution ,0,Inverse Area ratio: ,0.943481, Inv Area Ratio Contribution: ,0,Inverse Perim ratio: ,1.04307, Inv Perim Contribution: ,0, Final Score: ,-166.511
Point: ,237,76,Repeat score:,1, Repeat contribution: ,-1,Dist:,31.1088, Dist contribution: ,-155.544, New scanned ratio: ,0.0185199, New Scanned Cells Contribution: ,0,Area ratio: ,0.975929, Area ratio Contribution: ,0,Perim diff: ,1.04735, Perim diff Contribution: ,0,Frontier diff: ,0, Frontier diff Contribution ,0,Inverse Area ratio: ,0.943896, Inv Area Ratio Contribution: ,0,Inverse Perim ratio: ,1.04113, Inv Perim Contribution: ,0, Final Score: ,-156.544
Point: ,234,78,Repeat score:,1, Repeat contribution: ,-1,Dist:,28, Dist contribution: ,-140, New scanned ratio: ,0.0193948, New Scanned Cells Contribution: ,0,Area ratio: ,0.974655, Area ratio Contribution: ,0,Perim diff: ,1.04715, Perim diff Contribution: ,0,Frontier diff: ,0, Frontier diff Contribution ,0,Inverse Area ratio: ,0.943543, Inv Area Ratio Contribution: ,0,Inverse Perim ratio: ,1.04171, Inv Perim Contribution: ,0, Final Score: ,-141
Point: ,229,78,Repeat score:,1, Repeat contribution: ,-1,Dist:,23, Dist contribution: ,-115, New scanned ratio: ,0.0164419, New Scanned Cells Contribution: ,0,Area ratio: ,0.973754, Area ratio Contribution: ,0,Perim diff: ,1.04504, Perim diff Contribution: ,0,Frontier diff: ,0, Frontier diff Contribution ,0,Inverse Area ratio: ,0.944801, Inv Area Ratio Contribution: ,0,Inverse Perim ratio: ,1.03979, Inv Perim Contribution: ,0, Final Score: ,-116
Point: ,228,79,Repeat score:,1, Repeat contribution: ,-1,Dist:,22.0384, Dist contribution: ,-110.192, New scanned ratio: ,0.0169887, New Scanned Cells Contribution: ,0,Area ratio: ,0.971411, Area ratio Contribution: ,0,Perim diff: ,1.04552, Perim diff Contribution: ,0,Frontier diff: ,0, Frontier diff Contribution ,0,Inverse Area ratio: ,0.944594, Inv Area Ratio Contribution: ,0,Inverse Perim ratio: ,1.04049, Inv Perim Contribution: ,0, Final Score: ,-111.192
Point: ,227,78,Repeat score:,1, Repeat contribution: ,-1,Dist:,21, Dist contribution: ,-105, New scanned ratio: ,0.0152388, New Scanned Cells Contribution: ,0,Area ratio: ,0.973325, Area ratio Contribution: ,0,Perim diff: ,1.04447, Perim diff Contribution: ,0,Frontier diff: ,0, Frontier diff Contribution ,0,Inverse Area ratio: ,0.945338, Inv Area Ratio Contribution: ,0,Inverse Perim ratio: ,1.0393, Inv Perim Contribution: ,0, Final Score: ,-106
Point: ,226,79,Repeat score:,1, Repeat contribution: ,-1,Dist:,20.0422, Dist contribution: ,-100.211, New scanned ratio: ,0.0156763, New Scanned Cells Contribution: ,0,Area ratio: ,0.970895, Area ratio Contribution: ,0,Perim diff: ,1.04867, Perim diff Contribution: ,0,Frontier diff: ,0, Frontier diff Contribution ,0,Inverse Area ratio: ,0.945123, Inv Area Ratio Contribution: ,0,Inverse Perim ratio: ,1.04266, Inv Perim Contribution: ,0, Final Score: ,-101.211
Point: ,226,84,Repeat score:,1, Repeat contribution: ,-1,Dist:,21.4672, Dist contribution: ,-107.336, New scanned ratio: ,0.0216187, New Scanned Cells Contribution: ,0,Area ratio: ,0.955556, Area ratio Contribution: ,0,Perim diff: ,1.05316, Perim diff Contribution: ,0,Frontier diff: ,0, Frontier diff Contribution ,0,Inverse Area ratio: ,0.942561, Inv Area Ratio Contribution: ,0,Inverse Perim ratio: ,1.04799, Inv Perim Contribution: ,0, Final Score: ,-108.336
Point: ,223,90,Repeat score:,1, Repeat contribution: ,-1,Dist:,23.0729, Dist contribution: ,-115.365, New scanned ratio: ,0.026759, New Scanned Cells Contribution: ,0,Area ratio: ,0.934278, Area ratio Contribution: ,0,Perim diff: ,1.07265, Perim diff Contribution: ,0,Frontier diff: ,0, Frontier diff Contribution ,0,Inverse Area ratio: ,0.938394, Inv Area Ratio Contribution: ,0,Inverse Perim ratio: ,1.06505, Inv Perim Contribution: ,0, Final Score: ,-116.365
Point: ,218,95,Repeat score:,1, Repeat contribution: ,-1,Dist:,25.1478, Dist contribution: ,-125.739, New scanned ratio: ,0.02891, New Scanned Cells Contribution: ,0,Area ratio: ,0.915528, Area ratio Contribution: ,0,Perim diff: ,1.08869, Perim diff Contribution: ,0,Frontier diff: ,0, Frontier diff Contribution ,0,Inverse Area ratio: ,0.937298, Inv Area Ratio Contribution: ,0,Inverse Perim ratio: ,1.07958, Inv Perim Contribution: ,0, Final Score: ,-126.739
Point: ,212,98,Repeat score:,1, Repeat contribution: ,-1,Dist:,26.6833, Dist contribution: ,-133.417, New scanned ratio: ,0.0286548, New Scanned Cells Contribution: ,0,Area ratio: ,0.904379, Area ratio Contribution: ,0,Perim diff: ,1.08605, Perim diff Contribution: ,0,Frontier diff: ,0, Frontier diff Contribution ,0,Inverse Area ratio: ,0.937428, Inv Area Ratio Contribution: ,0,Inverse Perim ratio: ,1.07856, Inv Perim Contribution: ,0, Final Score: ,-134.417
Point: ,207,98,Repeat score:,1, Repeat contribution: ,-1,Dist:,26.0192, Dist contribution: ,-130.096, New scanned ratio: ,0.0263215, New Scanned Cells Contribution: ,0,Area ratio: ,0.904021, Area ratio Contribution: ,0,Perim diff: ,1.0786, Perim diff Contribution: ,0,Frontier diff: ,0, Frontier diff Contribution ,0,Inverse Area ratio: ,0.938469, Inv Area Ratio Contribution: ,0,Inverse Perim ratio: ,1.07242, Inv Perim Contribution: ,0, Final Score: ,-131.096
Point: ,206,99,Repeat score:,1, Repeat contribution: ,-1,Dist:,27.3, Dist contribution: ,-136.5, New scanned ratio: ,0.0273059, New Scanned Cells Contribution: ,0,Area ratio: ,0.900951, Area ratio Contribution: ,0,Perim diff: ,1.08077, Perim diff Contribution: ,0,Frontier diff: ,0, Frontier diff Contribution ,0,Inverse Area ratio: ,0.938041, Inv Area Ratio Contribution: ,0,Inverse Perim ratio: ,1.07454, Inv Perim Contribution: ,0, Final Score: ,-137.5
Point: ,205,98,Repeat score:,1, Repeat contribution: ,-1,Dist:,26.0192, Dist contribution: ,-130.096, New scanned ratio: ,0.0256289, New Scanned Cells Contribution: ,0,Area ratio: ,0.904068, Area ratio Contribution: ,0,Perim diff: ,1.07628, Perim diff Contribution: ,0,Frontier diff: ,0, Frontier diff Contribution ,0,Inverse Area ratio: ,0.938776, Inv Area Ratio Contribution: ,0,Inverse Perim ratio: ,1.07049, Inv Perim Contribution: ,0, Final Score: ,-131.096
Point: ,200,98,Repeat score:,1, Repeat contribution: ,-1,Dist:,26.6833, Dist contribution: ,-133.417, New scanned ratio: ,0.0244623, New Scanned Cells Contribution: ,0,Area ratio: ,0.904596, Area ratio Contribution: ,0,Perim diff: ,1.0737, Perim diff Contribution: ,0,Frontier diff: ,0, Frontier diff Contribution ,0,Inverse Area ratio: ,0.939273, Inv Area Ratio Contribution: ,0,Inverse Perim ratio: ,1.06813, Inv Perim Contribution: ,0, Final Score: ,-134.417
Point: ,197,96,Repeat score:,1, Repeat contribution: ,-1,Dist:,25.0711, Dist contribution: ,-125.355, New scanned ratio: ,0.0213999, New Scanned Cells Contribution: ,0,Area ratio: ,0.911324, Area ratio Contribution: ,0,Perim diff: ,1.06754, Perim diff Contribution: ,0,Frontier diff: ,0, Frontier diff Contribution ,0,Inverse Area ratio: ,0.94059, Inv Area Ratio Contribution: ,0,Inverse Perim ratio: ,1.06233, Inv Perim Contribution: ,0, Final Score: ,-126.355
Point: ,193,98,Repeat score:,1, Repeat contribution: ,-1,Dist:,29.0689, Dist contribution: ,-145.344, New scanned ratio: ,0.02428, New Scanned Cells Contribution: ,0,Area ratio: ,0.906618, Area ratio Contribution: ,0,Perim diff: ,1.06996, Perim diff Contribution: ,0,Frontier diff: ,0, Frontier diff Contribution ,0,Inverse Area ratio: ,0.939373, Inv Area Ratio Contribution: ,0,Inverse Perim ratio: ,1.06481, Inv Perim Contribution: ,0, Final Score: ,-146.344
Point: ,188,98,Repeat score:,1, Repeat contribution: ,-1,Dist:,31.6228, Dist contribution: ,-158.114, New scanned ratio: ,0.0244623, New Scanned Cells Contribution: ,0,Area ratio: ,0.908317, Area ratio Contribution: ,0,Perim diff: ,1.06465, Perim diff Contribution: ,0,Frontier diff: ,0, Frontier diff Contribution ,0,Inverse Area ratio: ,0.939304, Inv Area Ratio Contribution: ,0,Inverse Perim ratio: ,1.06045, Inv Perim Contribution: ,0, Final Score: ,-159.114
Point: ,187,99,Repeat score:,1, Repeat contribution: ,-1,Dist:,33.2609, Dist contribution: ,-166.305, New scanned ratio: ,0.0258841, New Scanned Cells Contribution: ,0,Area ratio: ,0.905629, Area ratio Contribution: ,0,Perim diff: ,1.07034, Perim diff Contribution: ,0,Frontier diff: ,0, Frontier diff Contribution ,0,Inverse Area ratio: ,0.938661, Inv Area Ratio Contribution: ,0,Inverse Perim ratio: ,1.06511, Inv Perim Contribution: ,0, Final Score: ,-167.305
Point: ,186,98,Repeat score:,1, Repeat contribution: ,-1,Dist:,32.8024, Dist contribution: ,-164.012, New scanned ratio: ,0.0244987, New Scanned Cells Contribution: ,0,Area ratio: ,0.908928, Area ratio Contribution: ,0,Perim diff: ,1.06695, Perim diff Contribution: ,0,Frontier diff: ,0, Frontier diff Contribution ,0,Inverse Area ratio: ,0.939273, Inv Area Ratio Contribution: ,0,Inverse Perim ratio: ,1.06199, Inv Perim Contribution: ,0, Final Score: ,-165.012
Point: ,181,98,Repeat score:,1, Repeat contribution: ,-1,Dist:,36.0694, Dist contribution: ,-180.347, New scanned ratio: ,0.0247175, New Scanned Cells Contribution: ,0,Area ratio: ,0.910618, Area ratio Contribution: ,0,Perim diff: ,1.06897, Perim diff Contribution: ,0,Frontier diff: ,0, Frontier diff Contribution ,0,Inverse Area ratio: ,0.939174, Inv Area Ratio Contribution: ,0,Inverse Perim ratio: ,1.06322, Inv Perim Contribution: ,0, Final Score: ,-181.347
Point: ,178,96,Repeat score:,1, Repeat contribution: ,-1,Dist:,36.4905, Dist contribution: ,-182.453, New scanned ratio: ,0.0220197, New Scanned Cells Contribution: ,0,Area ratio: ,0.917716, Area ratio Contribution: ,0,Perim diff: ,1.06553, Perim diff Contribution: ,0,Frontier diff: ,0, Frontier diff Contribution ,0,Inverse Area ratio: ,0.940322, Inv Area Ratio Contribution: ,0,Inverse Perim ratio: ,1.06216, Inv Perim Contribution: ,0, Final Score: ,-183.453
Point: ,175,96,Repeat score:,1, Repeat contribution: ,-1,Dist:,38.8402, Dist contribution: ,-194.201, New scanned ratio: ,0.0220561, New Scanned Cells Contribution: ,0,Area ratio: ,0.91863, Area ratio Contribution: ,0,Perim diff: ,1.06572, Perim diff Contribution: ,0,Frontier diff: ,0, Frontier diff Contribution ,0,Inverse Area ratio: ,0.940314, Inv Area Ratio Contribution: ,0,Inverse Perim ratio: ,1.05947, Inv Perim Contribution: ,0, Final Score: ,-195.201
Point: ,174,97,Repeat score:,1, Repeat contribution: ,-1,Dist:,40.4239, Dist contribution: ,-202.119, New scanned ratio: ,0.0235509, New Scanned Cells Contribution: ,0,Area ratio: ,0.915976, Area ratio Contribution: ,0,Perim diff: ,1.06622, Perim diff Contribution: ,0,Frontier diff: ,0, Frontier diff Contribution ,0,Inverse Area ratio: ,0.939686, Inv Area Ratio Contribution: ,0,Inverse Perim ratio: ,1.06027, Inv Perim Contribution: ,0, Final Score: ,-203.119
BEST Point:,226,79, Score: ,-101.211
COUNT COMMAND: 1
Total frontiers: ,100, Prioritised frontiers: ,24
At: ,225,78,
Point: ,262,78,Repeat score:,1, Repeat contribution: ,-1,Dist:,37, Dist contribution: ,-185, New scanned ratio: ,0.023515, New Scanned Cells Contribution: ,0,Area ratio: ,0.979979, Area ratio Contribution: ,0,Perim diff: ,1.05132, Perim diff Contribution: ,0,Frontier diff: ,0, Frontier diff Contribution ,0,Inverse Area ratio: ,0.935741, Inv Area Ratio Contribution: ,0,Inverse Perim ratio: ,1.04868, Inv Perim Contribution: ,0, Final Score: ,-186
Point: ,259,76,Repeat score:,1, Repeat contribution: ,-1,Dist:,34.0993, Dist contribution: ,-170.496, New scanned ratio: ,0.0196318, New Scanned Cells Contribution: ,0,Area ratio: ,0.980747, Area ratio Contribution: ,0,Perim diff: ,1.04614, Perim diff Contribution: ,0,Frontier diff: ,0, Frontier diff Contribution ,0,Inverse Area ratio: ,0.937421, Inv Area Ratio Contribution: ,0,Inverse Perim ratio: ,1.04565, Inv Perim Contribution: ,0, Final Score: ,-171.496
Point: ,257,76,Repeat score:,1, Repeat contribution: ,-1,Dist:,32.1055, Dist contribution: ,-160.527, New scanned ratio: ,0.018697, New Scanned Cells Contribution: ,0,Area ratio: ,0.98078, Area ratio Contribution: ,0,Perim diff: ,1.04599, Perim diff Contribution: ,0,Frontier diff: ,0, Frontier diff Contribution ,0,Inverse Area ratio: ,0.937843, Inv Area Ratio Contribution: ,0,Inverse Perim ratio: ,1.04235, Inv Perim Contribution: ,0, Final Score: ,-161.527
Point: ,254,78,Repeat score:,1, Repeat contribution: ,-1,Dist:,29, Dist contribution: ,-145, New scanned ratio: ,0.0196678, New Scanned Cells Contribution: ,0,Area ratio: ,0.980195, Area ratio Contribution: ,0,Perim diff: ,1.04387, Perim diff Contribution: ,0,Frontier diff: ,0, Frontier diff Contribution ,0,Inverse Area ratio: ,0.937452, Inv Area Ratio Contribution: ,0,Inverse Perim ratio: ,1.04136, Inv Perim Contribution: ,0, Final Score: ,-146
Point: ,249,78,Repeat score:,1, Repeat contribution: ,-1,Dist:,24, Dist contribution: ,-120, New scanned ratio: ,0.0168273, New Scanned Cells Contribution: ,0,Area ratio: ,0.979727, Area ratio Contribution: ,0,Perim diff: ,1.04274, Perim diff Contribution: ,0,Frontier diff: ,0, Frontier diff Contribution ,0,Inverse Area ratio: ,0.938687, Inv Area Ratio Contribution: ,0,Inverse Perim ratio: ,1.03978, Inv Perim Contribution: ,0, Final Score: ,-121
Point: ,248,79,Repeat score:,1, Repeat contribution: ,-1,Dist:,23.0367, Dist contribution: ,-115.184, New scanned ratio: ,0.0174026, New Scanned Cells Contribution: ,0,Area ratio: ,0.977765, Area ratio Contribution: ,0,Perim diff: ,1.04297, Perim diff Contribution: ,0,Frontier diff: ,0, Frontier diff Contribution ,0,Inverse Area ratio: ,0.938442, Inv Area Ratio Contribution: ,0,Inverse Perim ratio: ,1.04036, Inv Perim Contribution: ,0, Final Score: ,-116.184
Point: ,246,78,Repeat score:,1, Repeat contribution: ,-1,Dist:,21, Dist contribution: ,-105, New scanned ratio: ,0.0150295, New Scanned Cells Contribution: ,0,Area ratio: ,0.979312, Area ratio Contribution: ,0,Perim diff: ,1.0437, Perim diff Contribution: ,0,Frontier diff: ,0, Frontier diff Contribution ,0,Inverse Area ratio: ,0.939454, Inv Area Ratio Contribution: ,0,Inverse Perim ratio: ,1.04015, Inv Perim Contribution: ,0, Final Score: ,-106
Point: ,245,79,Repeat score:,1, Repeat contribution: ,-1,Dist:,20.0422, Dist contribution: ,-100.211, New scanned ratio: ,0.015461, New Scanned Cells Contribution: ,0,Area ratio: ,0.97714, Area ratio Contribution: ,0,Perim diff: ,1.04666, Perim diff Contribution: ,0,Frontier diff: ,0, Frontier diff Contribution ,0,Inverse Area ratio: ,0.939255, Inv Area Ratio Contribution: ,0,Inverse Perim ratio: ,1.0427, Inv Perim Contribution: ,0, Final Score: ,-101.211
Point: ,245,84,Repeat score:,1, Repeat contribution: ,-1,Dist:,21.4672, Dist contribution: ,-107.336, New scanned ratio: ,0.0213217, New Scanned Cells Contribution: ,0,Area ratio: ,0.961448, Area ratio Contribution: ,0,Perim diff: ,1.05025, Perim diff Contribution: ,0,Frontier diff: ,0, Frontier diff Contribution ,0,Inverse Area ratio: ,0.936693, Inv Area Ratio Contribution: ,0,Inverse Perim ratio: ,1.04803, Inv Perim Contribution: ,0, Final Score: ,-108.336
Point: ,242,90,Repeat score:,1, Repeat contribution: ,-1,Dist:,23.0729, Dist contribution: ,-115.365, New scanned ratio: ,0.0263196, New Scanned Cells Contribution: ,0,Area ratio: ,0.939678, Area ratio Contribution: ,0,Perim diff: ,1.06885, Perim diff Contribution: ,0,Frontier diff: ,0, Frontier diff Contribution ,0,Inverse Area ratio: ,0.934407, Inv Area Ratio Contribution: ,0,Inverse Perim ratio: ,1.06506, Inv Perim Contribution: ,0, Final Score: ,-116.365
Point: ,237,95,Repeat score:,1, Repeat contribution: ,-1,Dist:,25.1478, Dist contribution: ,-125.739, New scanned ratio: ,0.0285488, New Scanned Cells Contribution: ,0,Area ratio: ,0.92095, Area ratio Contribution: ,0,Perim diff: ,1.08203, Perim diff Contribution: ,0,Frontier diff: ,0, Frontier diff Contribution ,0,Inverse Area ratio: ,0.933364, Inv Area Ratio Contribution: ,0,Inverse Perim ratio: ,1.07752, Inv Perim Contribution: ,0, Final Score: ,-126.739
Point: ,231,98,Repeat score:,1, Repeat contribution: ,-1,Dist:,26.6833, Dist contribution: ,-133.417, New scanned ratio: ,0.0282612, New Scanned Cells Contribution: ,0,Area ratio: ,0.909834, Area ratio Contribution: ,0,Perim diff: ,1.08172, Perim diff Contribution: ,0,Frontier diff: ,0, Frontier diff Contribution ,0,Inverse Area ratio: ,0.933486, Inv Area Ratio Contribution: ,0,Inverse Perim ratio: ,1.07826, Inv Perim Contribution: ,0, Final Score: ,-134.417
Point: ,226,98,Repeat score:,1, Repeat contribution: ,-1,Dist:,26.0192, Dist contribution: ,-130.096, New scanned ratio: ,0.02596, New Scanned Cells Contribution: ,0,Area ratio: ,0.909709, Area ratio Contribution: ,0,Perim diff: ,1.07476, Perim diff Contribution: ,0,Frontier diff: ,0, Frontier diff Contribution ,0,Inverse Area ratio: ,0.934529, Inv Area Ratio Contribution: ,0,Inverse Perim ratio: ,1.07213, Inv Perim Contribution: ,0, Final Score: ,-131.096
Point: ,225,99,Repeat score:,1, Repeat contribution: ,-1,Dist:,27.3, Dist contribution: ,-136.5, New scanned ratio: ,0.0269308, New Scanned Cells Contribution: ,0,Area ratio: ,0.906609, Area ratio Contribution: ,0,Perim diff: ,1.07689, Perim diff Contribution: ,0,Frontier diff: ,0, Frontier diff Contribution ,0,Inverse Area ratio: ,0.9341, Inv Area Ratio Contribution: ,0,Inverse Perim ratio: ,1.07425, Inv Perim Contribution: ,0, Final Score: ,-137.5
Point: ,224,98,Repeat score:,1, Repeat contribution: ,-1,Dist:,26.0192, Dist contribution: ,-130.096, New scanned ratio: ,0.0252769, New Scanned Cells Contribution: ,0,Area ratio: ,0.909892, Area ratio Contribution: ,0,Perim diff: ,1.07263, Perim diff Contribution: ,0,Frontier diff: ,0, Frontier diff Contribution ,0,Inverse Area ratio: ,0.934836, Inv Area Ratio Contribution: ,0,Inverse Perim ratio: ,1.0702, Inv Perim Contribution: ,0, Final Score: ,-131.096
Point: ,219,98,Repeat score:,1, Repeat contribution: ,-1,Dist:,26.6833, Dist contribution: ,-133.417, New scanned ratio: ,0.0241263, New Scanned Cells Contribution: ,0,Area ratio: ,0.910869, Area ratio Contribution: ,0,Perim diff: ,1.07043, Perim diff Contribution: ,0,Frontier diff: ,0, Frontier diff Contribution ,0,Inverse Area ratio: ,0.935335, Inv Area Ratio Contribution: ,0,Inverse Perim ratio: ,1.06784, Inv Perim Contribution: ,0, Final Score: ,-134.417
Point: ,216,96,Repeat score:,1, Repeat contribution: ,-1,Dist:,25.0711, Dist contribution: ,-125.355, New scanned ratio: ,0.021106, New Scanned Cells Contribution: ,0,Area ratio: ,0.917896, Area ratio Contribution: ,0,Perim diff: ,1.06431, Perim diff Contribution: ,0,Frontier diff: ,0, Frontier diff Contribution ,0,Inverse Area ratio: ,0.936677, Inv Area Ratio Contribution: ,0,Inverse Perim ratio: ,1.06175, Inv Perim Contribution: ,0, Final Score: ,-126.355
Point: ,212,98,Repeat score:,1, Repeat contribution: ,-1,Dist:,29.0689, Dist contribution: ,-145.344, New scanned ratio: ,0.0238386, New Scanned Cells Contribution: ,0,Area ratio: ,0.91312, Area ratio Contribution: ,0,Perim diff: ,1.06394, Perim diff Contribution: ,0,Frontier diff: ,0, Frontier diff Contribution ,0,Inverse Area ratio: ,0.935511, Inv Area Ratio Contribution: ,0,Inverse Perim ratio: ,1.06212, Inv Perim Contribution: ,0, Final Score: ,-146.344
Point: ,207,98,Repeat score:,1, Repeat contribution: ,-1,Dist:,31.6228, Dist contribution: ,-158.114, New scanned ratio: ,0.0238027, New Scanned Cells Contribution: ,0,Area ratio: ,0.91483, Area ratio Contribution: ,0,Perim diff: ,1.06102, Perim diff Contribution: ,0,Frontier diff: ,0, Frontier diff Contribution ,0,Inverse Area ratio: ,0.935519, Inv Area Ratio Contribution: ,0,Inverse Perim ratio: ,1.0593, Inv Perim Contribution: ,0, Final Score: ,-159.114
Point: ,206,99,Repeat score:,1, Repeat contribution: ,-1,Dist:,33.2609, Dist contribution: ,-166.305, New scanned ratio: ,0.0252049, New Scanned Cells Contribution: ,0,Area ratio: ,0.91207, Area ratio Contribution: ,0,Perim diff: ,1.06661, Perim diff Contribution: ,0,Frontier diff: ,0, Frontier diff Contribution ,0,Inverse Area ratio: ,0.93489, Inv Area Ratio Contribution: ,0,Inverse Perim ratio: ,1.06397, Inv Perim Contribution: ,0, Final Score: ,-167.305
Point: ,205,98,Repeat score:,1, Repeat contribution: ,-1,Dist:,32.8024, Dist contribution: ,-164.012, New scanned ratio: ,0.0238027, New Scanned Cells Contribution: ,0,Area ratio: ,0.915471, Area ratio Contribution: ,0,Perim diff: ,1.06129, Perim diff Contribution: ,0,Frontier diff: ,0, Frontier diff Contribution ,0,Inverse Area ratio: ,0.935519, Inv Area Ratio Contribution: ,0,Inverse Perim ratio: ,1.0593, Inv Perim Contribution: ,0, Final Score: ,-165.012
Point: ,200,98,Repeat score:,1, Repeat contribution: ,-1,Dist:,36.0694, Dist contribution: ,-180.347, New scanned ratio: ,0.0238386, New Scanned Cells Contribution: ,0,Area ratio: ,0.916964, Area ratio Contribution: ,0,Perim diff: ,1.06558, Perim diff Contribution: ,0,Frontier diff: ,0, Frontier diff Contribution ,0,Inverse Area ratio: ,0.935496, Inv Area Ratio Contribution: ,0,Inverse Perim ratio: ,1.06208, Inv Perim Contribution: ,0, Final Score: ,-181.347
Point: ,196,96,Repeat score:,1, Repeat contribution: ,-1,Dist:,37.2634, Dist contribution: ,-186.317, New scanned ratio: ,0.021106, New Scanned Cells Contribution: ,0,Area ratio: ,0.92429, Area ratio Contribution: ,0,Perim diff: ,1.06409, Perim diff Contribution: ,0,Frontier diff: ,0, Frontier diff Contribution ,0,Inverse Area ratio: ,0.93667, Inv Area Ratio Contribution: ,0,Inverse Perim ratio: ,1.05952, Inv Perim Contribution: ,0, Final Score: ,-187.317
Point: ,193,98,Repeat score:,1, Repeat contribution: ,-1,Dist:,41.2311, Dist contribution: ,-206.155, New scanned ratio: ,0.0239465, New Scanned Cells Contribution: ,0,Area ratio: ,0.919129, Area ratio Contribution: ,0,Perim diff: ,1.06969, Perim diff Contribution: ,0,Frontier diff: ,0, Frontier diff Contribution ,0,Inverse Area ratio: ,0.935427, Inv Area Ratio Contribution: ,0,Inverse Perim ratio: ,1.06453, Inv Perim Contribution: ,0, Final Score: ,-207.155
BEST Point:,245,79, Score: ,-101.211
COUNT COMMAND: 1
Total frontiers: ,100, Prioritised frontiers: ,24
At: ,244,78,
Point: ,282,77,Repeat score:,1, Repeat contribution: ,-1,Dist:,38.0222, Dist contribution: ,-190.111, New scanned ratio: ,0.0221678, New Scanned Cells Contribution: ,0,Area ratio: ,0.982133, Area ratio Contribution: ,0,Perim diff: ,1.0457, Perim diff Contribution: ,0,Frontier diff: ,0, Frontier diff Contribution ,0,Inverse Area ratio: ,0.95457, Inv Area Ratio Contribution: ,0,Inverse Perim ratio: ,1.04095, Inv Perim Contribution: ,0, Final Score: ,-191.111
Point: ,279,75,Repeat score:,1, Repeat contribution: ,-1,Dist:,35.2166, Dist contribution: ,-176.083, New scanned ratio: ,0.0191175, New Scanned Cells Contribution: ,0,Area ratio: ,0.983308, Area ratio Contribution: ,0,Perim diff: ,1.04238, Perim diff Contribution: ,0,Frontier diff: ,-1, Frontier diff Contribution ,-0,Inverse Area ratio: ,0.935954, Inv Area Ratio Contribution: ,0,Inverse Perim ratio: ,1.04426, Inv Perim Contribution: ,0, Final Score: ,-177.083
Point: ,274,78,Repeat score:,1, Repeat contribution: ,-1,Dist:,30, Dist contribution: ,-150, New scanned ratio: ,0.0204299, New Scanned Cells Contribution: ,0,Area ratio: ,0.984078, Area ratio Contribution: ,0,Perim diff: ,1.03964, Perim diff Contribution: ,0,Frontier diff: ,0, Frontier diff Contribution ,0,Inverse Area ratio: ,0.931093, Inv Area Ratio Contribution: ,0,Inverse Perim ratio: ,1.04393, Inv Perim Contribution: ,0, Final Score: ,-151
Point: ,269,78,Repeat score:,1, Repeat contribution: ,-1,Dist:,25, Dist contribution: ,-125, New scanned ratio: ,0.0175569, New Scanned Cells Contribution: ,0,Area ratio: ,0.984015, Area ratio Contribution: ,0,Perim diff: ,1.03965, Perim diff Contribution: ,0,Frontier diff: ,0, Frontier diff Contribution ,0,Inverse Area ratio: ,0.932382, Inv Area Ratio Contribution: ,0,Inverse Perim ratio: ,1.04177, Inv Perim Contribution: ,0, Final Score: ,-126
Point: ,268,79,Repeat score:,1, Repeat contribution: ,-1,Dist:,24.0352, Dist contribution: ,-120.176, New scanned ratio: ,0.018089, New Scanned Cells Contribution: ,0,Area ratio: ,0.982352, Area ratio Contribution: ,0,Perim diff: ,1.03993, Perim diff Contribution: ,0,Frontier diff: ,0, Frontier diff Contribution ,0,Inverse Area ratio: ,0.932152, Inv Area Ratio Contribution: ,0,Inverse Perim ratio: ,1.04239, Inv Perim Contribution: ,0, Final Score: ,-121.176
Point: ,267,78,Repeat score:,1, Repeat contribution: ,-1,Dist:,23, Dist contribution: ,-115, New scanned ratio: ,0.0163155, New Scanned Cells Contribution: ,0,Area ratio: ,0.984049, Area ratio Contribution: ,0,Perim diff: ,1.03781, Perim diff Contribution: ,0,Frontier diff: ,0, Frontier diff Contribution ,0,Inverse Area ratio: ,0.932896, Inv Area Ratio Contribution: ,0,Inverse Perim ratio: ,1.04245, Inv Perim Contribution: ,0, Final Score: ,-116
Point: ,265,78,Repeat score:,1, Repeat contribution: ,-1,Dist:,21, Dist contribution: ,-105, New scanned ratio: ,0.0150387, New Scanned Cells Contribution: ,0,Area ratio: ,0.983736, Area ratio Contribution: ,0,Perim diff: ,1.04185, Perim diff Contribution: ,0,Frontier diff: ,0, Frontier diff Contribution ,0,Inverse Area ratio: ,0.933471, Inv Area Ratio Contribution: ,0,Inverse Perim ratio: ,1.04213, Inv Perim Contribution: ,0, Final Score: ,-106
Point: ,264,79,Repeat score:,1, Repeat contribution: ,-1,Dist:,20.0422, Dist contribution: ,-100.211, New scanned ratio: ,0.0154288, New Scanned Cells Contribution: ,0,Area ratio: ,0.981862, Area ratio Contribution: ,0,Perim diff: ,1.04264, Perim diff Contribution: ,0,Frontier diff: ,0, Frontier diff Contribution ,0,Inverse Area ratio: ,0.933287, Inv Area Ratio Contribution: ,0,Inverse Perim ratio: ,1.04315, Inv Perim Contribution: ,0, Final Score: ,-101.211
Point: ,264,84,Repeat score:,1, Repeat contribution: ,-1,Dist:,21.4672, Dist contribution: ,-107.336, New scanned ratio: ,0.0211747, New Scanned Cells Contribution: ,0,Area ratio: ,0.965925, Area ratio Contribution: ,0,Perim diff: ,1.04673, Perim diff Contribution: ,0,Frontier diff: ,0, Frontier diff Contribution ,0,Inverse Area ratio: ,0.93074, Inv Area Ratio Contribution: ,0,Inverse Perim ratio: ,1.05002, Inv Perim Contribution: ,0, Final Score: ,-108.336
Point: ,261,90,Repeat score:,1, Repeat contribution: ,-1,Dist:,23.0729, Dist contribution: ,-115.365, New scanned ratio: ,0.0259275, New Scanned Cells Contribution: ,0,Area ratio: ,0.944168, Area ratio Contribution: ,0,Perim diff: ,1.0594, Perim diff Contribution: ,0,Frontier diff: ,0, Frontier diff Contribution ,0,Inverse Area ratio: ,0.928554, Inv Area Ratio Contribution: ,0,Inverse Perim ratio: ,1.0634, Inv Perim Contribution: ,0, Final Score: ,-116.365
Point: ,256,95,Repeat score:,1, Repeat contribution: ,-1,Dist:,25.1478, Dist contribution: ,-125.739, New scanned ratio: ,0.028162, New Scanned Cells Contribution: ,0,Area ratio: ,0.925629, Area ratio Contribution: ,0,Perim diff: ,1.07261, Perim diff Contribution: ,0,Frontier diff: ,-1, Frontier diff Contribution ,-0,Inverse Area ratio: ,0.92748, Inv Area Ratio Contribution: ,0,Inverse Perim ratio: ,1.07603, Inv Perim Contribution: ,0, Final Score: ,-126.739
Point: ,250,98,Repeat score:,1, Repeat contribution: ,-1,Dist:,26.6833, Dist contribution: ,-133.417, New scanned ratio: ,0.0278783, New Scanned Cells Contribution: ,0,Area ratio: ,0.914648, Area ratio Contribution: ,0,Perim diff: ,1.07523, Perim diff Contribution: ,0,Frontier diff: ,0, Frontier diff Contribution ,0,Inverse Area ratio: ,0.927618, Inv Area Ratio Contribution: ,0,Inverse Perim ratio: ,1.07831, Inv Perim Contribution: ,0, Final Score: ,-134.417
Point: ,245,98,Repeat score:,1, Repeat contribution: ,-1,Dist:,26.0192, Dist contribution: ,-130.096, New scanned ratio: ,0.0256083, New Scanned Cells Contribution: ,0,Area ratio: ,0.914768, Area ratio Contribution: ,0,Perim diff: ,1.06918, Perim diff Contribution: ,0,Frontier diff: ,0, Frontier diff Contribution ,0,Inverse Area ratio: ,0.928661, Inv Area Ratio Contribution: ,0,Inverse Perim ratio: ,1.07217, Inv Perim Contribution: ,0, Final Score: ,-131.096
Point: ,244,99,Repeat score:,1, Repeat contribution: ,-1,Dist:,27.3, Dist contribution: ,-136.5, New scanned ratio: ,0.0265659, New Scanned Cells Contribution: ,0,Area ratio: ,0.911671, Area ratio Contribution: ,0,Perim diff: ,1.07127, Perim diff Contribution: ,0,Frontier diff: ,0, Frontier diff Contribution ,0,Inverse Area ratio: ,0.928232, Inv Area Ratio Contribution: ,0,Inverse Perim ratio: ,1.07429, Inv Perim Contribution: ,0, Final Score: ,-137.5
Point: ,243,98,Repeat score:,1, Repeat contribution: ,-1,Dist:,26.0192, Dist contribution: ,-130.096, New scanned ratio: ,0.0249344, New Scanned Cells Contribution: ,0,Area ratio: ,0.914954, Area ratio Contribution: ,0,Perim diff: ,1.06735, Perim diff Contribution: ,0,Frontier diff: ,0, Frontier diff Contribution ,0,Inverse Area ratio: ,0.928968, Inv Area Ratio Contribution: ,0,Inverse Perim ratio: ,1.07024, Inv Perim Contribution: ,0, Final Score: ,-131.096
Point: ,238,98,Repeat score:,1, Repeat contribution: ,-1,Dist:,26.6833, Dist contribution: ,-133.417, New scanned ratio: ,0.0237994, New Scanned Cells Contribution: ,0,Area ratio: ,0.915934, Area ratio Contribution: ,0,Perim diff: ,1.06584, Perim diff Contribution: ,0,Frontier diff: ,0, Frontier diff Contribution ,0,Inverse Area ratio: ,0.929467, Inv Area Ratio Contribution: ,0,Inverse Perim ratio: ,1.06788, Inv Perim Contribution: ,0, Final Score: ,-134.417
Point: ,235,96,Repeat score:,1, Repeat contribution: ,-1,Dist:,25.0711, Dist contribution: ,-125.355, New scanned ratio: ,0.02082, New Scanned Cells Contribution: ,0,Area ratio: ,0.923228, Area ratio Contribution: ,0,Perim diff: ,1.0604, Perim diff Contribution: ,0,Frontier diff: ,0, Frontier diff Contribution ,0,Inverse Area ratio: ,0.930809, Inv Area Ratio Contribution: ,0,Inverse Perim ratio: ,1.0618, Inv Perim Contribution: ,0, Final Score: ,-126.355
Point: ,231,98,Repeat score:,1, Repeat contribution: ,-1,Dist:,29.0689, Dist contribution: ,-145.344, New scanned ratio: ,0.0235156, New Scanned Cells Contribution: ,0,Area ratio: ,0.918477, Area ratio Contribution: ,0,Perim diff: ,1.06015, Perim diff Contribution: ,0,Frontier diff: ,0, Frontier diff Contribution ,0,Inverse Area ratio: ,0.929643, Inv Area Ratio Contribution: ,0,Inverse Perim ratio: ,1.06217, Inv Perim Contribution: ,0, Final Score: ,-146.344
Point: ,226,98,Repeat score:,1, Repeat contribution: ,-1,Dist:,31.6228, Dist contribution: ,-158.114, New scanned ratio: ,0.0234802, New Scanned Cells Contribution: ,0,Area ratio: ,0.920406, Area ratio Contribution: ,0,Perim diff: ,1.0577, Perim diff Contribution: ,0,Frontier diff: ,0, Frontier diff Contribution ,0,Inverse Area ratio: ,0.929651, Inv Area Ratio Contribution: ,0,Inverse Perim ratio: ,1.05935, Inv Perim Contribution: ,0, Final Score: ,-159.114
Point: ,225,99,Repeat score:,1, Repeat contribution: ,-1,Dist:,33.2609, Dist contribution: ,-166.305, New scanned ratio: ,0.0248634, New Scanned Cells Contribution: ,0,Area ratio: ,0.917613, Area ratio Contribution: ,0,Perim diff: ,1.06324, Perim diff Contribution: ,0,Frontier diff: ,0, Frontier diff Contribution ,0,Inverse Area ratio: ,0.929022, Inv Area Ratio Contribution: ,0,Inverse Perim ratio: ,1.06401, Inv Perim Contribution: ,0, Final Score: ,-167.305
Point: ,224,98,Repeat score:,1, Repeat contribution: ,-1,Dist:,32.8024, Dist contribution: ,-164.012, New scanned ratio: ,0.0234802, New Scanned Cells Contribution: ,0,Area ratio: ,0.92118, Area ratio Contribution: ,0,Perim diff: ,1.05814, Perim diff Contribution: ,0,Frontier diff: ,0, Frontier diff Contribution ,0,Inverse Area ratio: ,0.929651, Inv Area Ratio Contribution: ,0,Inverse Perim ratio: ,1.05935, Inv Perim Contribution: ,0, Final Score: ,-165.012
Point: ,219,98,Repeat score:,1, Repeat contribution: ,-1,Dist:,36.0694, Dist contribution: ,-180.347, New scanned ratio: ,0.0235156, New Scanned Cells Contribution: ,0,Area ratio: ,0.923121, Area ratio Contribution: ,0,Perim diff: ,1.06279, Perim diff Contribution: ,0,Frontier diff: ,0, Frontier diff Contribution ,0,Inverse Area ratio: ,0.929628, Inv Area Ratio Contribution: ,0,Inverse Perim ratio: ,1.06212, Inv Perim Contribution: ,0, Final Score: ,-181.347
Point: ,216,96,Repeat score:,1, Repeat contribution: ,-1,Dist:,36.4905, Dist contribution: ,-182.453, New scanned ratio: ,0.0207846, New Scanned Cells Contribution: ,0,Area ratio: ,0.930442, Area ratio Contribution: ,0,Perim diff: ,1.06077, Perim diff Contribution: ,0,Frontier diff: ,0, Frontier diff Contribution ,0,Inverse Area ratio: ,0.930824, Inv Area Ratio Contribution: ,0,Inverse Perim ratio: ,1.05893, Inv Perim Contribution: ,0, Final Score: ,-183.453
Point: ,212,98,Repeat score:,1, Repeat contribution: ,-1,Dist:,41.2311, Dist contribution: ,-206.155, New scanned ratio: ,0.0235156, New Scanned Cells Contribution: ,0,Area ratio: ,0.925518, Area ratio Contribution: ,0,Perim diff: ,1.06413, Perim diff Contribution: ,0,Frontier diff: ,0, Frontier diff Contribution ,0,Inverse Area ratio: ,0.929635, Inv Area Ratio Contribution: ,0,Inverse Perim ratio: ,1.06218, Inv Perim Contribution: ,0, Final Score: ,-207.155
BEST Point:,264,79, Score: ,-101.211
COUNT COMMAND: 1
Total frontiers: ,101, Prioritised frontiers: ,24
At: ,263,78,
Point: ,299,74,Repeat score:,1, Repeat contribution: ,-1,Dist:,36.3736, Dist contribution: ,-181.868, New scanned ratio: ,0.00920224, New Scanned Cells Contribution: ,0,Area ratio: ,0.982349, Area ratio Contribution: ,0,Perim diff: ,1.045, Perim diff Contribution: ,0,Frontier diff: ,0, Frontier diff Contribution ,0,Inverse Area ratio: ,0.955129, Inv Area Ratio Contribution: ,0,Inverse Perim ratio: ,1.03482, Inv Perim Contribution: ,0, Final Score: ,-182.868
Point: ,294,77,Repeat score:,1, Repeat contribution: ,-1,Dist:,31.0272, Dist contribution: ,-155.136, New scanned ratio: ,0.0124913, New Scanned Cells Contribution: ,0,Area ratio: ,0.983895, Area ratio Contribution: ,0,Perim diff: ,1.03871, Perim diff Contribution: ,0,Frontier diff: ,0, Frontier diff Contribution ,0,Inverse Area ratio: ,0.96789, Inv Area Ratio Contribution: ,0,Inverse Perim ratio: ,1.03167, Inv Perim Contribution: ,0, Final Score: ,-156.136
Point: ,289,77,Repeat score:,1, Repeat contribution: ,-1,Dist:,26.0325, Dist contribution: ,-130.162, New scanned ratio: ,0.0131211, New Scanned Cells Contribution: ,0,Area ratio: ,0.984853, Area ratio Contribution: ,0,Perim diff: ,1.03571, Perim diff Contribution: ,0,Frontier diff: ,0, Frontier diff Contribution ,0,Inverse Area ratio: ,0.974347, Inv Area Ratio Contribution: ,0,Inverse Perim ratio: ,1.03051, Inv Perim Contribution: ,0, Final Score: ,-131.162
Point: ,288,78,Repeat score:,1, Repeat contribution: ,-1,Dist:,25, Dist contribution: ,-125, New scanned ratio: ,0.0139608, New Scanned Cells Contribution: ,0,Area ratio: ,0.985018, Area ratio Contribution: ,0,Perim diff: ,1.03542, Perim diff Contribution: ,0,Frontier diff: ,0, Frontier diff Contribution ,0,Inverse Area ratio: ,0.97517, Inv Area Ratio Contribution: ,0,Inverse Perim ratio: ,1.03064, Inv Perim Contribution: ,0, Final Score: ,-126
Point: ,287,77,Repeat score:,1, Repeat contribution: ,-1,Dist:,24.0352, Dist contribution: ,-120.176, New scanned ratio: ,0.0131211, New Scanned Cells Contribution: ,0,Area ratio: ,0.98516, Area ratio Contribution: ,0,Perim diff: ,1.03574, Perim diff Contribution: ,0,Frontier diff: ,0, Frontier diff Contribution ,0,Inverse Area ratio: ,0.97318, Inv Area Ratio Contribution: ,0,Inverse Perim ratio: ,1.03074, Inv Perim Contribution: ,0, Final Score: ,-121.176
Point: ,283,77,Repeat score:,1, Repeat contribution: ,-1,Dist:,20.0422, Dist contribution: ,-100.211, New scanned ratio: ,0.0126662, New Scanned Cells Contribution: ,0,Area ratio: ,0.985664, Area ratio Contribution: ,0,Perim diff: ,1.03526, Perim diff Contribution: ,0,Frontier diff: ,0, Frontier diff Contribution ,0,Inverse Area ratio: ,0.964087, Inv Area Ratio Contribution: ,0,Inverse Perim ratio: ,1.03185, Inv Perim Contribution: ,0, Final Score: ,-101.211
Point: ,284,78,Repeat score:,1, Repeat contribution: ,-1,Dist:,21, Dist contribution: ,-105, New scanned ratio: ,0.0137509, New Scanned Cells Contribution: ,0,Area ratio: ,0.98556, Area ratio Contribution: ,0,Perim diff: ,1.03493, Perim diff Contribution: ,0,Frontier diff: ,0, Frontier diff Contribution ,0,Inverse Area ratio: ,0.968219, Inv Area Ratio Contribution: ,0,Inverse Perim ratio: ,1.03126, Inv Perim Contribution: ,0, Final Score: ,-106
Point: ,283,79,Repeat score:,1, Repeat contribution: ,-1,Dist:,20.0422, Dist contribution: ,-100.211, New scanned ratio: ,0.0145206, New Scanned Cells Contribution: ,0,Area ratio: ,0.984096, Area ratio Contribution: ,0,Perim diff: ,1.03519, Perim diff Contribution: ,0,Frontier diff: ,0, Frontier diff Contribution ,0,Inverse Area ratio: ,0.967867, Inv Area Ratio Contribution: ,0,Inverse Perim ratio: ,1.03189, Inv Perim Contribution: ,0, Final Score: ,-101.211
Point: ,283,84,Repeat score:,1, Repeat contribution: ,-1,Dist:,21.4672, Dist contribution: ,-107.336, New scanned ratio: ,0.0196991, New Scanned Cells Contribution: ,0,Area ratio: ,0.96808, Area ratio Contribution: ,0,Perim diff: ,1.03548, Perim diff Contribution: ,0,Frontier diff: ,0, Frontier diff Contribution ,0,Inverse Area ratio: ,0.977204, Inv Area Ratio Contribution: ,0,Inverse Perim ratio: ,1.03245, Inv Perim Contribution: ,0, Final Score: ,-108.336
Point: ,280,90,Repeat score:,1, Repeat contribution: ,-1,Dist:,23.0729, Dist contribution: ,-115.365, New scanned ratio: ,0.0259272, New Scanned Cells Contribution: ,0,Area ratio: ,0.947321, Area ratio Contribution: ,0,Perim diff: ,1.04375, Perim diff Contribution: ,0,Frontier diff: ,-1, Frontier diff Contribution ,-0,Inverse Area ratio: ,0.973819, Inv Area Ratio Contribution: ,0,Inverse Perim ratio: ,1.03799, Inv Perim Contribution: ,0, Final Score: ,-116.365
Point: ,275,95,Repeat score:,1, Repeat contribution: ,-1,Dist:,25.1478, Dist contribution: ,-125.739, New scanned ratio: ,0.0278167, New Scanned Cells Contribution: ,0,Area ratio: ,0.928679, Area ratio Contribution: ,0,Perim diff: ,1.0684, Perim diff Contribution: ,0,Frontier diff: ,0, Frontier diff Contribution ,0,Inverse Area ratio: ,0.921489, Inv Area Ratio Contribution: ,0,Inverse Perim ratio: ,1.08381, Inv Perim Contribution: ,0, Final Score: ,-126.739
Point: ,269,98,Repeat score:,1, Repeat contribution: ,-1,Dist:,26.6833, Dist contribution: ,-133.417, New scanned ratio: ,0.0275017, New Scanned Cells Contribution: ,0,Area ratio: ,0.918227, Area ratio Contribution: ,0,Perim diff: ,1.06565, Perim diff Contribution: ,0,Frontier diff: ,0, Frontier diff Contribution ,0,Inverse Area ratio: ,0.921665, Inv Area Ratio Contribution: ,0,Inverse Perim ratio: ,1.08029, Inv Perim Contribution: ,0, Final Score: ,-134.417
Point: ,264,98,Repeat score:,1, Repeat contribution: ,-1,Dist:,26.0192, Dist contribution: ,-130.096, New scanned ratio: ,0.0252624, New Scanned Cells Contribution: ,0,Area ratio: ,0.918807, Area ratio Contribution: ,0,Perim diff: ,1.06164, Perim diff Contribution: ,0,Frontier diff: ,0, Frontier diff Contribution ,0,Inverse Area ratio: ,0.922709, Inv Area Ratio Contribution: ,0,Inverse Perim ratio: ,1.07416, Inv Perim Contribution: ,0, Final Score: ,-131.096
Point: ,263,99,Repeat score:,1, Repeat contribution: ,-1,Dist:,27.3, Dist contribution: ,-136.5, New scanned ratio: ,0.0262071, New Scanned Cells Contribution: ,0,Area ratio: ,0.91572, Area ratio Contribution: ,0,Perim diff: ,1.06382, Perim diff Contribution: ,0,Frontier diff: ,0, Frontier diff Contribution ,0,Inverse Area ratio: ,0.922279, Inv Area Ratio Contribution: ,0,Inverse Perim ratio: ,1.07628, Inv Perim Contribution: ,0, Final Score: ,-137.5
Point: ,262,98,Repeat score:,1, Repeat contribution: ,-1,Dist:,26.0192, Dist contribution: ,-130.096, New scanned ratio: ,0.0245976, New Scanned Cells Contribution: ,0,Area ratio: ,0.919111, Area ratio Contribution: ,0,Perim diff: ,1.0605, Perim diff Contribution: ,0,Frontier diff: ,0, Frontier diff Contribution ,0,Inverse Area ratio: ,0.923016, Inv Area Ratio Contribution: ,0,Inverse Perim ratio: ,1.07223, Inv Perim Contribution: ,0, Final Score: ,-131.096
Point: ,257,98,Repeat score:,1, Repeat contribution: ,-1,Dist:,26.6833, Dist contribution: ,-133.417, New scanned ratio: ,0.023478, New Scanned Cells Contribution: ,0,Area ratio: ,0.920384, Area ratio Contribution: ,0,Perim diff: ,1.06044, Perim diff Contribution: ,0,Frontier diff: ,0, Frontier diff Contribution ,0,Inverse Area ratio: ,0.923514, Inv Area Ratio Contribution: ,0,Inverse Perim ratio: ,1.06987, Inv Perim Contribution: ,0, Final Score: ,-134.417
Point: ,254,96,Repeat score:,1, Repeat contribution: ,-1,Dist:,25.0711, Dist contribution: ,-125.355, New scanned ratio: ,0.0205388, New Scanned Cells Contribution: ,0,Area ratio: ,0.927962, Area ratio Contribution: ,0,Perim diff: ,1.0562, Perim diff Contribution: ,0,Frontier diff: ,0, Frontier diff Contribution ,0,Inverse Area ratio: ,0.924857, Inv Area Ratio Contribution: ,0,Inverse Perim ratio: ,1.06378, Inv Perim Contribution: ,0, Final Score: ,-126.355
Point: ,250,98,Repeat score:,1, Repeat contribution: ,-1,Dist:,29.0689, Dist contribution: ,-145.344, New scanned ratio: ,0.023198, New Scanned Cells Contribution: ,0,Area ratio: ,0.923332, Area ratio Contribution: ,0,Perim diff: ,1.05636, Perim diff Contribution: ,0,Frontier diff: ,0, Frontier diff Contribution ,0,Inverse Area ratio: ,0.923691, Inv Area Ratio Contribution: ,0,Inverse Perim ratio: ,1.06416, Inv Perim Contribution: ,0, Final Score: ,-146.344
Point: ,245,98,Repeat score:,1, Repeat contribution: ,-1,Dist:,31.6228, Dist contribution: ,-158.114, New scanned ratio: ,0.0231631, New Scanned Cells Contribution: ,0,Area ratio: ,0.925493, Area ratio Contribution: ,0,Perim diff: ,1.05478, Perim diff Contribution: ,0,Frontier diff: ,0, Frontier diff Contribution ,0,Inverse Area ratio: ,0.923698, Inv Area Ratio Contribution: ,0,Inverse Perim ratio: ,1.06133, Inv Perim Contribution: ,0, Final Score: ,-159.114
Point: ,244,99,Repeat score:,1, Repeat contribution: ,-1,Dist:,33.2609, Dist contribution: ,-166.305, New scanned ratio: ,0.0245276, New Scanned Cells Contribution: ,0,Area ratio: ,0.9227, Area ratio Contribution: ,0,Perim diff: ,1.06027, Perim diff Contribution: ,0,Frontier diff: ,0, Frontier diff Contribution ,0,Inverse Area ratio: ,0.923069, Inv Area Ratio Contribution: ,0,Inverse Perim ratio: ,1.066, Inv Perim Contribution: ,0, Final Score: ,-167.305
Point: ,243,98,Repeat score:,1, Repeat contribution: ,-1,Dist:,32.8024, Dist contribution: ,-164.012, New scanned ratio: ,0.0231631, New Scanned Cells Contribution: ,0,Area ratio: ,0.926265, Area ratio Contribution: ,0,Perim diff: ,1.05552, Perim diff Contribution: ,0,Frontier diff: ,0, Frontier diff Contribution ,0,Inverse Area ratio: ,0.923698, Inv Area Ratio Contribution: ,0,Inverse Perim ratio: ,1.06133, Inv Perim Contribution: ,0, Final Score: ,-165.012
Point: ,238,98,Repeat score:,1, Repeat contribution: ,-1,Dist:,36.0694, Dist contribution: ,-180.347, New scanned ratio: ,0.023198, New Scanned Cells Contribution: ,0,Area ratio: ,0.927529, Area ratio Contribution: ,0,Perim diff: ,1.0608, Perim diff Contribution: ,0,Frontier diff: ,0, Frontier diff Contribution ,0,Inverse Area ratio: ,0.923675, Inv Area Ratio Contribution: ,0,Inverse Perim ratio: ,1.06411, Inv Perim Contribution: ,0, Final Score: ,-181.347
Point: ,235,96,Repeat score:,1, Repeat contribution: ,-1,Dist:,36.4905, Dist contribution: ,-182.453, New scanned ratio: ,0.0205038, New Scanned Cells Contribution: ,0,Area ratio: ,0.933424, Area ratio Contribution: ,0,Perim diff: ,1.05922, Perim diff Contribution: ,0,Frontier diff: ,0, Frontier diff Contribution ,0,Inverse Area ratio: ,0.924872, Inv Area Ratio Contribution: ,0,Inverse Perim ratio: ,1.06092, Inv Perim Contribution: ,0, Final Score: ,-183.453
Point: ,231,98,Repeat score:,1, Repeat contribution: ,-1,Dist:,41.2311, Dist contribution: ,-206.155, New scanned ratio: ,0.023198, New Scanned Cells Contribution: ,0,Area ratio: ,0.928019, Area ratio Contribution: ,0,Perim diff: ,1.06263, Perim diff Contribution: ,0,Frontier diff: ,0, Frontier diff Contribution ,0,Inverse Area ratio: ,0.923683, Inv Area Ratio Contribution: ,0,Inverse Perim ratio: ,1.06417, Inv Perim Contribution: ,0, Final Score: ,-207.155
BEST Point:,283,77, Score: ,-101.211
COUNT COMMAND: 1
Total frontiers: ,100, Prioritised frontiers: ,17
At: ,282,77,
Point: ,299,88,Repeat score:,1, Repeat contribution: ,-1,Dist:,22.2146, Dist contribution: ,-111.073, New scanned ratio: ,0.00684292, New Scanned Cells Contribution: ,0,Area ratio: ,0.951291, Area ratio Contribution: ,0,Perim diff: ,1.03936, Perim diff Contribution: ,0,Frontier diff: ,0, Frontier diff Contribution ,0,Inverse Area ratio: ,0.97862, Inv Area Ratio Contribution: ,0,Inverse Perim ratio: ,1.03023, Inv Perim Contribution: ,0, Final Score: ,-112.073
Point: ,299,89,Repeat score:,1, Repeat contribution: ,-1,Dist:,23.0729, Dist contribution: ,-115.365, New scanned ratio: ,0.00749957, New Scanned Cells Contribution: ,0,Area ratio: ,0.947731, Area ratio Contribution: ,0,Perim diff: ,1.0399, Perim diff Contribution: ,0,Frontier diff: ,0, Frontier diff Contribution ,0,Inverse Area ratio: ,0.978558, Inv Area Ratio Contribution: ,0,Inverse Perim ratio: ,1.03015, Inv Perim Contribution: ,0, Final Score: ,-116.365
Point: ,294,94,Repeat score:,1, Repeat contribution: ,-1,Dist:,25.1478, Dist contribution: ,-125.739, New scanned ratio: ,0.0138932, New Scanned Cells Contribution: ,0,Area ratio: ,0.930909, Area ratio Contribution: ,0,Perim diff: ,1.04559, Perim diff Contribution: ,0,Frontier diff: ,0, Frontier diff Contribution ,0,Inverse Area ratio: ,0.97692, Inv Area Ratio Contribution: ,0,Inverse Perim ratio: ,1.0338, Inv Perim Contribution: ,0, Final Score: ,-126.739
Point: ,288,97,Repeat score:,1, Repeat contribution: ,-1,Dist:,26.6833, Dist contribution: ,-133.417, New scanned ratio: ,0.0203905, New Scanned Cells Contribution: ,0,Area ratio: ,0.92255, Area ratio Contribution: ,0,Perim diff: ,1.04574, Perim diff Contribution: ,0,Frontier diff: ,0, Frontier diff Contribution ,0,Inverse Area ratio: ,0.976698, Inv Area Ratio Contribution: ,0,Inverse Perim ratio: ,1.03686, Inv Perim Contribution: ,0, Final Score: ,-134.417
Point: ,283,97,Repeat score:,1, Repeat contribution: ,-1,Dist:,26.0192, Dist contribution: ,-130.096, New scanned ratio: ,0.0228097, New Scanned Cells Contribution: ,0,Area ratio: ,0.924059, Area ratio Contribution: ,0,Perim diff: ,1.04409, Perim diff Contribution: ,0,Frontier diff: ,0, Frontier diff Contribution ,0,Inverse Area ratio: ,0.975191, Inv Area Ratio Contribution: ,0,Inverse Perim ratio: ,1.03879, Inv Perim Contribution: ,0, Final Score: ,-131.096
Point: ,282,98,Repeat score:,1, Repeat contribution: ,-1,Dist:,27.3, Dist contribution: ,-136.5, New scanned ratio: ,0.0244341, New Scanned Cells Contribution: ,0,Area ratio: ,0.921116, Area ratio Contribution: ,0,Perim diff: ,1.04522, Perim diff Contribution: ,0,Frontier diff: ,0, Frontier diff Contribution ,0,Inverse Area ratio: ,0.974211, Inv Area Ratio Contribution: ,0,Inverse Perim ratio: ,1.04147, Inv Perim Contribution: ,0, Final Score: ,-137.5
Point: ,281,97,Repeat score:,1, Repeat contribution: ,-1,Dist:,26.0192, Dist contribution: ,-130.096, New scanned ratio: ,0.0233627, New Scanned Cells Contribution: ,0,Area ratio: ,0.924554, Area ratio Contribution: ,0,Perim diff: ,1.04594, Perim diff Contribution: ,0,Frontier diff: ,-1, Frontier diff Contribution ,-0,Inverse Area ratio: ,0.973605, Inv Area Ratio Contribution: ,0,Inverse Perim ratio: ,1.04287, Inv Perim Contribution: ,0, Final Score: ,-131.096
Point: ,276,97,Repeat score:,1, Repeat contribution: ,-1,Dist:,26.6833, Dist contribution: ,-133.417, New scanned ratio: ,0.0226024, New Scanned Cells Contribution: ,0,Area ratio: ,0.925268, Area ratio Contribution: ,0,Perim diff: ,1.04759, Perim diff Contribution: ,0,Frontier diff: ,0, Frontier diff Contribution ,0,Inverse Area ratio: ,0.948993, Inv Area Ratio Contribution: ,0,Inverse Perim ratio: ,1.05889, Inv Perim Contribution: ,0, Final Score: ,-134.417
Point: ,275,96,Repeat score:,1, Repeat contribution: ,-1,Dist:,25.6727, Dist contribution: ,-128.364, New scanned ratio: ,0.0210817, New Scanned Cells Contribution: ,0,Area ratio: ,0.928719, Area ratio Contribution: ,0,Perim diff: ,1.04749, Perim diff Contribution: ,0,Frontier diff: ,0, Frontier diff Contribution ,0,Inverse Area ratio: ,0.949706, Inv Area Ratio Contribution: ,0,Inverse Perim ratio: ,1.05693, Inv Perim Contribution: ,0, Final Score: ,-129.364
Point: ,272,96,Repeat score:,1, Repeat contribution: ,-1,Dist:,26.6475, Dist contribution: ,-133.238, New scanned ratio: ,0.0208744, New Scanned Cells Contribution: ,0,Area ratio: ,0.929462, Area ratio Contribution: ,0,Perim diff: ,1.04757, Perim diff Contribution: ,0,Frontier diff: ,0, Frontier diff Contribution ,0,Inverse Area ratio: ,0.949817, Inv Area Ratio Contribution: ,0,Inverse Perim ratio: ,1.05497, Inv Perim Contribution: ,0, Final Score: ,-134.238
Point: ,269,98,Repeat score:,1, Repeat contribution: ,-1,Dist:,30.2372, Dist contribution: ,-151.186, New scanned ratio: ,0.0234318, New Scanned Cells Contribution: ,0,Area ratio: ,0.923697, Area ratio Contribution: ,0,Perim diff: ,1.04814, Perim diff Contribution: ,0,Frontier diff: ,0, Frontier diff Contribution ,0,Inverse Area ratio: ,0.948644, Inv Area Ratio Contribution: ,0,Inverse Perim ratio: ,1.0561, Inv Perim Contribution: ,0, Final Score: ,-152.186
Point: ,264,98,Repeat score:,1, Repeat contribution: ,-1,Dist:,32.7, Dist contribution: ,-163.5, New scanned ratio: ,0.0232245, New Scanned Cells Contribution: ,0,Area ratio: ,0.924529, Area ratio Contribution: ,0,Perim diff: ,1.04926, Perim diff Contribution: ,0,Frontier diff: ,0, Frontier diff Contribution ,0,Inverse Area ratio: ,0.948731, Inv Area Ratio Contribution: ,0,Inverse Perim ratio: ,1.05479, Inv Perim Contribution: ,0, Final Score: ,-164.5
Point: ,263,99,Repeat score:,1, Repeat contribution: ,-1,Dist:,34.336, Dist contribution: ,-171.68, New scanned ratio: ,0.0245378, New Scanned Cells Contribution: ,0,Area ratio: ,0.921561, Area ratio Contribution: ,0,Perim diff: ,1.05268, Perim diff Contribution: ,0,Frontier diff: ,0, Frontier diff Contribution ,0,Inverse Area ratio: ,0.948097, Inv Area Ratio Contribution: ,0,Inverse Perim ratio: ,1.05797, Inv Perim Contribution: ,0, Final Score: ,-172.68
Point: ,262,98,Repeat score:,1, Repeat contribution: ,-1,Dist:,33.8421, Dist contribution: ,-169.211, New scanned ratio: ,0.0231899, New Scanned Cells Contribution: ,0,Area ratio: ,0.924923, Area ratio Contribution: ,0,Perim diff: ,1.04805, Perim diff Contribution: ,0,Frontier diff: ,0, Frontier diff Contribution ,0,Inverse Area ratio: ,0.948763, Inv Area Ratio Contribution: ,0,Inverse Perim ratio: ,1.05323, Inv Perim Contribution: ,0, Final Score: ,-170.211
Point: ,257,98,Repeat score:,1, Repeat contribution: ,-1,Dist:,37.0174, Dist contribution: ,-185.087, New scanned ratio: ,0.0230171, New Scanned Cells Contribution: ,0,Area ratio: ,0.925274, Area ratio Contribution: ,0,Perim diff: ,1.05549, Perim diff Contribution: ,0,Frontier diff: ,0, Frontier diff Contribution ,0,Inverse Area ratio: ,0.948818, Inv Area Ratio Contribution: ,0,Inverse Perim ratio: ,1.05761, Inv Perim Contribution: ,0, Final Score: ,-186.087
Point: ,254,96,Repeat score:,1, Repeat contribution: ,-1,Dist:,37.3375, Dist contribution: ,-186.688, New scanned ratio: ,0.0202868, New Scanned Cells Contribution: ,0,Area ratio: ,0.931624, Area ratio Contribution: ,0,Perim diff: ,1.05169, Perim diff Contribution: ,0,Frontier diff: ,0, Frontier diff Contribution ,0,Inverse Area ratio: ,0.95011, Inv Area Ratio Contribution: ,0,Inverse Perim ratio: ,1.05259, Inv Perim Contribution: ,0, Final Score: ,-187.688
Point: ,250,98,Repeat score:,1, Repeat contribution: ,-1,Dist:,42.0629, Dist contribution: ,-210.315, New scanned ratio: ,0.0229134, New Scanned Cells Contribution: ,0,Area ratio: ,0.925794, Area ratio Contribution: ,0,Perim diff: ,1.05415, Perim diff Contribution: ,0,Frontier diff: ,0, Frontier diff Contribution ,0,Inverse Area ratio: ,0.948898, Inv Area Ratio Contribution: ,0,Inverse Perim ratio: ,1.05519, Inv Perim Contribution: ,0, Final Score: ,-211.315
BEST Point:,299,88, Score: ,-112.073
COUNT COMMAND: 1
Total frontiers: ,100, Prioritised frontiers: ,14
At: ,298,87,
Point: ,299,107,Repeat score:,1, Repeat contribution: ,-1,Dist:,26.0192, Dist contribution: ,-130.096, New scanned ratio: ,0.0131159, New Scanned Cells Contribution: ,0,Area ratio: ,0.884877, Area ratio Contribution: ,0,Perim diff: ,1.06164, Perim diff Contribution: ,0,Frontier diff: ,0, Frontier diff Contribution ,0,Inverse Area ratio: ,0.975672, Inv Area Ratio Contribution: ,0,Inverse Perim ratio: ,1.03673, Inv Perim Contribution: ,0, Final Score: ,-131.096
Point: ,298,108,Repeat score:,1, Repeat contribution: ,-1,Dist:,27.3, Dist contribution: ,-136.5, New scanned ratio: ,0.0147639, New Scanned Cells Contribution: ,0,Area ratio: ,0.882082, Area ratio Contribution: ,0,Perim diff: ,1.0634, Perim diff Contribution: ,0,Frontier diff: ,0, Frontier diff Contribution ,0,Inverse Area ratio: ,0.974971, Inv Area Ratio Contribution: ,0,Inverse Perim ratio: ,1.03877, Inv Perim Contribution: ,0, Final Score: ,-137.5
Point: ,297,107,Repeat score:,1, Repeat contribution: ,-1,Dist:,26.0192, Dist contribution: ,-130.096, New scanned ratio: ,0.0151416, New Scanned Cells Contribution: ,0,Area ratio: ,0.885882, Area ratio Contribution: ,0,Perim diff: ,1.06224, Perim diff Contribution: ,0,Frontier diff: ,0, Frontier diff Contribution ,0,Inverse Area ratio: ,0.974854, Inv Area Ratio Contribution: ,0,Inverse Perim ratio: ,1.03878, Inv Perim Contribution: ,0, Final Score: ,-131.096
Point: ,292,107,Repeat score:,1, Repeat contribution: ,-1,Dist:,26.6833, Dist contribution: ,-133.417, New scanned ratio: ,0.0202575, New Scanned Cells Contribution: ,0,Area ratio: ,0.888283, Area ratio Contribution: ,0,Perim diff: ,1.06505, Perim diff Contribution: ,0,Frontier diff: ,0, Frontier diff Contribution ,0,Inverse Area ratio: ,0.972818, Inv Area Ratio Contribution: ,0,Inverse Perim ratio: ,1.04341, Inv Perim Contribution: ,0, Final Score: ,-134.417
Point: ,286,104,Repeat score:,1, Repeat contribution: ,-1,Dist:,25.1478, Dist contribution: ,-125.739, New scanned ratio: ,0.0227639, New Scanned Cells Contribution: ,0,Area ratio: ,0.900739, Area ratio Contribution: ,0,Perim diff: ,1.05421, Perim diff Contribution: ,0,Frontier diff: ,0, Frontier diff Contribution ,0,Inverse Area ratio: ,0.974262, Inv Area Ratio Contribution: ,0,Inverse Perim ratio: ,1.04227, Inv Perim Contribution: ,0, Final Score: ,-126.739
Point: ,281,99,Repeat score:,1, Repeat contribution: ,-1,Dist:,23.0729, Dist contribution: ,-115.365, New scanned ratio: ,0.0193648, New Scanned Cells Contribution: ,0,Area ratio: ,0.918215, Area ratio Contribution: ,0,Perim diff: ,1.0481, Perim diff Contribution: ,0,Frontier diff: ,0, Frontier diff Contribution ,0,Inverse Area ratio: ,0.973064, Inv Area Ratio Contribution: ,0,Inverse Perim ratio: ,1.04528, Inv Perim Contribution: ,0, Final Score: ,-116.365
Point: ,280,97,Repeat score:,1, Repeat contribution: ,-1,Dist:,22.2036, Dist contribution: ,-111.018, New scanned ratio: ,0.0170987, New Scanned Cells Contribution: ,0,Area ratio: ,0.924829, Area ratio Contribution: ,0,Perim diff: ,1.04537, Perim diff Contribution: ,0,Frontier diff: ,0, Frontier diff Contribution ,0,Inverse Area ratio: ,0.973806, Inv Area Ratio Contribution: ,0,Inverse Perim ratio: ,1.04175, Inv Perim Contribution: ,0, Final Score: ,-112.018
Point: ,276,97,Repeat score:,1, Repeat contribution: ,-1,Dist:,25.5539, Dist contribution: ,-127.769, New scanned ratio: ,0.0183691, New Scanned Cells Contribution: ,0,Area ratio: ,0.925499, Area ratio Contribution: ,0,Perim diff: ,1.04769, Perim diff Contribution: ,0,Frontier diff: ,0, Frontier diff Contribution ,0,Inverse Area ratio: ,0.973188, Inv Area Ratio Contribution: ,0,Inverse Perim ratio: ,1.0428, Inv Perim Contribution: ,0, Final Score: ,-128.769
Point: ,275,96,Repeat score:,1, Repeat contribution: ,-1,Dist:,25.8048, Dist contribution: ,-129.024, New scanned ratio: ,0.0174077, New Scanned Cells Contribution: ,0,Area ratio: ,0.928816, Area ratio Contribution: ,0,Perim diff: ,1.04763, Perim diff Contribution: ,0,Frontier diff: ,0, Frontier diff Contribution ,0,Inverse Area ratio: ,0.973652, Inv Area Ratio Contribution: ,0,Inverse Perim ratio: ,1.04215, Inv Perim Contribution: ,0, Final Score: ,-130.024
Point: ,272,96,Repeat score:,1, Repeat contribution: ,-1,Dist:,28.5112, Dist contribution: ,-142.556, New scanned ratio: ,0.0184378, New Scanned Cells Contribution: ,0,Area ratio: ,0.929235, Area ratio Contribution: ,0,Perim diff: ,1.04783, Perim diff Contribution: ,0,Frontier diff: ,0, Frontier diff Contribution ,0,Inverse Area ratio: ,0.975115, Inv Area Ratio Contribution: ,0,Inverse Perim ratio: ,1.04221, Inv Perim Contribution: ,0, Final Score: ,-143.556
Point: ,269,98,Repeat score:,1, Repeat contribution: ,-1,Dist:,32.334, Dist contribution: ,-161.67, New scanned ratio: ,0.0218712, New Scanned Cells Contribution: ,0,Area ratio: ,0.92353, Area ratio Contribution: ,0,Perim diff: ,1.05009, Perim diff Contribution: ,0,Frontier diff: ,0, Frontier diff Contribution ,0,Inverse Area ratio: ,0.974239, Inv Area Ratio Contribution: ,0,Inverse Perim ratio: ,1.04492, Inv Perim Contribution: ,0, Final Score: ,-162.67
Point: ,264,98,Repeat score:,1, Repeat contribution: ,-1,Dist:,36.8848, Dist contribution: ,-184.424, New scanned ratio: ,0.0227983, New Scanned Cells Contribution: ,0,Area ratio: ,0.923565, Area ratio Contribution: ,0,Perim diff: ,1.05385, Perim diff Contribution: ,0,Frontier diff: ,0, Frontier diff Contribution ,0,Inverse Area ratio: ,0.972662, Inv Area Ratio Contribution: ,0,Inverse Perim ratio: ,1.04722, Inv Perim Contribution: ,0, Final Score: ,-185.424
Point: ,263,99,Repeat score:,1, Repeat contribution: ,-1,Dist:,38.3192, Dist contribution: ,-191.596, New scanned ratio: ,0.0242403, New Scanned Cells Contribution: ,0,Area ratio: ,0.920499, Area ratio Contribution: ,0,Perim diff: ,1.0594, Perim diff Contribution: ,0,Frontier diff: ,0, Frontier diff Contribution ,0,Inverse Area ratio: ,0.971526, Inv Area Ratio Contribution: ,0,Inverse Perim ratio: ,1.05186, Inv Perim Contribution: ,0, Final Score: ,-192.596
Point: ,262,98,Repeat score:,1, Repeat contribution: ,-1,Dist:,38.7362, Dist contribution: ,-193.681, New scanned ratio: ,0.02297, New Scanned Cells Contribution: ,0,Area ratio: ,0.923372, Area ratio Contribution: ,0,Perim diff: ,1.05754, Perim diff Contribution: ,0,Frontier diff: ,0, Frontier diff Contribution ,0,Inverse Area ratio: ,0.971725, Inv Area Ratio Contribution: ,0,Inverse Perim ratio: ,1.04965, Inv Perim Contribution: ,0, Final Score: ,-194.681
BEST Point:,280,97, Score: ,-112.018
COUNT COMMAND: 1
Total frontiers: ,100, Prioritised frontiers: ,20
At: ,280,96,
Point: ,299,107,Repeat score:,1, Repeat contribution: ,-1,Dist:,23.78, Dist contribution: ,-118.9, New scanned ratio: ,0.00730075, New Scanned Cells Contribution: ,0,Area ratio: ,0.89409, Area ratio Contribution: ,0,Perim diff: ,1.04813, Perim diff Contribution: ,0,Frontier diff: ,0, Frontier diff Contribution ,0,Inverse Area ratio: ,0.97777, Inv Area Ratio Contribution: ,0,Inverse Perim ratio: ,1.03333, Inv Perim Contribution: ,0, Final Score: ,-119.9
Point: ,298,108,Repeat score:,1, Repeat contribution: ,-1,Dist:,23.8193, Dist contribution: ,-119.097, New scanned ratio: ,0.00831474, New Scanned Cells Contribution: ,0,Area ratio: ,0.890706, Area ratio Contribution: ,0,Perim diff: ,1.04757, Perim diff Contribution: ,0,Frontier diff: ,0, Frontier diff Contribution ,0,Inverse Area ratio: ,0.977334, Inv Area Ratio Contribution: ,0,Inverse Perim ratio: ,1.03324, Inv Perim Contribution: ,0, Final Score: ,-120.097
Point: ,297,107,Repeat score:,1, Repeat contribution: ,-1,Dist:,22.2146, Dist contribution: ,-111.073, New scanned ratio: ,0.00801055, New Scanned Cells Contribution: ,0,Area ratio: ,0.893916, Area ratio Contribution: ,0,Perim diff: ,1.04714, Perim diff Contribution: ,0,Frontier diff: ,0, Frontier diff Contribution ,0,Inverse Area ratio: ,0.977169, Inv Area Ratio Contribution: ,0,Inverse Perim ratio: ,1.03334, Inv Perim Contribution: ,0, Final Score: ,-112.073
Point: ,297,108,Repeat score:,1, Repeat contribution: ,-1,Dist:,23.0729, Dist contribution: ,-115.365, New scanned ratio: ,0.00872034, New Scanned Cells Contribution: ,0,Area ratio: ,0.890653, Area ratio Contribution: ,0,Perim diff: ,1.04757, Perim diff Contribution: ,0,Frontier diff: ,0, Frontier diff Contribution ,0,Inverse Area ratio: ,0.977129, Inv Area Ratio Contribution: ,0,Inverse Perim ratio: ,1.03306, Inv Perim Contribution: ,0, Final Score: ,-116.365
Point: ,292,113,Repeat score:,1, Repeat contribution: ,-1,Dist:,25.1478, Dist contribution: ,-125.739, New scanned ratio: ,0.0152775, New Scanned Cells Contribution: ,0,Area ratio: ,0.87509, Area ratio Contribution: ,0,Perim diff: ,1.05296, Perim diff Contribution: ,0,Frontier diff: ,0, Frontier diff Contribution ,0,Inverse Area ratio: ,0.975197, Inv Area Ratio Contribution: ,0,Inverse Perim ratio: ,1.0362, Inv Perim Contribution: ,0, Final Score: ,-126.739
Point: ,286,116,Repeat score:,1, Repeat contribution: ,-1,Dist:,26.6833, Dist contribution: ,-133.417, New scanned ratio: ,0.022105, New Scanned Cells Contribution: ,0,Area ratio: ,0.867164, Area ratio Contribution: ,0,Perim diff: ,1.0601, Perim diff Contribution: ,0,Frontier diff: ,0, Frontier diff Contribution ,0,Inverse Area ratio: ,0.971843, Inv Area Ratio Contribution: ,0,Inverse Perim ratio: ,1.04345, Inv Perim Contribution: ,0, Final Score: ,-134.417
Point: ,281,116,Repeat score:,1, Repeat contribution: ,-1,Dist:,26.0192, Dist contribution: ,-130.096, New scanned ratio: ,0.0252484, New Scanned Cells Contribution: ,0,Area ratio: ,0.868268, Area ratio Contribution: ,0,Perim diff: ,1.06674, Perim diff Contribution: ,0,Frontier diff: ,-1, Frontier diff Contribution ,-0,Inverse Area ratio: ,0.967939, Inv Area Ratio Contribution: ,0,Inverse Perim ratio: ,1.05606, Inv Perim Contribution: ,0, Final Score: ,-131.096
Point: ,280,117,Repeat score:,1, Repeat contribution: ,-1,Dist:,27.3, Dist contribution: ,-136.5, New scanned ratio: ,0.0269046, New Scanned Cells Contribution: ,0,Area ratio: ,0.865694, Area ratio Contribution: ,0,Perim diff: ,1.06941, Perim diff Contribution: ,0,Frontier diff: ,-1, Frontier diff Contribution ,-0,Inverse Area ratio: ,0.966731, Inv Area Ratio Contribution: ,0,Inverse Perim ratio: ,1.05923, Inv Perim Contribution: ,0, Final Score: ,-137.5
Point: ,279,116,Repeat score:,1, Repeat contribution: ,-1,Dist:,26.0192, Dist contribution: ,-130.096, New scanned ratio: ,0.0257892, New Scanned Cells Contribution: ,0,Area ratio: ,0.868513, Area ratio Contribution: ,0,Perim diff: ,1.07049, Perim diff Contribution: ,0,Frontier diff: ,-1, Frontier diff Contribution ,-0,Inverse Area ratio: ,0.964785, Inv Area Ratio Contribution: ,0,Inverse Perim ratio: ,1.06843, Inv Perim Contribution: ,0, Final Score: ,-131.096
Point: ,274,116,Repeat score:,1, Repeat contribution: ,-1,Dist:,26.6833, Dist contribution: ,-133.417, New scanned ratio: ,0.026837, New Scanned Cells Contribution: ,0,Area ratio: ,0.869669, Area ratio Contribution: ,0,Perim diff: ,1.08019, Perim diff Contribution: ,0,Frontier diff: ,0, Frontier diff Contribution ,0,Inverse Area ratio: ,0.961116, Inv Area Ratio Contribution: ,0,Inverse Perim ratio: ,1.08679, Inv Perim Contribution: ,0, Final Score: ,-134.417
Point: ,268,113,Repeat score:,1, Repeat contribution: ,-1,Dist:,25.1478, Dist contribution: ,-125.739, New scanned ratio: ,0.0266342, New Scanned Cells Contribution: ,0,Area ratio: ,0.881042, Area ratio Contribution: ,0,Perim diff: ,1.07936, Perim diff Contribution: ,0,Frontier diff: ,0, Frontier diff Contribution ,0,Inverse Area ratio: ,0.961263, Inv Area Ratio Contribution: ,0,Inverse Perim ratio: ,1.0795, Inv Perim Contribution: ,0, Final Score: ,-126.739
Point: ,263,108,Repeat score:,1, Repeat contribution: ,-1,Dist:,23.0729, Dist contribution: ,-115.365, New scanned ratio: ,0.0240316, New Scanned Cells Contribution: ,0,Area ratio: ,0.897931, Area ratio Contribution: ,0,Perim diff: ,1.06334, Perim diff Contribution: ,0,Frontier diff: ,0, Frontier diff Contribution ,0,Inverse Area ratio: ,0.965505, Inv Area Ratio Contribution: ,0,Inverse Perim ratio: ,1.06117, Inv Perim Contribution: ,0, Final Score: ,-116.365
Point: ,260,102,Repeat score:,1, Repeat contribution: ,-1,Dist:,21.4672, Dist contribution: ,-107.336, New scanned ratio: ,0.0186575, New Scanned Cells Contribution: ,0,Area ratio: ,0.915824, Area ratio Contribution: ,0,Perim diff: ,1.05292, Perim diff Contribution: ,0,Frontier diff: ,0, Frontier diff Contribution ,0,Inverse Area ratio: ,0.968214, Inv Area Ratio Contribution: ,0,Inverse Perim ratio: ,1.04942, Inv Perim Contribution: ,0, Final Score: ,-108.336
Point: ,260,98,Repeat score:,1, Repeat contribution: ,-1,Dist:,20.1683, Dist contribution: ,-100.841, New scanned ratio: ,0.0141959, New Scanned Cells Contribution: ,0,Area ratio: ,0.927305, Area ratio Contribution: ,0,Perim diff: ,1.04704, Perim diff Contribution: ,0,Frontier diff: ,0, Frontier diff Contribution ,0,Inverse Area ratio: ,0.970433, Inv Area Ratio Contribution: ,0,Inverse Perim ratio: ,1.04312, Inv Perim Contribution: ,0, Final Score: ,-101.841
Point: ,257,98,Repeat score:,1, Repeat contribution: ,-1,Dist:,23.1465, Dist contribution: ,-115.732, New scanned ratio: ,0.0158521, New Scanned Cells Contribution: ,0,Area ratio: ,0.927955, Area ratio Contribution: ,0,Perim diff: ,1.05008, Perim diff Contribution: ,0,Frontier diff: ,0, Frontier diff Contribution ,0,Inverse Area ratio: ,0.969609, Inv Area Ratio Contribution: ,0,Inverse Perim ratio: ,1.04564, Inv Perim Contribution: ,0, Final Score: ,-116.732
Point: ,254,96,Repeat score:,1, Repeat contribution: ,-1,Dist:,26, Dist contribution: ,-130, New scanned ratio: ,0.0153113, New Scanned Cells Contribution: ,0,Area ratio: ,0.934217, Area ratio Contribution: ,0,Perim diff: ,1.04729, Perim diff Contribution: ,0,Frontier diff: ,0, Frontier diff Contribution ,0,Inverse Area ratio: ,0.971933, Inv Area Ratio Contribution: ,0,Inverse Perim ratio: ,1.04325, Inv Perim Contribution: ,0, Final Score: ,-131
Point: ,250,98,Repeat score:,1, Repeat contribution: ,-1,Dist:,30.1125, Dist contribution: ,-150.562, New scanned ratio: ,0.0195701, New Scanned Cells Contribution: ,0,Area ratio: ,0.929321, Area ratio Contribution: ,0,Perim diff: ,1.04917, Perim diff Contribution: ,0,Frontier diff: ,0, Frontier diff Contribution ,0,Inverse Area ratio: ,0.970665, Inv Area Ratio Contribution: ,0,Inverse Perim ratio: ,1.0451, Inv Perim Contribution: ,0, Final Score: ,-151.562
Point: ,245,98,Repeat score:,1, Repeat contribution: ,-1,Dist:,35.0964, Dist contribution: ,-175.482, New scanned ratio: ,0.0214291, New Scanned Cells Contribution: ,0,Area ratio: ,0.929515, Area ratio Contribution: ,0,Perim diff: ,1.0538, Perim diff Contribution: ,0,Frontier diff: ,0, Frontier diff Contribution ,0,Inverse Area ratio: ,0.96974, Inv Area Ratio Contribution: ,0,Inverse Perim ratio: ,1.04908, Inv Perim Contribution: ,0, Final Score: ,-176.482
Point: ,244,99,Repeat score:,1, Repeat contribution: ,-1,Dist:,36.2106, Dist contribution: ,-181.053, New scanned ratio: ,0.0230176, New Scanned Cells Contribution: ,0,Area ratio: ,0.926802, Area ratio Contribution: ,0,Perim diff: ,1.05724, Perim diff Contribution: ,0,Frontier diff: ,0, Frontier diff Contribution ,0,Inverse Area ratio: ,0.968938, Inv Area Ratio Contribution: ,0,Inverse Perim ratio: ,1.0518, Inv Perim Contribution: ,0, Final Score: ,-182.053
Point: ,243,98,Repeat score:,1, Repeat contribution: ,-1,Dist:,37.0912, Dist contribution: ,-185.456, New scanned ratio: ,0.0219699, New Scanned Cells Contribution: ,0,Area ratio: ,0.929405, Area ratio Contribution: ,0,Perim diff: ,1.05689, Perim diff Contribution: ,0,Frontier diff: ,0, Frontier diff Contribution ,0,Inverse Area ratio: ,0.969462, Inv Area Ratio Contribution: ,0,Inverse Perim ratio: ,1.05146, Inv Perim Contribution: ,0, Final Score: ,-186.456
BEST Point:,260,98, Score: ,-101.841
COUNT COMMAND: 1
Total frontiers: ,100, Prioritised frontiers: ,25
At: ,260,97,
Point: ,298,108,Repeat score:,1, Repeat contribution: ,-1,Dist:,40.6016, Dist contribution: ,-203.008, New scanned ratio: ,0.00820711, New Scanned Cells Contribution: ,0,Area ratio: ,0.902386, Area ratio Contribution: ,0,Perim diff: ,1.04885, Perim diff Contribution: ,0,Frontier diff: ,0, Frontier diff Contribution ,0,Inverse Area ratio: ,0.976682, Inv Area Ratio Contribution: ,0,Inverse Perim ratio: ,1.03756, Inv Perim Contribution: ,0, Final Score: ,-204.008
Point: ,297,107,Repeat score:,1, Repeat contribution: ,-1,Dist:,39.2173, Dist contribution: ,-196.087, New scanned ratio: ,0.00790685, New Scanned Cells Contribution: ,0,Area ratio: ,0.905641, Area ratio Contribution: ,0,Perim diff: ,1.04843, Perim diff Contribution: ,0,Frontier diff: ,0, Frontier diff Contribution ,0,Inverse Area ratio: ,0.976669, Inv Area Ratio Contribution: ,0,Inverse Perim ratio: ,1.03755, Inv Perim Contribution: ,0, Final Score: ,-197.087
Point: ,297,108,Repeat score:,1, Repeat contribution: ,-1,Dist:,39.6672, Dist contribution: ,-198.336, New scanned ratio: ,0.00860746, New Scanned Cells Contribution: ,0,Area ratio: ,0.902327, Area ratio Contribution: ,0,Perim diff: ,1.04886, Perim diff Contribution: ,0,Frontier diff: ,0, Frontier diff Contribution ,0,Inverse Area ratio: ,0.976718, Inv Area Ratio Contribution: ,0,Inverse Perim ratio: ,1.03742, Inv Perim Contribution: ,0, Final Score: ,-199.336
Point: ,292,113,Repeat score:,1, Repeat contribution: ,-1,Dist:,38.166, Dist contribution: ,-190.83, New scanned ratio: ,0.0150797, New Scanned Cells Contribution: ,0,Area ratio: ,0.886532, Area ratio Contribution: ,0,Perim diff: ,1.05416, Perim diff Contribution: ,0,Frontier diff: ,0, Frontier diff Contribution ,0,Inverse Area ratio: ,0.975151, Inv Area Ratio Contribution: ,0,Inverse Perim ratio: ,1.04125, Inv Perim Contribution: ,0, Final Score: ,-191.83
Point: ,286,116,Repeat score:,1, Repeat contribution: ,-1,Dist:,35.8621, Dist contribution: ,-179.31, New scanned ratio: ,0.0214519, New Scanned Cells Contribution: ,0,Area ratio: ,0.878193, Area ratio Contribution: ,0,Perim diff: ,1.05319, Perim diff Contribution: ,0,Frontier diff: ,0, Frontier diff Contribution ,0,Inverse Area ratio: ,0.972873, Inv Area Ratio Contribution: ,0,Inverse Perim ratio: ,1.04174, Inv Perim Contribution: ,0, Final Score: ,-180.31
Point: ,281,116,Repeat score:,1, Repeat contribution: ,-1,Dist:,32.4205, Dist contribution: ,-162.103, New scanned ratio: ,0.0233202, New Scanned Cells Contribution: ,0,Area ratio: ,0.87832, Area ratio Contribution: ,0,Perim diff: ,1.05434, Perim diff Contribution: ,0,Frontier diff: ,-1, Frontier diff Contribution ,-0,Inverse Area ratio: ,0.968526, Inv Area Ratio Contribution: ,0,Inverse Perim ratio: ,1.04875, Inv Perim Contribution: ,0, Final Score: ,-163.103
Point: ,280,117,Repeat score:,1, Repeat contribution: ,-1,Dist:,32.8024, Dist contribution: ,-164.012, New scanned ratio: ,0.0246881, New Scanned Cells Contribution: ,0,Area ratio: ,0.875498, Area ratio Contribution: ,0,Perim diff: ,1.05434, Perim diff Contribution: ,0,Frontier diff: ,-1, Frontier diff Contribution ,-0,Inverse Area ratio: ,0.9673, Inv Area Ratio Contribution: ,0,Inverse Perim ratio: ,1.04962, Inv Perim Contribution: ,0, Final Score: ,-165.012
Point: ,279,116,Repeat score:,1, Repeat contribution: ,-1,Dist:,31.1623, Dist contribution: ,-155.812, New scanned ratio: ,0.02312, New Scanned Cells Contribution: ,0,Area ratio: ,0.877953, Area ratio Contribution: ,0,Perim diff: ,1.0546, Perim diff Contribution: ,0,Frontier diff: ,-1, Frontier diff Contribution ,-0,Inverse Area ratio: ,0.964279, Inv Area Ratio Contribution: ,0,Inverse Perim ratio: ,1.05732, Inv Perim Contribution: ,0, Final Score: ,-156.812
Point: ,274,116,Repeat score:,1, Repeat contribution: ,-1,Dist:,28.3917, Dist contribution: ,-141.959, New scanned ratio: ,0.0218856, New Scanned Cells Contribution: ,0,Area ratio: ,0.877125, Area ratio Contribution: ,0,Perim diff: ,1.05756, Perim diff Contribution: ,0,Frontier diff: ,0, Frontier diff Contribution ,0,Inverse Area ratio: ,0.959998, Inv Area Ratio Contribution: ,0,Inverse Perim ratio: ,1.06904, Inv Perim Contribution: ,0, Final Score: ,-142.959
Point: ,271,114,Repeat score:,1, Repeat contribution: ,-1,Dist:,24.6862, Dist contribution: ,-123.431, New scanned ratio: ,0.0189164, New Scanned Cells Contribution: ,0,Area ratio: ,0.88238, Area ratio Contribution: ,0,Perim diff: ,1.05749, Perim diff Contribution: ,0,Frontier diff: ,0, Frontier diff Contribution ,0,Inverse Area ratio: ,0.961508, Inv Area Ratio Contribution: ,0,Inverse Perim ratio: ,1.06533, Inv Perim Contribution: ,0, Final Score: ,-124.431
Point: ,266,117,Repeat score:,1, Repeat contribution: ,-1,Dist:,26.6833, Dist contribution: ,-133.417, New scanned ratio: ,0.0229532, New Scanned Cells Contribution: ,0,Area ratio: ,0.874074, Area ratio Contribution: ,0,Perim diff: ,1.06496, Perim diff Contribution: ,0,Frontier diff: ,0, Frontier diff Contribution ,0,Inverse Area ratio: ,0.95946, Inv Area Ratio Contribution: ,0,Inverse Perim ratio: ,1.07186, Inv Perim Contribution: ,0, Final Score: ,-134.417
Point: ,261,117,Repeat score:,1, Repeat contribution: ,-1,Dist:,26.0192, Dist contribution: ,-130.096, New scanned ratio: ,0.023854, New Scanned Cells Contribution: ,0,Area ratio: ,0.874466, Area ratio Contribution: ,0,Perim diff: ,1.07263, Perim diff Contribution: ,0,Frontier diff: ,0, Frontier diff Contribution ,0,Inverse Area ratio: ,0.959003, Inv Area Ratio Contribution: ,0,Inverse Perim ratio: ,1.07634, Inv Perim Contribution: ,0, Final Score: ,-131.096
Point: ,260,118,Repeat score:,1, Repeat contribution: ,-1,Dist:,27.3, Dist contribution: ,-136.5, New scanned ratio: ,0.0253887, New Scanned Cells Contribution: ,0,Area ratio: ,0.871789, Area ratio Contribution: ,0,Perim diff: ,1.07454, Perim diff Contribution: ,0,Frontier diff: ,0, Frontier diff Contribution ,0,Inverse Area ratio: ,0.958236, Inv Area Ratio Contribution: ,0,Inverse Perim ratio: ,1.07852, Inv Perim Contribution: ,0, Final Score: ,-137.5
Point: ,259,117,Repeat score:,1, Repeat contribution: ,-1,Dist:,26.0192, Dist contribution: ,-130.096, New scanned ratio: ,0.0244545, New Scanned Cells Contribution: ,0,Area ratio: ,0.874825, Area ratio Contribution: ,0,Perim diff: ,1.07337, Perim diff Contribution: ,0,Frontier diff: ,0, Frontier diff Contribution ,0,Inverse Area ratio: ,0.958693, Inv Area Ratio Contribution: ,0,Inverse Perim ratio: ,1.07916, Inv Perim Contribution: ,0, Final Score: ,-131.096
Point: ,254,117,Repeat score:,1, Repeat contribution: ,-1,Dist:,26.6833, Dist contribution: ,-133.417, New scanned ratio: ,0.0263895, New Scanned Cells Contribution: ,0,Area ratio: ,0.87573, Area ratio Contribution: ,0,Perim diff: ,1.08527, Perim diff Contribution: ,0,Frontier diff: ,0, Frontier diff Contribution ,0,Inverse Area ratio: ,0.957681, Inv Area Ratio Contribution: ,0,Inverse Perim ratio: ,1.08466, Inv Perim Contribution: ,0, Final Score: ,-134.417
Point: ,248,114,Repeat score:,1, Repeat contribution: ,-1,Dist:,25.1478, Dist contribution: ,-125.739, New scanned ratio: ,0.0264229, New Scanned Cells Contribution: ,0,Area ratio: ,0.886138, Area ratio Contribution: ,0,Perim diff: ,1.08946, Perim diff Contribution: ,0,Frontier diff: ,0, Frontier diff Contribution ,0,Inverse Area ratio: ,0.957681, Inv Area Ratio Contribution: ,0,Inverse Perim ratio: ,1.0845, Inv Perim Contribution: ,0, Final Score: ,-126.739
Point: ,243,109,Repeat score:,1, Repeat contribution: ,-1,Dist:,23.0729, Dist contribution: ,-115.365, New scanned ratio: ,0.0241876, New Scanned Cells Contribution: ,0,Area ratio: ,0.90169, Area ratio Contribution: ,0,Perim diff: ,1.06493, Perim diff Contribution: ,0,Frontier diff: ,0, Frontier diff Contribution ,0,Inverse Area ratio: ,0.961795, Inv Area Ratio Contribution: ,0,Inverse Perim ratio: ,1.06409, Inv Perim Contribution: ,0, Final Score: ,-116.365
Point: ,240,103,Repeat score:,1, Repeat contribution: ,-1,Dist:,21.4672, Dist contribution: ,-107.336, New scanned ratio: ,0.0190832, New Scanned Cells Contribution: ,0,Area ratio: ,0.919073, Area ratio Contribution: ,0,Perim diff: ,1.0548, Perim diff Contribution: ,0,Frontier diff: ,0, Frontier diff Contribution ,0,Inverse Area ratio: ,0.964422, Inv Area Ratio Contribution: ,0,Inverse Perim ratio: ,1.05085, Inv Perim Contribution: ,0, Final Score: ,-108.336
Point: ,240,98,Repeat score:,1, Repeat contribution: ,-1,Dist:,20.0422, Dist contribution: ,-100.211, New scanned ratio: ,0.0136452, New Scanned Cells Contribution: ,0,Area ratio: ,0.933005, Area ratio Contribution: ,0,Perim diff: ,1.0478, Perim diff Contribution: ,0,Frontier diff: ,0, Frontier diff Contribution ,0,Inverse Area ratio: ,0.967138, Inv Area Ratio Contribution: ,0,Inverse Perim ratio: ,1.04405, Inv Perim Contribution: ,0, Final Score: ,-101.211
Point: ,238,98,Repeat score:,1, Repeat contribution: ,-1,Dist:,22.0384, Dist contribution: ,-110.192, New scanned ratio: ,0.0147795, New Scanned Cells Contribution: ,0,Area ratio: ,0.933361, Area ratio Contribution: ,0,Perim diff: ,1.05033, Perim diff Contribution: ,0,Frontier diff: ,0, Frontier diff Contribution ,0,Inverse Area ratio: ,0.966582, Inv Area Ratio Contribution: ,0,Inverse Perim ratio: ,1.04611, Inv Perim Contribution: ,0, Final Score: ,-111.192
Point: ,235,96,Repeat score:,1, Repeat contribution: ,-1,Dist:,25.0338, Dist contribution: ,-125.169, New scanned ratio: ,0.0144125, New Scanned Cells Contribution: ,0,Area ratio: ,0.939241, Area ratio Contribution: ,0,Perim diff: ,1.04714, Perim diff Contribution: ,0,Frontier diff: ,0, Frontier diff Contribution ,0,Inverse Area ratio: ,0.968934, Inv Area Ratio Contribution: ,0,Inverse Perim ratio: ,1.04342, Inv Perim Contribution: ,0, Final Score: ,-126.169
Point: ,231,98,Repeat score:,1, Repeat contribution: ,-1,Dist:,29.0291, Dist contribution: ,-145.146, New scanned ratio: ,0.0186829, New Scanned Cells Contribution: ,0,Area ratio: ,0.934854, Area ratio Contribution: ,0,Perim diff: ,1.049, Perim diff Contribution: ,0,Frontier diff: ,0, Frontier diff Contribution ,0,Inverse Area ratio: ,0.9675, Inv Area Ratio Contribution: ,0,Inverse Perim ratio: ,1.04517, Inv Perim Contribution: ,0, Final Score: ,-146.146
Point: ,226,98,Repeat score:,1, Repeat contribution: ,-1,Dist:,34.0248, Dist contribution: ,-170.124, New scanned ratio: ,0.0207513, New Scanned Cells Contribution: ,0,Area ratio: ,0.935181, Area ratio Contribution: ,0,Perim diff: ,1.05155, Perim diff Contribution: ,0,Frontier diff: ,0, Frontier diff Contribution ,0,Inverse Area ratio: ,0.966475, Inv Area Ratio Contribution: ,0,Inverse Perim ratio: ,1.04741, Inv Perim Contribution: ,0, Final Score: ,-171.124
Point: ,225,99,Repeat score:,1, Repeat contribution: ,-1,Dist:,35.0964, Dist contribution: ,-175.482, New scanned ratio: ,0.0223193, New Scanned Cells Contribution: ,0,Area ratio: ,0.932693, Area ratio Contribution: ,0,Perim diff: ,1.05695, Perim diff Contribution: ,0,Frontier diff: ,0, Frontier diff Contribution ,0,Inverse Area ratio: ,0.96567, Inv Area Ratio Contribution: ,0,Inverse Perim ratio: ,1.05197, Inv Perim Contribution: ,0, Final Score: ,-176.482
Point: ,224,98,Repeat score:,1, Repeat contribution: ,-1,Dist:,36.0235, Dist contribution: ,-180.117, New scanned ratio: ,0.0213852, New Scanned Cells Contribution: ,0,Area ratio: ,0.935086, Area ratio Contribution: ,0,Perim diff: ,1.05453, Perim diff Contribution: ,0,Frontier diff: ,0, Frontier diff Contribution ,0,Inverse Area ratio: ,0.966138, Inv Area Ratio Contribution: ,0,Inverse Perim ratio: ,1.0498, Inv Perim Contribution: ,0, Final Score: ,-181.117
BEST Point:,240,98, Score: ,-101.211
COUNT COMMAND: 1
Total frontiers: ,100, Prioritised frontiers: ,23
At: ,240,97,
Point: ,274,116,Repeat score:,1, Repeat contribution: ,-1,Dist:,42.0249, Dist contribution: ,-210.124, New scanned ratio: ,0.0216131, New Scanned Cells Contribution: ,0,Area ratio: ,0.888135, Area ratio Contribution: ,0,Perim diff: ,1.05768, Perim diff Contribution: ,0,Frontier diff: ,0, Frontier diff Contribution ,0,Inverse Area ratio: ,0.956673, Inv Area Ratio Contribution: ,0,Inverse Perim ratio: ,1.06918, Inv Perim Contribution: ,0, Final Score: ,-211.124
Point: ,271,114,Repeat score:,1, Repeat contribution: ,-1,Dist:,38.0711, Dist contribution: ,-190.356, New scanned ratio: ,0.0186808, New Scanned Cells Contribution: ,0,Area ratio: ,0.893443, Area ratio Contribution: ,0,Perim diff: ,1.05787, Perim diff Contribution: ,0,Frontier diff: ,0, Frontier diff Contribution ,0,Inverse Area ratio: ,0.95817, Inv Area Ratio Contribution: ,0,Inverse Perim ratio: ,1.06548, Inv Perim Contribution: ,0, Final Score: ,-191.356
Point: ,266,117,Repeat score:,1, Repeat contribution: ,-1,Dist:,36.7696, Dist contribution: ,-183.848, New scanned ratio: ,0.0224697, New Scanned Cells Contribution: ,0,Area ratio: ,0.884932, Area ratio Contribution: ,0,Perim diff: ,1.05777, Perim diff Contribution: ,0,Frontier diff: ,0, Frontier diff Contribution ,0,Inverse Area ratio: ,0.956263, Inv Area Ratio Contribution: ,0,Inverse Perim ratio: ,1.066, Inv Perim Contribution: ,0, Final Score: ,-184.848
Point: ,261,117,Repeat score:,1, Repeat contribution: ,-1,Dist:,33.4215, Dist contribution: ,-167.108, New scanned ratio: ,0.022305, New Scanned Cells Contribution: ,0,Area ratio: ,0.884512, Area ratio Contribution: ,0,Perim diff: ,1.05858, Perim diff Contribution: ,0,Frontier diff: ,0, Frontier diff Contribution ,0,Inverse Area ratio: ,0.956353, Inv Area Ratio Contribution: ,0,Inverse Perim ratio: ,1.06499, Inv Perim Contribution: ,0, Final Score: ,-168.108
Point: ,260,118,Repeat score:,1, Repeat contribution: ,-1,Dist:,33.8421, Dist contribution: ,-169.211, New scanned ratio: ,0.0235899, New Scanned Cells Contribution: ,0,Area ratio: ,0.881602, Area ratio Contribution: ,0,Perim diff: ,1.05955, Perim diff Contribution: ,0,Frontier diff: ,0, Frontier diff Contribution ,0,Inverse Area ratio: ,0.955707, Inv Area Ratio Contribution: ,0,Inverse Perim ratio: ,1.0664, Inv Perim Contribution: ,0, Final Score: ,-170.211
Point: ,259,117,Repeat score:,1, Repeat contribution: ,-1,Dist:,32.2025, Dist contribution: ,-161.012, New scanned ratio: ,0.0222391, New Scanned Cells Contribution: ,0,Area ratio: ,0.884321, Area ratio Contribution: ,0,Perim diff: ,1.05712, Perim diff Contribution: ,0,Frontier diff: ,0, Frontier diff Contribution ,0,Inverse Area ratio: ,0.956378, Inv Area Ratio Contribution: ,0,Inverse Perim ratio: ,1.066, Inv Perim Contribution: ,0, Final Score: ,-162.012
Point: ,254,117,Repeat score:,1, Repeat contribution: ,-1,Dist:,29.5296, Dist contribution: ,-147.648, New scanned ratio: ,0.0220743, New Scanned Cells Contribution: ,0,Area ratio: ,0.883401, Area ratio Contribution: ,0,Perim diff: ,1.06267, Perim diff Contribution: ,0,Frontier diff: ,0, Frontier diff Contribution ,0,Inverse Area ratio: ,0.956484, Inv Area Ratio Contribution: ,0,Inverse Perim ratio: ,1.0665, Inv Perim Contribution: ,0, Final Score: ,-148.648
Point: ,251,115,Repeat score:,1, Repeat contribution: ,-1,Dist:,25.8565, Dist contribution: ,-129.283, New scanned ratio: ,0.0193397, New Scanned Cells Contribution: ,0,Area ratio: ,0.888159, Area ratio Contribution: ,0,Perim diff: ,1.06146, Perim diff Contribution: ,0,Frontier diff: ,0, Frontier diff Contribution ,0,Inverse Area ratio: ,0.957867, Inv Area Ratio Contribution: ,0,Inverse Perim ratio: ,1.06604, Inv Perim Contribution: ,0, Final Score: ,-130.283
Point: ,249,115,Repeat score:,1, Repeat contribution: ,-1,Dist:,25.0711, Dist contribution: ,-125.355, New scanned ratio: ,0.0193397, New Scanned Cells Contribution: ,0,Area ratio: ,0.887728, Area ratio Contribution: ,0,Perim diff: ,1.0654, Perim diff Contribution: ,0,Frontier diff: ,0, Frontier diff Contribution ,0,Inverse Area ratio: ,0.957843, Inv Area Ratio Contribution: ,0,Inverse Perim ratio: ,1.06631, Inv Perim Contribution: ,0, Final Score: ,-126.355
Point: ,246,117,Repeat score:,1, Repeat contribution: ,-1,Dist:,26.6833, Dist contribution: ,-133.417, New scanned ratio: ,0.0221732, New Scanned Cells Contribution: ,0,Area ratio: ,0.881847, Area ratio Contribution: ,0,Perim diff: ,1.06927, Perim diff Contribution: ,0,Frontier diff: ,0, Frontier diff Contribution ,0,Inverse Area ratio: ,0.956419, Inv Area Ratio Contribution: ,0,Inverse Perim ratio: ,1.07035, Inv Perim Contribution: ,0, Final Score: ,-134.417
Point: ,241,117,Repeat score:,1, Repeat contribution: ,-1,Dist:,26.0192, Dist contribution: ,-130.096, New scanned ratio: ,0.0232275, New Scanned Cells Contribution: ,0,Area ratio: ,0.881744, Area ratio Contribution: ,0,Perim diff: ,1.0751, Perim diff Contribution: ,0,Frontier diff: ,0, Frontier diff Contribution ,0,Inverse Area ratio: ,0.955862, Inv Area Ratio Contribution: ,0,Inverse Perim ratio: ,1.07437, Inv Perim Contribution: ,0, Final Score: ,-131.096
Point: ,240,118,Repeat score:,1, Repeat contribution: ,-1,Dist:,27.3, Dist contribution: ,-136.5, New scanned ratio: ,0.024776, New Scanned Cells Contribution: ,0,Area ratio: ,0.879071, Area ratio Contribution: ,0,Perim diff: ,1.07752, Perim diff Contribution: ,0,Frontier diff: ,0, Frontier diff Contribution ,0,Inverse Area ratio: ,0.955077, Inv Area Ratio Contribution: ,0,Inverse Perim ratio: ,1.07696, Inv Perim Contribution: ,0, Final Score: ,-137.5
Point: ,239,117,Repeat score:,1, Repeat contribution: ,-1,Dist:,26.0192, Dist contribution: ,-130.096, New scanned ratio: ,0.0238864, New Scanned Cells Contribution: ,0,Area ratio: ,0.88191, Area ratio Contribution: ,0,Perim diff: ,1.07757, Perim diff Contribution: ,0,Frontier diff: ,0, Frontier diff Contribution ,0,Inverse Area ratio: ,0.955527, Inv Area Ratio Contribution: ,0,Inverse Perim ratio: ,1.07619, Inv Perim Contribution: ,0, Final Score: ,-131.096
Point: ,234,117,Repeat score:,1, Repeat contribution: ,-1,Dist:,26.6833, Dist contribution: ,-133.417, New scanned ratio: ,0.025962, New Scanned Cells Contribution: ,0,Area ratio: ,0.882437, Area ratio Contribution: ,0,Perim diff: ,1.08627, Perim diff Contribution: ,0,Frontier diff: ,0, Frontier diff Contribution ,0,Inverse Area ratio: ,0.954422, Inv Area Ratio Contribution: ,0,Inverse Perim ratio: ,1.08269, Inv Perim Contribution: ,0, Final Score: ,-134.417
Point: ,228,114,Repeat score:,1, Repeat contribution: ,-1,Dist:,25.1478, Dist contribution: ,-125.739, New scanned ratio: ,0.0261268, New Scanned Cells Contribution: ,0,Area ratio: ,0.892029, Area ratio Contribution: ,0,Perim diff: ,1.09177, Perim diff Contribution: ,0,Frontier diff: ,0, Frontier diff Contribution ,0,Inverse Area ratio: ,0.954316, Inv Area Ratio Contribution: ,0,Inverse Perim ratio: ,1.08507, Inv Perim Contribution: ,0, Final Score: ,-126.739
Point: ,223,109,Repeat score:,1, Repeat contribution: ,-1,Dist:,23.0729, Dist contribution: ,-115.365, New scanned ratio: ,0.0238864, New Scanned Cells Contribution: ,0,Area ratio: ,0.9077, Area ratio Contribution: ,0,Perim diff: ,1.06668, Perim diff Contribution: ,0,Frontier diff: ,0, Frontier diff Contribution ,0,Inverse Area ratio: ,0.958465, Inv Area Ratio Contribution: ,0,Inverse Perim ratio: ,1.0623, Inv Perim Contribution: ,0, Final Score: ,-116.365
Point: ,220,103,Repeat score:,1, Repeat contribution: ,-1,Dist:,21.4672, Dist contribution: ,-107.336, New scanned ratio: ,0.0188455, New Scanned Cells Contribution: ,0,Area ratio: ,0.924716, Area ratio Contribution: ,0,Perim diff: ,1.05522, Perim diff Contribution: ,0,Frontier diff: ,0, Frontier diff Contribution ,0,Inverse Area ratio: ,0.961074, Inv Area Ratio Contribution: ,0,Inverse Perim ratio: ,1.05124, Inv Perim Contribution: ,0, Final Score: ,-108.336
Point: ,220,98,Repeat score:,1, Repeat contribution: ,-1,Dist:,20.0422, Dist contribution: ,-100.211, New scanned ratio: ,0.0134752, New Scanned Cells Contribution: ,0,Area ratio: ,0.938248, Area ratio Contribution: ,0,Perim diff: ,1.04838, Perim diff Contribution: ,0,Frontier diff: ,0, Frontier diff Contribution ,0,Inverse Area ratio: ,0.963832, Inv Area Ratio Contribution: ,0,Inverse Perim ratio: ,1.04478, Inv Perim Contribution: ,0, Final Score: ,-101.211
Point: ,216,96,Repeat score:,1, Repeat contribution: ,-1,Dist:,24.0352, Dist contribution: ,-120.176, New scanned ratio: ,0.0137388, New Scanned Cells Contribution: ,0,Area ratio: ,0.944036, Area ratio Contribution: ,0,Perim diff: ,1.04733, Perim diff Contribution: ,0,Frontier diff: ,0, Frontier diff Contribution ,0,Inverse Area ratio: ,0.965817, Inv Area Ratio Contribution: ,0,Inverse Perim ratio: ,1.04377, Inv Perim Contribution: ,0, Final Score: ,-121.176
Point: ,212,98,Repeat score:,1, Repeat contribution: ,-1,Dist:,28.0302, Dist contribution: ,-140.151, New scanned ratio: ,0.0179889, New Scanned Cells Contribution: ,0,Area ratio: ,0.940033, Area ratio Contribution: ,0,Perim diff: ,1.04776, Perim diff Contribution: ,0,Frontier diff: ,0, Frontier diff Contribution ,0,Inverse Area ratio: ,0.964248, Inv Area Ratio Contribution: ,0,Inverse Perim ratio: ,1.04437, Inv Perim Contribution: ,0, Final Score: ,-141.151
Point: ,207,98,Repeat score:,1, Repeat contribution: ,-1,Dist:,33.0256, Dist contribution: ,-165.128, New scanned ratio: ,0.0201305, New Scanned Cells Contribution: ,0,Area ratio: ,0.940427, Area ratio Contribution: ,0,Perim diff: ,1.05001, Perim diff Contribution: ,0,Frontier diff: ,0, Frontier diff Contribution ,0,Inverse Area ratio: ,0.963187, Inv Area Ratio Contribution: ,0,Inverse Perim ratio: ,1.0462, Inv Perim Contribution: ,0, Final Score: ,-166.128
Point: ,206,99,Repeat score:,1, Repeat contribution: ,-1,Dist:,34.0993, Dist contribution: ,-170.496, New scanned ratio: ,0.0217119, New Scanned Cells Contribution: ,0,Area ratio: ,0.938035, Area ratio Contribution: ,0,Perim diff: ,1.05386, Perim diff Contribution: ,0,Frontier diff: ,0, Frontier diff Contribution ,0,Inverse Area ratio: ,0.962372, Inv Area Ratio Contribution: ,0,Inverse Perim ratio: ,1.04961, Inv Perim Contribution: ,0, Final Score: ,-171.496
Point: ,205,98,Repeat score:,1, Repeat contribution: ,-1,Dist:,35.0241, Dist contribution: ,-175.121, New scanned ratio: ,0.0208224, New Scanned Cells Contribution: ,0,Area ratio: ,0.94039, Area ratio Contribution: ,0,Perim diff: ,1.05298, Perim diff Contribution: ,0,Frontier diff: ,0, Frontier diff Contribution ,0,Inverse Area ratio: ,0.962816, Inv Area Ratio Contribution: ,0,Inverse Perim ratio: ,1.04885, Inv Perim Contribution: ,0, Final Score: ,-176.121
BEST Point:,220,98, Score: ,-101.211
COUNT COMMAND: 1
Total frontiers: ,101, Prioritised frontiers: ,25
At: ,220,97,
Point: ,254,117,Repeat score:,1, Repeat contribution: ,-1,Dist:,42.8019, Dist contribution: ,-214.009, New scanned ratio: ,0.0218028, New Scanned Cells Contribution: ,0,Area ratio: ,0.894317, Area ratio Contribution: ,0,Perim diff: ,1.0629, Perim diff Contribution: ,0,Frontier diff: ,0, Frontier diff Contribution ,0,Inverse Area ratio: ,0.953081, Inv Area Ratio Contribution: ,0,Inverse Perim ratio: ,1.06673, Inv Perim Contribution: ,0, Final Score: ,-215.009
Point: ,251,115,Repeat score:,1, Repeat contribution: ,-1,Dist:,38.8402, Dist contribution: ,-194.201, New scanned ratio: ,0.0191019, New Scanned Cells Contribution: ,0,Area ratio: ,0.899221, Area ratio Contribution: ,0,Perim diff: ,1.06162, Perim diff Contribution: ,0,Frontier diff: ,0, Frontier diff Contribution ,0,Inverse Area ratio: ,0.954435, Inv Area Ratio Contribution: ,0,Inverse Perim ratio: ,1.06626, Inv Perim Contribution: ,0, Final Score: ,-195.201
Point: ,249,115,Repeat score:,1, Repeat contribution: ,-1,Dist:,37.2634, Dist contribution: ,-186.317, New scanned ratio: ,0.0191019, New Scanned Cells Contribution: ,0,Area ratio: ,0.898756, Area ratio Contribution: ,0,Perim diff: ,1.06238, Perim diff Contribution: ,0,Frontier diff: ,0, Frontier diff Contribution ,0,Inverse Area ratio: ,0.954468, Inv Area Ratio Contribution: ,0,Inverse Perim ratio: ,1.06379, Inv Perim Contribution: ,0, Final Score: ,-187.317
Point: ,246,117,Repeat score:,1, Repeat contribution: ,-1,Dist:,36.7696, Dist contribution: ,-183.848, New scanned ratio: ,0.0217052, New Scanned Cells Contribution: ,0,Area ratio: ,0.892672, Area ratio Contribution: ,0,Perim diff: ,1.0621, Perim diff Contribution: ,0,Frontier diff: ,0, Frontier diff Contribution ,0,Inverse Area ratio: ,0.953171, Inv Area Ratio Contribution: ,0,Inverse Perim ratio: ,1.06467, Inv Perim Contribution: ,0, Final Score: ,-184.848
Point: ,241,117,Repeat score:,1, Repeat contribution: ,-1,Dist:,33.4215, Dist contribution: ,-167.108, New scanned ratio: ,0.0217052, New Scanned Cells Contribution: ,0,Area ratio: ,0.891752, Area ratio Contribution: ,0,Perim diff: ,1.06104, Perim diff Contribution: ,0,Frontier diff: ,0, Frontier diff Contribution ,0,Inverse Area ratio: ,0.953163, Inv Area Ratio Contribution: ,0,Inverse Perim ratio: ,1.0632, Inv Perim Contribution: ,0, Final Score: ,-168.108
Point: ,240,118,Repeat score:,1, Repeat contribution: ,-1,Dist:,33.8421, Dist contribution: ,-169.211, New scanned ratio: ,0.0230068, New Scanned Cells Contribution: ,0,Area ratio: ,0.888848, Area ratio Contribution: ,0,Perim diff: ,1.06251, Perim diff Contribution: ,0,Frontier diff: ,0, Frontier diff Contribution ,0,Inverse Area ratio: ,0.952498, Inv Area Ratio Contribution: ,0,Inverse Perim ratio: ,1.06502, Inv Perim Contribution: ,0, Final Score: ,-170.211
Point: ,239,117,Repeat score:,1, Repeat contribution: ,-1,Dist:,32.2025, Dist contribution: ,-161.012, New scanned ratio: ,0.0217052, New Scanned Cells Contribution: ,0,Area ratio: ,0.891367, Area ratio Contribution: ,0,Perim diff: ,1.0613, Perim diff Contribution: ,0,Frontier diff: ,0, Frontier diff Contribution ,0,Inverse Area ratio: ,0.953163, Inv Area Ratio Contribution: ,0,Inverse Perim ratio: ,1.0632, Inv Perim Contribution: ,0, Final Score: ,-162.012
Point: ,234,117,Repeat score:,1, Repeat contribution: ,-1,Dist:,29.5296, Dist contribution: ,-147.648, New scanned ratio: ,0.0217052, New Scanned Cells Contribution: ,0,Area ratio: ,0.890072, Area ratio Contribution: ,0,Perim diff: ,1.06365, Perim diff Contribution: ,0,Frontier diff: ,0, Frontier diff Contribution ,0,Inverse Area ratio: ,0.953179, Inv Area Ratio Contribution: ,0,Inverse Perim ratio: ,1.0647, Inv Perim Contribution: ,0, Final Score: ,-148.648
Point: ,231,115,Repeat score:,1, Repeat contribution: ,-1,Dist:,25.8565, Dist contribution: ,-129.283, New scanned ratio: ,0.0191019, New Scanned Cells Contribution: ,0,Area ratio: ,0.894332, Area ratio Contribution: ,0,Perim diff: ,1.06421, Perim diff Contribution: ,0,Frontier diff: ,0, Frontier diff Contribution ,0,Inverse Area ratio: ,0.954517, Inv Area Ratio Contribution: ,0,Inverse Perim ratio: ,1.06364, Inv Perim Contribution: ,0, Final Score: ,-130.283
Point: ,229,115,Repeat score:,1, Repeat contribution: ,-1,Dist:,25.0711, Dist contribution: ,-125.355, New scanned ratio: ,0.0191019, New Scanned Cells Contribution: ,0,Area ratio: ,0.893818, Area ratio Contribution: ,0,Perim diff: ,1.06753, Perim diff Contribution: ,0,Frontier diff: ,0, Frontier diff Contribution ,0,Inverse Area ratio: ,0.95446, Inv Area Ratio Contribution: ,0,Inverse Perim ratio: ,1.06638, Inv Perim Contribution: ,0, Final Score: ,-126.355
Point: ,226,117,Repeat score:,1, Repeat contribution: ,-1,Dist:,26.6833, Dist contribution: ,-133.417, New scanned ratio: ,0.0219004, New Scanned Cells Contribution: ,0,Area ratio: ,0.887974, Area ratio Contribution: ,0,Perim diff: ,1.07185, Perim diff Contribution: ,0,Frontier diff: ,0, Frontier diff Contribution ,0,Inverse Area ratio: ,0.95304, Inv Area Ratio Contribution: ,0,Inverse Perim ratio: ,1.07074, Inv Perim Contribution: ,0, Final Score: ,-134.417
Point: ,221,117,Repeat score:,1, Repeat contribution: ,-1,Dist:,26.0192, Dist contribution: ,-130.096, New scanned ratio: ,0.0229418, New Scanned Cells Contribution: ,0,Area ratio: ,0.88747, Area ratio Contribution: ,0,Perim diff: ,1.07721, Perim diff Contribution: ,0,Frontier diff: ,0, Frontier diff Contribution ,0,Inverse Area ratio: ,0.95249, Inv Area Ratio Contribution: ,0,Inverse Perim ratio: ,1.07476, Inv Perim Contribution: ,0, Final Score: ,-131.096
Point: ,220,118,Repeat score:,1, Repeat contribution: ,-1,Dist:,27.3, Dist contribution: ,-136.5, New scanned ratio: ,0.0244712, New Scanned Cells Contribution: ,0,Area ratio: ,0.884862, Area ratio Contribution: ,0,Perim diff: ,1.0797, Perim diff Contribution: ,0,Frontier diff: ,0, Frontier diff Contribution ,0,Inverse Area ratio: ,0.951702, Inv Area Ratio Contribution: ,0,Inverse Perim ratio: ,1.07735, Inv Perim Contribution: ,0, Final Score: ,-137.5
Point: ,219,117,Repeat score:,1, Repeat contribution: ,-1,Dist:,26.0192, Dist contribution: ,-130.096, New scanned ratio: ,0.0235926, New Scanned Cells Contribution: ,0,Area ratio: ,0.887481, Area ratio Contribution: ,0,Perim diff: ,1.07951, Perim diff Contribution: ,0,Frontier diff: ,0, Frontier diff Contribution ,0,Inverse Area ratio: ,0.952154, Inv Area Ratio Contribution: ,0,Inverse Perim ratio: ,1.07658, Inv Perim Contribution: ,0, Final Score: ,-131.096
Point: ,214,117,Repeat score:,1, Repeat contribution: ,-1,Dist:,26.6833, Dist contribution: ,-133.417, New scanned ratio: ,0.0256427, New Scanned Cells Contribution: ,0,Area ratio: ,0.88792, Area ratio Contribution: ,0,Perim diff: ,1.08787, Perim diff Contribution: ,0,Frontier diff: ,0, Frontier diff Contribution ,0,Inverse Area ratio: ,0.951046, Inv Area Ratio Contribution: ,0,Inverse Perim ratio: ,1.08309, Inv Perim Contribution: ,0, Final Score: ,-134.417
Point: ,208,114,Repeat score:,1, Repeat contribution: ,-1,Dist:,25.1478, Dist contribution: ,-125.739, New scanned ratio: ,0.0258379, New Scanned Cells Contribution: ,0,Area ratio: ,0.897527, Area ratio Contribution: ,0,Perim diff: ,1.09305, Perim diff Contribution: ,0,Frontier diff: ,0, Frontier diff Contribution ,0,Inverse Area ratio: ,0.950931, Inv Area Ratio Contribution: ,0,Inverse Perim ratio: ,1.08591, Inv Perim Contribution: ,0, Final Score: ,-126.739
Point: ,203,109,Repeat score:,1, Repeat contribution: ,-1,Dist:,23.0729, Dist contribution: ,-115.365, New scanned ratio: ,0.02356, New Scanned Cells Contribution: ,0,Area ratio: ,0.913217, Area ratio Contribution: ,0,Perim diff: ,1.06849, Perim diff Contribution: ,0,Frontier diff: ,0, Frontier diff Contribution ,0,Inverse Area ratio: ,0.954973, Inv Area Ratio Contribution: ,0,Inverse Perim ratio: ,1.06374, Inv Perim Contribution: ,0, Final Score: ,-116.365
Point: ,200,103,Repeat score:,1, Repeat contribution: ,-1,Dist:,21.4672, Dist contribution: ,-107.336, New scanned ratio: ,0.0186137, New Scanned Cells Contribution: ,0,Area ratio: ,0.930187, Area ratio Contribution: ,0,Perim diff: ,1.05601, Perim diff Contribution: ,0,Frontier diff: ,0, Frontier diff Contribution ,0,Inverse Area ratio: ,0.957582, Inv Area Ratio Contribution: ,0,Inverse Perim ratio: ,1.05209, Inv Perim Contribution: ,0, Final Score: ,-108.336
Point: ,200,98,Repeat score:,1, Repeat contribution: ,-1,Dist:,20.0422, Dist contribution: ,-100.211, New scanned ratio: ,0.0133095, New Scanned Cells Contribution: ,0,Area ratio: ,0.943482, Area ratio Contribution: ,0,Perim diff: ,1.05036, Perim diff Contribution: ,0,Frontier diff: ,0, Frontier diff Contribution ,0,Inverse Area ratio: ,0.960331, Inv Area Ratio Contribution: ,0,Inverse Perim ratio: ,1.04658, Inv Perim Contribution: ,0, Final Score: ,-101.211
Point: ,197,96,Repeat score:,1, Repeat contribution: ,-1,Dist:,23.0367, Dist contribution: ,-115.184, New scanned ratio: ,0.0130817, New Scanned Cells Contribution: ,0,Area ratio: ,0.948874, Area ratio Contribution: ,0,Perim diff: ,1.04714, Perim diff Contribution: ,0,Frontier diff: ,0, Frontier diff Contribution ,0,Inverse Area ratio: ,0.960636, Inv Area Ratio Contribution: ,0,Inverse Perim ratio: ,1.04376, Inv Perim Contribution: ,0, Final Score: ,-116.184
Point: ,193,98,Repeat score:,1, Repeat contribution: ,-1,Dist:,27.0313, Dist contribution: ,-135.156, New scanned ratio: ,0.0173772, New Scanned Cells Contribution: ,0,Area ratio: ,0.945131, Area ratio Contribution: ,0,Perim diff: ,1.05099, Perim diff Contribution: ,0,Frontier diff: ,0, Frontier diff Contribution ,0,Inverse Area ratio: ,0.959022, Inv Area Ratio Contribution: ,0,Inverse Perim ratio: ,1.04711, Inv Perim Contribution: ,0, Final Score: ,-136.156
Point: ,188,98,Repeat score:,1, Repeat contribution: ,-1,Dist:,32.0264, Dist contribution: ,-160.132, New scanned ratio: ,0.0197852, New Scanned Cells Contribution: ,0,Area ratio: ,0.945865, Area ratio Contribution: ,0,Perim diff: ,1.04999, Perim diff Contribution: ,0,Frontier diff: ,0, Frontier diff Contribution ,0,Inverse Area ratio: ,0.957645, Inv Area Ratio Contribution: ,0,Inverse Perim ratio: ,1.0464, Inv Perim Contribution: ,0, Final Score: ,-161.132
Point: ,187,99,Repeat score:,1, Repeat contribution: ,-1,Dist:,33.1023, Dist contribution: ,-165.511, New scanned ratio: ,0.0213472, New Scanned Cells Contribution: ,0,Area ratio: ,0.943482, Area ratio Contribution: ,0,Perim diff: ,1.05493, Perim diff Contribution: ,0,Frontier diff: ,0, Frontier diff Contribution ,0,Inverse Area ratio: ,0.956813, Inv Area Ratio Contribution: ,0,Inverse Perim ratio: ,1.05064, Inv Perim Contribution: ,0, Final Score: ,-166.511
Point: ,186,98,Repeat score:,1, Repeat contribution: ,-1,Dist:,34.0248, Dist contribution: ,-170.124, New scanned ratio: ,0.0205662, New Scanned Cells Contribution: ,0,Area ratio: ,0.945947, Area ratio Contribution: ,0,Perim diff: ,1.05461, Perim diff Contribution: ,0,Frontier diff: ,0, Frontier diff Contribution ,0,Inverse Area ratio: ,0.957225, Inv Area Ratio Contribution: ,0,Inverse Perim ratio: ,1.05023, Inv Perim Contribution: ,0, Final Score: ,-171.124
Point: ,181,98,Repeat score:,1, Repeat contribution: ,-1,Dist:,39.0217, Dist contribution: ,-195.108, New scanned ratio: ,0.0220306, New Scanned Cells Contribution: ,0,Area ratio: ,0.945687, Area ratio Contribution: ,0,Perim diff: ,1.06292, Perim diff Contribution: ,0,Frontier diff: ,0, Frontier diff Contribution ,0,Inverse Area ratio: ,0.956409, Inv Area Ratio Contribution: ,0,Inverse Perim ratio: ,1.05676, Inv Perim Contribution: ,0, Final Score: ,-196.108
BEST Point:,200,98, Score: ,-101.211
COUNT COMMAND: 1
Total frontiers: ,102, Prioritised frontiers: ,26
At: ,200,97,
Point: ,234,117,Repeat score:,1, Repeat contribution: ,-1,Dist:,42.8019, Dist contribution: ,-214.009, New scanned ratio: ,0.0214407, New Scanned Cells Contribution: ,0,Area ratio: ,0.900937, Area ratio Contribution: ,0,Perim diff: ,1.06398, Perim diff Contribution: ,0,Frontier diff: ,0, Frontier diff Contribution ,0,Inverse Area ratio: ,0.949615, Inv Area Ratio Contribution: ,0,Inverse Perim ratio: ,1.06498, Inv Perim Contribution: ,0, Final Score: ,-215.009
Point: ,231,115,Repeat score:,1, Repeat contribution: ,-1,Dist:,38.8402, Dist contribution: ,-194.201, New scanned ratio: ,0.0188691, New Scanned Cells Contribution: ,0,Area ratio: ,0.905335, Area ratio Contribution: ,0,Perim diff: ,1.06446, Perim diff Contribution: ,0,Frontier diff: ,0, Frontier diff Contribution ,0,Inverse Area ratio: ,0.950924, Inv Area Ratio Contribution: ,0,Inverse Perim ratio: ,1.0639, Inv Perim Contribution: ,0, Final Score: ,-195.201
Point: ,229,115,Repeat score:,1, Repeat contribution: ,-1,Dist:,37.2634, Dist contribution: ,-186.317, New scanned ratio: ,0.0188691, New Scanned Cells Contribution: ,0,Area ratio: ,0.904786, Area ratio Contribution: ,0,Perim diff: ,1.06458, Perim diff Contribution: ,0,Frontier diff: ,0, Frontier diff Contribution ,0,Inverse Area ratio: ,0.950924, Inv Area Ratio Contribution: ,0,Inverse Perim ratio: ,1.0639, Inv Perim Contribution: ,0, Final Score: ,-187.317
Point: ,226,117,Repeat score:,1, Repeat contribution: ,-1,Dist:,36.7696, Dist contribution: ,-183.848, New scanned ratio: ,0.0214407, New Scanned Cells Contribution: ,0,Area ratio: ,0.898741, Area ratio Contribution: ,0,Perim diff: ,1.06475, Perim diff Contribution: ,0,Frontier diff: ,0, Frontier diff Contribution ,0,Inverse Area ratio: ,0.949632, Inv Area Ratio Contribution: ,0,Inverse Perim ratio: ,1.06509, Inv Perim Contribution: ,0, Final Score: ,-184.848
Point: ,221,117,Repeat score:,1, Repeat contribution: ,-1,Dist:,33.4215, Dist contribution: ,-167.108, New scanned ratio: ,0.0214407, New Scanned Cells Contribution: ,0,Area ratio: ,0.897421, Area ratio Contribution: ,0,Perim diff: ,1.06322, Perim diff Contribution: ,0,Frontier diff: ,0, Frontier diff Contribution ,0,Inverse Area ratio: ,0.949632, Inv Area Ratio Contribution: ,0,Inverse Perim ratio: ,1.06364, Inv Perim Contribution: ,0, Final Score: ,-168.108
Point: ,220,118,Repeat score:,1, Repeat contribution: ,-1,Dist:,33.8421, Dist contribution: ,-169.211, New scanned ratio: ,0.0227265, New Scanned Cells Contribution: ,0,Area ratio: ,0.894584, Area ratio Contribution: ,0,Perim diff: ,1.06476, Perim diff Contribution: ,0,Frontier diff: ,0, Frontier diff Contribution ,0,Inverse Area ratio: ,0.948965, Inv Area Ratio Contribution: ,0,Inverse Perim ratio: ,1.06546, Inv Perim Contribution: ,0, Final Score: ,-170.211
Point: ,219,117,Repeat score:,1, Repeat contribution: ,-1,Dist:,32.2025, Dist contribution: ,-161.012, New scanned ratio: ,0.0214407, New Scanned Cells Contribution: ,0,Area ratio: ,0.896882, Area ratio Contribution: ,0,Perim diff: ,1.06332, Perim diff Contribution: ,0,Frontier diff: ,0, Frontier diff Contribution ,0,Inverse Area ratio: ,0.949632, Inv Area Ratio Contribution: ,0,Inverse Perim ratio: ,1.06364, Inv Perim Contribution: ,0, Final Score: ,-162.012
Point: ,214,117,Repeat score:,1, Repeat contribution: ,-1,Dist:,29.5296, Dist contribution: ,-147.648, New scanned ratio: ,0.0214407, New Scanned Cells Contribution: ,0,Area ratio: ,0.89551, Area ratio Contribution: ,0,Perim diff: ,1.06532, Perim diff Contribution: ,0,Frontier diff: ,0, Frontier diff Contribution ,0,Inverse Area ratio: ,0.949648, Inv Area Ratio Contribution: ,0,Inverse Perim ratio: ,1.06514, Inv Perim Contribution: ,0, Final Score: ,-148.648
Point: ,211,115,Repeat score:,1, Repeat contribution: ,-1,Dist:,25.8565, Dist contribution: ,-129.283, New scanned ratio: ,0.0188691, New Scanned Cells Contribution: ,0,Area ratio: ,0.899784, Area ratio Contribution: ,0,Perim diff: ,1.06549, Perim diff Contribution: ,0,Frontier diff: ,0, Frontier diff Contribution ,0,Inverse Area ratio: ,0.95099, Inv Area Ratio Contribution: ,0,Inverse Perim ratio: ,1.06408, Inv Perim Contribution: ,0, Final Score: ,-130.283
Point: ,209,115,Repeat score:,1, Repeat contribution: ,-1,Dist:,25.0711, Dist contribution: ,-125.355, New scanned ratio: ,0.0188691, New Scanned Cells Contribution: ,0,Area ratio: ,0.89927, Area ratio Contribution: ,0,Perim diff: ,1.06872, Perim diff Contribution: ,0,Frontier diff: ,0, Frontier diff Contribution ,0,Inverse Area ratio: ,0.950932, Inv Area Ratio Contribution: ,0,Inverse Perim ratio: ,1.06682, Inv Perim Contribution: ,0, Final Score: ,-126.355
Point: ,206,117,Repeat score:,1, Repeat contribution: ,-1,Dist:,26.6833, Dist contribution: ,-133.417, New scanned ratio: ,0.0216336, New Scanned Cells Contribution: ,0,Area ratio: ,0.893412, Area ratio Contribution: ,0,Perim diff: ,1.07311, Perim diff Contribution: ,0,Frontier diff: ,0, Frontier diff Contribution ,0,Inverse Area ratio: ,0.949508, Inv Area Ratio Contribution: ,0,Inverse Perim ratio: ,1.07117, Inv Perim Contribution: ,0, Final Score: ,-134.417
Point: ,201,117,Repeat score:,1, Repeat contribution: ,-1,Dist:,26.0192, Dist contribution: ,-130.096, New scanned ratio: ,0.0226623, New Scanned Cells Contribution: ,0,Area ratio: ,0.892903, Area ratio Contribution: ,0,Perim diff: ,1.07826, Perim diff Contribution: ,0,Frontier diff: ,0, Frontier diff Contribution ,0,Inverse Area ratio: ,0.948957, Inv Area Ratio Contribution: ,0,Inverse Perim ratio: ,1.0752, Inv Perim Contribution: ,0, Final Score: ,-131.096
Point: ,200,118,Repeat score:,1, Repeat contribution: ,-1,Dist:,27.3, Dist contribution: ,-136.5, New scanned ratio: ,0.0241731, New Scanned Cells Contribution: ,0,Area ratio: ,0.890287, Area ratio Contribution: ,0,Perim diff: ,1.08079, Perim diff Contribution: ,0,Frontier diff: ,0, Frontier diff Contribution ,0,Inverse Area ratio: ,0.948167, Inv Area Ratio Contribution: ,0,Inverse Perim ratio: ,1.07779, Inv Perim Contribution: ,0, Final Score: ,-137.5
Point: ,199,117,Repeat score:,1, Repeat contribution: ,-1,Dist:,26.0192, Dist contribution: ,-130.096, New scanned ratio: ,0.0233052, New Scanned Cells Contribution: ,0,Area ratio: ,0.89291, Area ratio Contribution: ,0,Perim diff: ,1.08049, Perim diff Contribution: ,0,Frontier diff: ,0, Frontier diff Contribution ,0,Inverse Area ratio: ,0.948619, Inv Area Ratio Contribution: ,0,Inverse Perim ratio: ,1.07702, Inv Perim Contribution: ,0, Final Score: ,-131.096
Point: ,194,117,Repeat score:,1, Repeat contribution: ,-1,Dist:,26.6833, Dist contribution: ,-133.417, New scanned ratio: ,0.0253303, New Scanned Cells Contribution: ,0,Area ratio: ,0.893339, Area ratio Contribution: ,0,Perim diff: ,1.08868, Perim diff Contribution: ,0,Frontier diff: ,0, Frontier diff Contribution ,0,Inverse Area ratio: ,0.947508, Inv Area Ratio Contribution: ,0,Inverse Perim ratio: ,1.08353, Inv Perim Contribution: ,0, Final Score: ,-134.417
Point: ,188,114,Repeat score:,1, Repeat contribution: ,-1,Dist:,25.1478, Dist contribution: ,-125.739, New scanned ratio: ,0.0255232, New Scanned Cells Contribution: ,0,Area ratio: ,0.902888, Area ratio Contribution: ,0,Perim diff: ,1.09513, Perim diff Contribution: ,0,Frontier diff: ,0, Frontier diff Contribution ,0,Inverse Area ratio: ,0.947377, Inv Area Ratio Contribution: ,0,Inverse Perim ratio: ,1.08736, Inv Perim Contribution: ,0, Final Score: ,-126.739
Point: ,183,109,Repeat score:,1, Repeat contribution: ,-1,Dist:,23.0729, Dist contribution: ,-115.365, New scanned ratio: ,0.0235623, New Scanned Cells Contribution: ,0,Area ratio: ,0.91847, Area ratio Contribution: ,0,Perim diff: ,1.06964, Perim diff Contribution: ,0,Frontier diff: ,0, Frontier diff Contribution ,0,Inverse Area ratio: ,0.949179, Inv Area Ratio Contribution: ,0,Inverse Perim ratio: ,1.06482, Inv Perim Contribution: ,0, Final Score: ,-116.365
Point: ,180,103,Repeat score:,1, Repeat contribution: ,-1,Dist:,21.4672, Dist contribution: ,-107.336, New scanned ratio: ,0.0188691, New Scanned Cells Contribution: ,0,Area ratio: ,0.935985, Area ratio Contribution: ,0,Perim diff: ,1.05901, Perim diff Contribution: ,0,Frontier diff: ,0, Frontier diff Contribution ,0,Inverse Area ratio: ,0.951707, Inv Area Ratio Contribution: ,0,Inverse Perim ratio: ,1.0547, Inv Perim Contribution: ,0, Final Score: ,-108.336
Point: ,180,98,Repeat score:,1, Repeat contribution: ,-1,Dist:,20.0422, Dist contribution: ,-100.211, New scanned ratio: ,0.0136616, New Scanned Cells Contribution: ,0,Area ratio: ,0.949195, Area ratio Contribution: ,0,Perim diff: ,1.05169, Perim diff Contribution: ,0,Frontier diff: ,0, Frontier diff Contribution ,0,Inverse Area ratio: ,0.954433, Inv Area Ratio Contribution: ,0,Inverse Perim ratio: ,1.04778, Inv Perim Contribution: ,0, Final Score: ,-101.211
Point: ,178,96,Repeat score:,1, Repeat contribution: ,-1,Dist:,22.0384, Dist contribution: ,-110.192, New scanned ratio: ,0.0129545, New Scanned Cells Contribution: ,0,Area ratio: ,0.954153, Area ratio Contribution: ,0,Perim diff: ,1.04712, Perim diff Contribution: ,0,Frontier diff: ,0, Frontier diff Contribution ,0,Inverse Area ratio: ,0.954978, Inv Area Ratio Contribution: ,0,Inverse Perim ratio: ,1.04668, Inv Perim Contribution: ,0, Final Score: ,-111.192
Point: ,175,96,Repeat score:,1, Repeat contribution: ,-1,Dist:,25.0338, Dist contribution: ,-125.169, New scanned ratio: ,0.014626, New Scanned Cells Contribution: ,0,Area ratio: ,0.954797, Area ratio Contribution: ,0,Perim diff: ,1.0467, Perim diff Contribution: ,0,Frontier diff: ,0, Frontier diff Contribution ,0,Inverse Area ratio: ,0.956958, Inv Area Ratio Contribution: ,0,Inverse Perim ratio: ,1.04363, Inv Perim Contribution: ,0, Final Score: ,-126.169
Point: ,174,97,Repeat score:,1, Repeat contribution: ,-1,Dist:,26, Dist contribution: ,-130, New scanned ratio: ,0.0162011, New Scanned Cells Contribution: ,0,Area ratio: ,0.953229, Area ratio Contribution: ,0,Perim diff: ,1.0475, Perim diff Contribution: ,0,Frontier diff: ,0, Frontier diff Contribution ,0,Inverse Area ratio: ,0.956173, Inv Area Ratio Contribution: ,0,Inverse Perim ratio: ,1.0444, Inv Perim Contribution: ,0, Final Score: ,-131
Point: ,169,97,Repeat score:,1, Repeat contribution: ,-1,Dist:,31, Dist contribution: ,-155, New scanned ratio: ,0.0185477, New Scanned Cells Contribution: ,0,Area ratio: ,0.953948, Area ratio Contribution: ,0,Perim diff: ,1.04862, Perim diff Contribution: ,0,Frontier diff: ,0, Frontier diff Contribution ,0,Inverse Area ratio: ,0.954768, Inv Area Ratio Contribution: ,0,Inverse Perim ratio: ,1.04534, Inv Perim Contribution: ,0, Final Score: ,-156
Point: ,168,98,Repeat score:,1, Repeat contribution: ,-1,Dist:,32.0264, Dist contribution: ,-160.132, New scanned ratio: ,0.0201228, New Scanned Cells Contribution: ,0,Area ratio: ,0.951553, Area ratio Contribution: ,0,Perim diff: ,1.05195, Perim diff Contribution: ,0,Frontier diff: ,0, Frontier diff Contribution ,0,Inverse Area ratio: ,0.953942, Inv Area Ratio Contribution: ,0,Inverse Perim ratio: ,1.04817, Inv Perim Contribution: ,0, Final Score: ,-161.132
Point: ,167,97,Repeat score:,1, Repeat contribution: ,-1,Dist:,33, Dist contribution: ,-165, New scanned ratio: ,0.0193835, New Scanned Cells Contribution: ,0,Area ratio: ,0.9541, Area ratio Contribution: ,0,Perim diff: ,1.04963, Perim diff Contribution: ,0,Frontier diff: ,0, Frontier diff Contribution ,0,Inverse Area ratio: ,0.954338, Inv Area Ratio Contribution: ,0,Inverse Perim ratio: ,1.04617, Inv Perim Contribution: ,0, Final Score: ,-166
Point: ,162,97,Repeat score:,1, Repeat contribution: ,-1,Dist:,38, Dist contribution: ,-190, New scanned ratio: ,0.0208943, New Scanned Cells Contribution: ,0,Area ratio: ,0.953903, Area ratio Contribution: ,0,Perim diff: ,1.06136, Perim diff Contribution: ,0,Frontier diff: ,0, Frontier diff Contribution ,0,Inverse Area ratio: ,0.953504, Inv Area Ratio Contribution: ,0,Inverse Perim ratio: ,1.0558, Inv Perim Contribution: ,0, Final Score: ,-191
BEST Point:,180,98, Score: ,-101.211
COUNT COMMAND: 1
Total frontiers: ,104, Prioritised frontiers: ,27
At: ,180,97,
Point: ,214,117,Repeat score:,1, Repeat contribution: ,-1,Dist:,42.8019, Dist contribution: ,-214.009, New scanned ratio: ,0.0211719, New Scanned Cells Contribution: ,0,Area ratio: ,0.906781, Area ratio Contribution: ,0,Perim diff: ,1.06842, Perim diff Contribution: ,0,Frontier diff: ,0, Frontier diff Contribution ,0,Inverse Area ratio: ,0.943718, Inv Area Ratio Contribution: ,0,Inverse Perim ratio: ,1.06759, Inv Perim Contribution: ,0, Final Score: ,-215.009
Point: ,211,115,Repeat score:,1, Repeat contribution: ,-1,Dist:,38.8402, Dist contribution: ,-194.201, New scanned ratio: ,0.0186326, New Scanned Cells Contribution: ,0,Area ratio: ,0.911196, Area ratio Contribution: ,0,Perim diff: ,1.06852, Perim diff Contribution: ,0,Frontier diff: ,0, Frontier diff Contribution ,0,Inverse Area ratio: ,0.945028, Inv Area Ratio Contribution: ,0,Inverse Perim ratio: ,1.06652, Inv Perim Contribution: ,0, Final Score: ,-195.201
Point: ,209,115,Repeat score:,1, Repeat contribution: ,-1,Dist:,37.2634, Dist contribution: ,-186.317, New scanned ratio: ,0.0186326, New Scanned Cells Contribution: ,0,Area ratio: ,0.910646, Area ratio Contribution: ,0,Perim diff: ,1.06856, Perim diff Contribution: ,0,Frontier diff: ,0, Frontier diff Contribution ,0,Inverse Area ratio: ,0.945028, Inv Area Ratio Contribution: ,0,Inverse Perim ratio: ,1.06652, Inv Perim Contribution: ,0, Final Score: ,-187.317
Point: ,206,117,Repeat score:,1, Repeat contribution: ,-1,Dist:,36.7696, Dist contribution: ,-183.848, New scanned ratio: ,0.0211719, New Scanned Cells Contribution: ,0,Area ratio: ,0.904584, Area ratio Contribution: ,0,Perim diff: ,1.06877, Perim diff Contribution: ,0,Frontier diff: ,0, Frontier diff Contribution ,0,Inverse Area ratio: ,0.943735, Inv Area Ratio Contribution: ,0,Inverse Perim ratio: ,1.06771, Inv Perim Contribution: ,0, Final Score: ,-184.848
Point: ,201,117,Repeat score:,1, Repeat contribution: ,-1,Dist:,33.4215, Dist contribution: ,-167.108, New scanned ratio: ,0.0211719, New Scanned Cells Contribution: ,0,Area ratio: ,0.903263, Area ratio Contribution: ,0,Perim diff: ,1.06704, Perim diff Contribution: ,0,Frontier diff: ,0, Frontier diff Contribution ,0,Inverse Area ratio: ,0.943735, Inv Area Ratio Contribution: ,0,Inverse Perim ratio: ,1.06625, Inv Perim Contribution: ,0, Final Score: ,-168.108
Point: ,200,118,Repeat score:,1, Repeat contribution: ,-1,Dist:,33.8421, Dist contribution: ,-169.211, New scanned ratio: ,0.0224416, New Scanned Cells Contribution: ,0,Area ratio: ,0.900417, Area ratio Contribution: ,0,Perim diff: ,1.06861, Perim diff Contribution: ,0,Frontier diff: ,0, Frontier diff Contribution ,0,Inverse Area ratio: ,0.943068, Inv Area Ratio Contribution: ,0,Inverse Perim ratio: ,1.06807, Inv Perim Contribution: ,0, Final Score: ,-170.211
Point: ,199,117,Repeat score:,1, Repeat contribution: ,-1,Dist:,32.2025, Dist contribution: ,-161.012, New scanned ratio: ,0.0211719, New Scanned Cells Contribution: ,0,Area ratio: ,0.902724, Area ratio Contribution: ,0,Perim diff: ,1.06706, Perim diff Contribution: ,0,Frontier diff: ,0, Frontier diff Contribution ,0,Inverse Area ratio: ,0.943735, Inv Area Ratio Contribution: ,0,Inverse Perim ratio: ,1.06625, Inv Perim Contribution: ,0, Final Score: ,-162.012
Point: ,194,117,Repeat score:,1, Repeat contribution: ,-1,Dist:,29.5296, Dist contribution: ,-147.648, New scanned ratio: ,0.0211719, New Scanned Cells Contribution: ,0,Area ratio: ,0.901352, Area ratio Contribution: ,0,Perim diff: ,1.0689, Perim diff Contribution: ,0,Frontier diff: ,0, Frontier diff Contribution ,0,Inverse Area ratio: ,0.943751, Inv Area Ratio Contribution: ,0,Inverse Perim ratio: ,1.06775, Inv Perim Contribution: ,0, Final Score: ,-148.648
Point: ,191,115,Repeat score:,1, Repeat contribution: ,-1,Dist:,25.8565, Dist contribution: ,-129.283, New scanned ratio: ,0.0186326, New Scanned Cells Contribution: ,0,Area ratio: ,0.905643, Area ratio Contribution: ,0,Perim diff: ,1.06888, Perim diff Contribution: ,0,Frontier diff: ,0, Frontier diff Contribution ,0,Inverse Area ratio: ,0.945094, Inv Area Ratio Contribution: ,0,Inverse Perim ratio: ,1.06669, Inv Perim Contribution: ,0, Final Score: ,-130.283
Point: ,189,115,Repeat score:,1, Repeat contribution: ,-1,Dist:,25.0711, Dist contribution: ,-125.355, New scanned ratio: ,0.0186326, New Scanned Cells Contribution: ,0,Area ratio: ,0.905128, Area ratio Contribution: ,0,Perim diff: ,1.07206, Perim diff Contribution: ,0,Frontier diff: ,0, Frontier diff Contribution ,0,Inverse Area ratio: ,0.945036, Inv Area Ratio Contribution: ,0,Inverse Perim ratio: ,1.06943, Inv Perim Contribution: ,0, Final Score: ,-126.355
Point: ,186,117,Repeat score:,1, Repeat contribution: ,-1,Dist:,26.6833, Dist contribution: ,-133.417, New scanned ratio: ,0.0213624, New Scanned Cells Contribution: ,0,Area ratio: ,0.899252, Area ratio Contribution: ,0,Perim diff: ,1.07645, Perim diff Contribution: ,0,Frontier diff: ,0, Frontier diff Contribution ,0,Inverse Area ratio: ,0.943611, Inv Area Ratio Contribution: ,0,Inverse Perim ratio: ,1.07379, Inv Perim Contribution: ,0, Final Score: ,-134.417
Point: ,181,117,Repeat score:,1, Repeat contribution: ,-1,Dist:,26.0192, Dist contribution: ,-130.096, New scanned ratio: ,0.0223781, New Scanned Cells Contribution: ,0,Area ratio: ,0.898737, Area ratio Contribution: ,0,Perim diff: ,1.08148, Perim diff Contribution: ,0,Frontier diff: ,0, Frontier diff Contribution ,0,Inverse Area ratio: ,0.94306, Inv Area Ratio Contribution: ,0,Inverse Perim ratio: ,1.07781, Inv Perim Contribution: ,0, Final Score: ,-131.096
Point: ,180,118,Repeat score:,1, Repeat contribution: ,-1,Dist:,27.3, Dist contribution: ,-136.5, New scanned ratio: ,0.02387, New Scanned Cells Contribution: ,0,Area ratio: ,0.896111, Area ratio Contribution: ,0,Perim diff: ,1.08402, Perim diff Contribution: ,0,Frontier diff: ,0, Frontier diff Contribution ,0,Inverse Area ratio: ,0.942269, Inv Area Ratio Contribution: ,0,Inverse Perim ratio: ,1.0804, Inv Perim Contribution: ,0, Final Score: ,-137.5
Point: ,179,117,Repeat score:,1, Repeat contribution: ,-1,Dist:,26.0192, Dist contribution: ,-130.096, New scanned ratio: ,0.023013, New Scanned Cells Contribution: ,0,Area ratio: ,0.898741, Area ratio Contribution: ,0,Perim diff: ,1.08366, Perim diff Contribution: ,0,Frontier diff: ,0, Frontier diff Contribution ,0,Inverse Area ratio: ,0.942722, Inv Area Ratio Contribution: ,0,Inverse Perim ratio: ,1.07963, Inv Perim Contribution: ,0, Final Score: ,-131.096
Point: ,174,117,Repeat score:,1, Repeat contribution: ,-1,Dist:,26.6833, Dist contribution: ,-133.417, New scanned ratio: ,0.0250127, New Scanned Cells Contribution: ,0,Area ratio: ,0.899158, Area ratio Contribution: ,0,Perim diff: ,1.09174, Perim diff Contribution: ,0,Frontier diff: ,0, Frontier diff Contribution ,0,Inverse Area ratio: ,0.94161, Inv Area Ratio Contribution: ,0,Inverse Perim ratio: ,1.08614, Inv Perim Contribution: ,0, Final Score: ,-134.417
Point: ,168,114,Repeat score:,1, Repeat contribution: ,-1,Dist:,25.1478, Dist contribution: ,-125.739, New scanned ratio: ,0.0252349, New Scanned Cells Contribution: ,0,Area ratio: ,0.908693, Area ratio Contribution: ,0,Perim diff: ,1.09843, Perim diff Contribution: ,0,Frontier diff: ,0, Frontier diff Contribution ,0,Inverse Area ratio: ,0.941462, Inv Area Ratio Contribution: ,0,Inverse Perim ratio: ,1.09049, Inv Perim Contribution: ,0, Final Score: ,-126.739
Point: ,163,109,Repeat score:,1, Repeat contribution: ,-1,Dist:,23.0729, Dist contribution: ,-115.365, New scanned ratio: ,0.0233621, New Scanned Cells Contribution: ,0,Area ratio: ,0.923859, Area ratio Contribution: ,0,Perim diff: ,1.06939, Perim diff Contribution: ,0,Frontier diff: ,0, Frontier diff Contribution ,0,Inverse Area ratio: ,0.94545, Inv Area Ratio Contribution: ,0,Inverse Perim ratio: ,1.06499, Inv Perim Contribution: ,0, Final Score: ,-116.365
Point: ,160,103,Repeat score:,1, Repeat contribution: ,-1,Dist:,21.4672, Dist contribution: ,-107.336, New scanned ratio: ,0.0187595, New Scanned Cells Contribution: ,0,Area ratio: ,0.941411, Area ratio Contribution: ,0,Perim diff: ,1.05908, Perim diff Contribution: ,0,Frontier diff: ,0, Frontier diff Contribution ,0,Inverse Area ratio: ,0.947961, Inv Area Ratio Contribution: ,0,Inverse Perim ratio: ,1.05505, Inv Perim Contribution: ,0, Final Score: ,-108.336
Point: ,160,98,Repeat score:,1, Repeat contribution: ,-1,Dist:,20.0422, Dist contribution: ,-100.211, New scanned ratio: ,0.0136173, New Scanned Cells Contribution: ,0,Area ratio: ,0.954892, Area ratio Contribution: ,0,Perim diff: ,1.05252, Perim diff Contribution: ,0,Frontier diff: ,0, Frontier diff Contribution ,0,Inverse Area ratio: ,0.950704, Inv Area Ratio Contribution: ,0,Inverse Perim ratio: ,1.04872, Inv Perim Contribution: ,0, Final Score: ,-101.211
Point: ,159,97,Repeat score:,1, Repeat contribution: ,-1,Dist:,21, Dist contribution: ,-105, New scanned ratio: ,0.0132999, New Scanned Cells Contribution: ,0,Area ratio: ,0.957807, Area ratio Contribution: ,0,Perim diff: ,1.05113, Perim diff Contribution: ,0,Frontier diff: ,0, Frontier diff Contribution ,0,Inverse Area ratio: ,0.951035, Inv Area Ratio Contribution: ,0,Inverse Perim ratio: ,1.04745, Inv Perim Contribution: ,0, Final Score: ,-106
Point: ,160,96,Repeat score:,1, Repeat contribution: ,-1,Dist:,20.0422, Dist contribution: ,-100.211, New scanned ratio: ,0.0117445, New Scanned Cells Contribution: ,0,Area ratio: ,0.959059, Area ratio Contribution: ,0,Perim diff: ,1.05039, Perim diff Contribution: ,0,Frontier diff: ,0, Frontier diff Contribution ,0,Inverse Area ratio: ,0.951695, Inv Area Ratio Contribution: ,0,Inverse Perim ratio: ,1.04672, Inv Perim Contribution: ,0, Final Score: ,-101.211
Point: ,159,95,Repeat score:,1, Repeat contribution: ,-1,Dist:,21.1603, Dist contribution: ,-105.802, New scanned ratio: ,0.0114589, New Scanned Cells Contribution: ,0,Area ratio: ,0.960863, Area ratio Contribution: ,0,Perim diff: ,1.04661, Perim diff Contribution: ,0,Frontier diff: ,0, Frontier diff Contribution ,0,Inverse Area ratio: ,0.954384, Inv Area Ratio Contribution: ,0,Inverse Perim ratio: ,1.04367, Inv Perim Contribution: ,0, Final Score: ,-106.802
Point: ,155,97,Repeat score:,1, Repeat contribution: ,-1,Dist:,25, Dist contribution: ,-125, New scanned ratio: ,0.0155853, New Scanned Cells Contribution: ,0,Area ratio: ,0.958743, Area ratio Contribution: ,0,Perim diff: ,1.04682, Perim diff Contribution: ,0,Frontier diff: ,0, Frontier diff Contribution ,0,Inverse Area ratio: ,0.952719, Inv Area Ratio Contribution: ,0,Inverse Perim ratio: ,1.04409, Inv Perim Contribution: ,0, Final Score: ,-126
Point: ,150,97,Repeat score:,1, Repeat contribution: ,-1,Dist:,30, Dist contribution: ,-150, New scanned ratio: ,0.017966, New Scanned Cells Contribution: ,0,Area ratio: ,0.959509, Area ratio Contribution: ,0,Perim diff: ,1.0485, Perim diff Contribution: ,0,Frontier diff: ,0, Frontier diff Contribution ,0,Inverse Area ratio: ,0.951277, Inv Area Ratio Contribution: ,0,Inverse Perim ratio: ,1.0455, Inv Perim Contribution: ,0, Final Score: ,-151
Point: ,149,98,Repeat score:,1, Repeat contribution: ,-1,Dist:,31.0272, Dist contribution: ,-155.136, New scanned ratio: ,0.0195213, New Scanned Cells Contribution: ,0,Area ratio: ,0.956963, Area ratio Contribution: ,0,Perim diff: ,1.0518, Perim diff Contribution: ,0,Frontier diff: ,0, Frontier diff Contribution ,0,Inverse Area ratio: ,0.950449, Inv Area Ratio Contribution: ,0,Inverse Perim ratio: ,1.04832, Inv Perim Contribution: ,0, Final Score: ,-156.136
Point: ,148,97,Repeat score:,1, Repeat contribution: ,-1,Dist:,32, Dist contribution: ,-160, New scanned ratio: ,0.018823, New Scanned Cells Contribution: ,0,Area ratio: ,0.959687, Area ratio Contribution: ,0,Perim diff: ,1.0495, Perim diff Contribution: ,0,Frontier diff: ,0, Frontier diff Contribution ,0,Inverse Area ratio: ,0.95083, Inv Area Ratio Contribution: ,0,Inverse Perim ratio: ,1.04632, Inv Perim Contribution: ,0, Final Score: ,-161
Point: ,143,97,Repeat score:,1, Repeat contribution: ,-1,Dist:,37, Dist contribution: ,-185, New scanned ratio: ,0.0205053, New Scanned Cells Contribution: ,0,Area ratio: ,0.959503, Area ratio Contribution: ,0,Perim diff: ,1.05801, Perim diff Contribution: ,0,Frontier diff: ,0, Frontier diff Contribution ,0,Inverse Area ratio: ,0.94991, Inv Area Ratio Contribution: ,0,Inverse Perim ratio: ,1.05351, Inv Perim Contribution: ,0, Final Score: ,-186
BEST Point:,160,98, Score: ,-101.211
COUNT COMMAND: 1
Total frontiers: ,104, Prioritised frontiers: ,27
At: ,160,97,
Point: ,194,117,Repeat score:,1, Repeat contribution: ,-1,Dist:,42.8019, Dist contribution: ,-214.009, New scanned ratio: ,0.0209071, New Scanned Cells Contribution: ,0,Area ratio: ,0.912669, Area ratio Contribution: ,0,Perim diff: ,1.06943, Perim diff Contribution: ,0,Frontier diff: ,0, Frontier diff Contribution ,0,Inverse Area ratio: ,0.939941, Inv Area Ratio Contribution: ,0,Inverse Perim ratio: ,1.06818, Inv Perim Contribution: ,0, Final Score: ,-215.009
Point: ,191,115,Repeat score:,1, Repeat contribution: ,-1,Dist:,38.8402, Dist contribution: ,-194.201, New scanned ratio: ,0.0183995, New Scanned Cells Contribution: ,0,Area ratio: ,0.9171, Area ratio Contribution: ,0,Perim diff: ,1.06934, Perim diff Contribution: ,0,Frontier diff: ,0, Frontier diff Contribution ,0,Inverse Area ratio: ,0.941254, Inv Area Ratio Contribution: ,0,Inverse Perim ratio: ,1.0671, Inv Perim Contribution: ,0, Final Score: ,-195.201
Point: ,189,115,Repeat score:,1, Repeat contribution: ,-1,Dist:,37.2634, Dist contribution: ,-186.317, New scanned ratio: ,0.0183995, New Scanned Cells Contribution: ,0,Area ratio: ,0.91655, Area ratio Contribution: ,0,Perim diff: ,1.06933, Perim diff Contribution: ,0,Frontier diff: ,0, Frontier diff Contribution ,0,Inverse Area ratio: ,0.941254, Inv Area Ratio Contribution: ,0,Inverse Perim ratio: ,1.0671, Inv Perim Contribution: ,0, Final Score: ,-187.317
Point: ,186,117,Repeat score:,1, Repeat contribution: ,-1,Dist:,36.7696, Dist contribution: ,-183.848, New scanned ratio: ,0.0209071, New Scanned Cells Contribution: ,0,Area ratio: ,0.910471, Area ratio Contribution: ,0,Perim diff: ,1.06955, Perim diff Contribution: ,0,Frontier diff: ,0, Frontier diff Contribution ,0,Inverse Area ratio: ,0.939957, Inv Area Ratio Contribution: ,0,Inverse Perim ratio: ,1.06829, Inv Perim Contribution: ,0, Final Score: ,-184.848
Point: ,181,117,Repeat score:,1, Repeat contribution: ,-1,Dist:,33.4215, Dist contribution: ,-167.108, New scanned ratio: ,0.0209071, New Scanned Cells Contribution: ,0,Area ratio: ,0.909149, Area ratio Contribution: ,0,Perim diff: ,1.06769, Perim diff Contribution: ,0,Frontier diff: ,0, Frontier diff Contribution ,0,Inverse Area ratio: ,0.939957, Inv Area Ratio Contribution: ,0,Inverse Perim ratio: ,1.06683, Inv Perim Contribution: ,0, Final Score: ,-168.108
Point: ,180,118,Repeat score:,1, Repeat contribution: ,-1,Dist:,33.8421, Dist contribution: ,-169.211, New scanned ratio: ,0.0221609, New Scanned Cells Contribution: ,0,Area ratio: ,0.906294, Area ratio Contribution: ,0,Perim diff: ,1.06928, Perim diff Contribution: ,0,Frontier diff: ,0, Frontier diff Contribution ,0,Inverse Area ratio: ,0.939288, Inv Area Ratio Contribution: ,0,Inverse Perim ratio: ,1.06865, Inv Perim Contribution: ,0, Final Score: ,-170.211
Point: ,179,117,Repeat score:,1, Repeat contribution: ,-1,Dist:,32.2025, Dist contribution: ,-161.012, New scanned ratio: ,0.0209071, New Scanned Cells Contribution: ,0,Area ratio: ,0.90861, Area ratio Contribution: ,0,Perim diff: ,1.06766, Perim diff Contribution: ,0,Frontier diff: ,0, Frontier diff Contribution ,0,Inverse Area ratio: ,0.939957, Inv Area Ratio Contribution: ,0,Inverse Perim ratio: ,1.06683, Inv Perim Contribution: ,0, Final Score: ,-162.012
Point: ,174,117,Repeat score:,1, Repeat contribution: ,-1,Dist:,29.5296, Dist contribution: ,-147.648, New scanned ratio: ,0.0209071, New Scanned Cells Contribution: ,0,Area ratio: ,0.907236, Area ratio Contribution: ,0,Perim diff: ,1.0694, Perim diff Contribution: ,0,Frontier diff: ,0, Frontier diff Contribution ,0,Inverse Area ratio: ,0.939974, Inv Area Ratio Contribution: ,0,Inverse Perim ratio: ,1.06834, Inv Perim Contribution: ,0, Final Score: ,-148.648
Point: ,171,115,Repeat score:,1, Repeat contribution: ,-1,Dist:,25.8565, Dist contribution: ,-129.283, New scanned ratio: ,0.0183995, New Scanned Cells Contribution: ,0,Area ratio: ,0.911545, Area ratio Contribution: ,0,Perim diff: ,1.06929, Perim diff Contribution: ,0,Frontier diff: ,0, Frontier diff Contribution ,0,Inverse Area ratio: ,0.94132, Inv Area Ratio Contribution: ,0,Inverse Perim ratio: ,1.06728, Inv Perim Contribution: ,0, Final Score: ,-130.283
Point: ,169,115,Repeat score:,1, Repeat contribution: ,-1,Dist:,25.0711, Dist contribution: ,-125.355, New scanned ratio: ,0.0183995, New Scanned Cells Contribution: ,0,Area ratio: ,0.91103, Area ratio Contribution: ,0,Perim diff: ,1.07243, Perim diff Contribution: ,0,Frontier diff: ,0, Frontier diff Contribution ,0,Inverse Area ratio: ,0.941262, Inv Area Ratio Contribution: ,0,Inverse Perim ratio: ,1.07001, Inv Perim Contribution: ,0, Final Score: ,-126.355
Point: ,166,117,Repeat score:,1, Repeat contribution: ,-1,Dist:,26.6833, Dist contribution: ,-133.417, New scanned ratio: ,0.0210952, New Scanned Cells Contribution: ,0,Area ratio: ,0.905135, Area ratio Contribution: ,0,Perim diff: ,1.07678, Perim diff Contribution: ,0,Frontier diff: ,0, Frontier diff Contribution ,0,Inverse Area ratio: ,0.939833, Inv Area Ratio Contribution: ,0,Inverse Perim ratio: ,1.07437, Inv Perim Contribution: ,0, Final Score: ,-134.417
Point: ,161,117,Repeat score:,1, Repeat contribution: ,-1,Dist:,26.0192, Dist contribution: ,-130.096, New scanned ratio: ,0.0220982, New Scanned Cells Contribution: ,0,Area ratio: ,0.904615, Area ratio Contribution: ,0,Perim diff: ,1.0817, Perim diff Contribution: ,0,Frontier diff: ,0, Frontier diff Contribution ,0,Inverse Area ratio: ,0.93928, Inv Area Ratio Contribution: ,0,Inverse Perim ratio: ,1.0784, Inv Perim Contribution: ,0, Final Score: ,-131.096
Point: ,160,118,Repeat score:,1, Repeat contribution: ,-1,Dist:,27.3, Dist contribution: ,-136.5, New scanned ratio: ,0.0235715, New Scanned Cells Contribution: ,0,Area ratio: ,0.901979, Area ratio Contribution: ,0,Perim diff: ,1.08422, Perim diff Contribution: ,0,Frontier diff: ,0, Frontier diff Contribution ,0,Inverse Area ratio: ,0.938487, Inv Area Ratio Contribution: ,0,Inverse Perim ratio: ,1.08099, Inv Perim Contribution: ,0, Final Score: ,-137.5
Point: ,159,117,Repeat score:,1, Repeat contribution: ,-1,Dist:,26.0192, Dist contribution: ,-130.096, New scanned ratio: ,0.0227251, New Scanned Cells Contribution: ,0,Area ratio: ,0.904615, Area ratio Contribution: ,0,Perim diff: ,1.08384, Perim diff Contribution: ,0,Frontier diff: ,0, Frontier diff Contribution ,0,Inverse Area ratio: ,0.938941, Inv Area Ratio Contribution: ,0,Inverse Perim ratio: ,1.08021, Inv Perim Contribution: ,0, Final Score: ,-131.096
Point: ,154,117,Repeat score:,1, Repeat contribution: ,-1,Dist:,26.6833, Dist contribution: ,-133.417, New scanned ratio: ,0.0246999, New Scanned Cells Contribution: ,0,Area ratio: ,0.905022, Area ratio Contribution: ,0,Perim diff: ,1.09182, Perim diff Contribution: ,0,Frontier diff: ,0, Frontier diff Contribution ,0,Inverse Area ratio: ,0.937826, Inv Area Ratio Contribution: ,0,Inverse Perim ratio: ,1.08672, Inv Perim Contribution: ,0, Final Score: ,-134.417
Point: ,148,114,Repeat score:,1, Repeat contribution: ,-1,Dist:,25.1478, Dist contribution: ,-125.739, New scanned ratio: ,0.0249193, New Scanned Cells Contribution: ,0,Area ratio: ,0.913986, Area ratio Contribution: ,0,Perim diff: ,1.10002, Perim diff Contribution: ,0,Frontier diff: ,0, Frontier diff Contribution ,0,Inverse Area ratio: ,0.937669, Inv Area Ratio Contribution: ,0,Inverse Perim ratio: ,1.09197, Inv Perim Contribution: ,0, Final Score: ,-126.739
Point: ,143,109,Repeat score:,1, Repeat contribution: ,-1,Dist:,23.0729, Dist contribution: ,-115.365, New scanned ratio: ,0.0230386, New Scanned Cells Contribution: ,0,Area ratio: ,0.929162, Area ratio Contribution: ,0,Perim diff: ,1.06852, Perim diff Contribution: ,0,Frontier diff: ,0, Frontier diff Contribution ,0,Inverse Area ratio: ,0.9417, Inv Area Ratio Contribution: ,0,Inverse Perim ratio: ,1.06515, Inv Perim Contribution: ,0, Final Score: ,-116.365
Point: ,140,103,Repeat score:,1, Repeat contribution: ,-1,Dist:,21.4672, Dist contribution: ,-107.336, New scanned ratio: ,0.0185249, New Scanned Cells Contribution: ,0,Area ratio: ,0.946764, Area ratio Contribution: ,0,Perim diff: ,1.05923, Perim diff Contribution: ,0,Frontier diff: ,0, Frontier diff Contribution ,0,Inverse Area ratio: ,0.944185, Inv Area Ratio Contribution: ,0,Inverse Perim ratio: ,1.05561, Inv Perim Contribution: ,0, Final Score: ,-108.336
Point: ,140,98,Repeat score:,1, Repeat contribution: ,-1,Dist:,20.0422, Dist contribution: ,-100.211, New scanned ratio: ,0.0134784, New Scanned Cells Contribution: ,0,Area ratio: ,0.960139, Area ratio Contribution: ,0,Perim diff: ,1.05248, Perim diff Contribution: ,0,Frontier diff: ,0, Frontier diff Contribution ,0,Inverse Area ratio: ,0.947102, Inv Area Ratio Contribution: ,0,Inverse Perim ratio: ,1.04901, Inv Perim Contribution: ,0, Final Score: ,-101.211
Point: ,139,97,Repeat score:,1, Repeat contribution: ,-1,Dist:,21, Dist contribution: ,-105, New scanned ratio: ,0.0131649, New Scanned Cells Contribution: ,0,Area ratio: ,0.963242, Area ratio Contribution: ,0,Perim diff: ,1.04945, Perim diff Contribution: ,0,Frontier diff: ,0, Frontier diff Contribution ,0,Inverse Area ratio: ,0.948746, Inv Area Ratio Contribution: ,0,Inverse Perim ratio: ,1.04642, Inv Perim Contribution: ,0, Final Score: ,-106
Point: ,140,95,Repeat score:,1, Repeat contribution: ,-1,Dist:,20.1683, Dist contribution: ,-100.841, New scanned ratio: ,0.0107513, New Scanned Cells Contribution: ,0,Area ratio: ,0.965712, Area ratio Contribution: ,0,Perim diff: ,1.0465, Perim diff Contribution: ,0,Frontier diff: ,0, Frontier diff Contribution ,0,Inverse Area ratio: ,0.950049, Inv Area Ratio Contribution: ,0,Inverse Perim ratio: ,1.04381, Inv Perim Contribution: ,0, Final Score: ,-101.841
Point: ,136,97,Repeat score:,1, Repeat contribution: ,-1,Dist:,24, Dist contribution: ,-120, New scanned ratio: ,0.0148262, New Scanned Cells Contribution: ,0,Area ratio: ,0.963809, Area ratio Contribution: ,0,Perim diff: ,1.04663, Perim diff Contribution: ,0,Frontier diff: ,0, Frontier diff Contribution ,0,Inverse Area ratio: ,0.947891, Inv Area Ratio Contribution: ,0,Inverse Perim ratio: ,1.04422, Inv Perim Contribution: ,0, Final Score: ,-121
Point: ,131,97,Repeat score:,1, Repeat contribution: ,-1,Dist:,29, Dist contribution: ,-145, New scanned ratio: ,0.0172711, New Scanned Cells Contribution: ,0,Area ratio: ,0.964491, Area ratio Contribution: ,0,Perim diff: ,1.04695, Perim diff Contribution: ,0,Frontier diff: ,0, Frontier diff Contribution ,0,Inverse Area ratio: ,0.946555, Inv Area Ratio Contribution: ,0,Inverse Perim ratio: ,1.04457, Inv Perim Contribution: ,0, Final Score: ,-146
Point: ,130,98,Repeat score:,1, Repeat contribution: ,-1,Dist:,30.0282, Dist contribution: ,-150.141, New scanned ratio: ,0.018807, New Scanned Cells Contribution: ,0,Area ratio: ,0.961885, Area ratio Contribution: ,0,Perim diff: ,1.0502, Perim diff Contribution: ,0,Frontier diff: ,0, Frontier diff Contribution ,0,Inverse Area ratio: ,0.945725, Inv Area Ratio Contribution: ,0,Inverse Perim ratio: ,1.04739, Inv Perim Contribution: ,0, Final Score: ,-151.141
Point: ,129,97,Repeat score:,1, Repeat contribution: ,-1,Dist:,31, Dist contribution: ,-155, New scanned ratio: ,0.0181488, New Scanned Cells Contribution: ,0,Area ratio: ,0.964652, Area ratio Contribution: ,0,Perim diff: ,1.04824, Perim diff Contribution: ,0,Frontier diff: ,0, Frontier diff Contribution ,0,Inverse Area ratio: ,0.946082, Inv Area Ratio Contribution: ,0,Inverse Perim ratio: ,1.04563, Inv Perim Contribution: ,0, Final Score: ,-156
Point: ,124,97,Repeat score:,1, Repeat contribution: ,-1,Dist:,36, Dist contribution: ,-180, New scanned ratio: ,0.0199354, New Scanned Cells Contribution: ,0,Area ratio: ,0.964596, Area ratio Contribution: ,0,Perim diff: ,1.05784, Perim diff Contribution: ,0,Frontier diff: ,0, Frontier diff Contribution ,0,Inverse Area ratio: ,0.945094, Inv Area Ratio Contribution: ,0,Inverse Perim ratio: ,1.05365, Inv Perim Contribution: ,0, Final Score: ,-181
Point: ,121,95,Repeat score:,1, Repeat contribution: ,-1,Dist:,39.0866, Dist contribution: ,-195.433, New scanned ratio: ,0.0183368, New Scanned Cells Contribution: ,0,Area ratio: ,0.966546, Area ratio Contribution: ,0,Perim diff: ,1.059, Perim diff Contribution: ,0,Frontier diff: ,0, Frontier diff Contribution ,0,Inverse Area ratio: ,0.945941, Inv Area Ratio Contribution: ,0,Inverse Perim ratio: ,1.0542, Inv Perim Contribution: ,0, Final Score: ,-196.433
BEST Point:,140,98, Score: ,-101.211
COUNT COMMAND: 1
Total frontiers: ,105, Prioritised frontiers: ,27
At: ,140,97,
Point: ,174,117,Repeat score:,1, Repeat contribution: ,-1,Dist:,42.8019, Dist contribution: ,-214.009, New scanned ratio: ,0.0206482, New Scanned Cells Contribution: ,0,Area ratio: ,0.918486, Area ratio Contribution: ,0,Perim diff: ,1.06959, Perim diff Contribution: ,0,Frontier diff: ,0, Frontier diff Contribution ,0,Inverse Area ratio: ,0.936305, Inv Area Ratio Contribution: ,0,Inverse Perim ratio: ,1.06847, Inv Perim Contribution: ,0, Final Score: ,-215.009
Point: ,171,115,Repeat score:,1, Repeat contribution: ,-1,Dist:,38.8402, Dist contribution: ,-194.201, New scanned ratio: ,0.0181717, New Scanned Cells Contribution: ,0,Area ratio: ,0.922934, Area ratio Contribution: ,0,Perim diff: ,1.0694, Perim diff Contribution: ,0,Frontier diff: ,0, Frontier diff Contribution ,0,Inverse Area ratio: ,0.937622, Inv Area Ratio Contribution: ,0,Inverse Perim ratio: ,1.06739, Inv Perim Contribution: ,0, Final Score: ,-195.201
Point: ,169,115,Repeat score:,1, Repeat contribution: ,-1,Dist:,37.2634, Dist contribution: ,-186.317, New scanned ratio: ,0.0181717, New Scanned Cells Contribution: ,0,Area ratio: ,0.922384, Area ratio Contribution: ,0,Perim diff: ,1.06935, Perim diff Contribution: ,0,Frontier diff: ,0, Frontier diff Contribution ,0,Inverse Area ratio: ,0.937622, Inv Area Ratio Contribution: ,0,Inverse Perim ratio: ,1.06739, Inv Perim Contribution: ,0, Final Score: ,-187.317
Point: ,166,117,Repeat score:,1, Repeat contribution: ,-1,Dist:,36.7696, Dist contribution: ,-183.848, New scanned ratio: ,0.0206482, New Scanned Cells Contribution: ,0,Area ratio: ,0.916288, Area ratio Contribution: ,0,Perim diff: ,1.06954, Perim diff Contribution: ,0,Frontier diff: ,0, Frontier diff Contribution ,0,Inverse Area ratio: ,0.936321, Inv Area Ratio Contribution: ,0,Inverse Perim ratio: ,1.06858, Inv Perim Contribution: ,0, Final Score: ,-184.848
Point: ,161,117,Repeat score:,1, Repeat contribution: ,-1,Dist:,33.4215, Dist contribution: ,-167.108, New scanned ratio: ,0.0206482, New Scanned Cells Contribution: ,0,Area ratio: ,0.914965, Area ratio Contribution: ,0,Perim diff: ,1.06758, Perim diff Contribution: ,0,Frontier diff: ,0, Frontier diff Contribution ,0,Inverse Area ratio: ,0.936321, Inv Area Ratio Contribution: ,0,Inverse Perim ratio: ,1.06712, Inv Perim Contribution: ,0, Final Score: ,-168.108
Point: ,160,118,Repeat score:,1, Repeat contribution: ,-1,Dist:,33.8421, Dist contribution: ,-169.211, New scanned ratio: ,0.0218865, New Scanned Cells Contribution: ,0,Area ratio: ,0.912102, Area ratio Contribution: ,0,Perim diff: ,1.06914, Perim diff Contribution: ,0,Frontier diff: ,0, Frontier diff Contribution ,0,Inverse Area ratio: ,0.93565, Inv Area Ratio Contribution: ,0,Inverse Perim ratio: ,1.06894, Inv Perim Contribution: ,0, Final Score: ,-170.211
Point: ,159,117,Repeat score:,1, Repeat contribution: ,-1,Dist:,32.2025, Dist contribution: ,-161.012, New scanned ratio: ,0.0206482, New Scanned Cells Contribution: ,0,Area ratio: ,0.914426, Area ratio Contribution: ,0,Perim diff: ,1.06751, Perim diff Contribution: ,0,Frontier diff: ,0, Frontier diff Contribution ,0,Inverse Area ratio: ,0.936321, Inv Area Ratio Contribution: ,0,Inverse Perim ratio: ,1.06712, Inv Perim Contribution: ,0, Final Score: ,-162.012
Point: ,154,117,Repeat score:,1, Repeat contribution: ,-1,Dist:,29.5296, Dist contribution: ,-147.648, New scanned ratio: ,0.0206482, New Scanned Cells Contribution: ,0,Area ratio: ,0.913052, Area ratio Contribution: ,0,Perim diff: ,1.06914, Perim diff Contribution: ,0,Frontier diff: ,0, Frontier diff Contribution ,0,Inverse Area ratio: ,0.936338, Inv Area Ratio Contribution: ,0,Inverse Perim ratio: ,1.06863, Inv Perim Contribution: ,0, Final Score: ,-148.648
Point: ,151,115,Repeat score:,1, Repeat contribution: ,-1,Dist:,25.8565, Dist contribution: ,-129.283, New scanned ratio: ,0.0181717, New Scanned Cells Contribution: ,0,Area ratio: ,0.916989, Area ratio Contribution: ,0,Perim diff: ,1.06899, Perim diff Contribution: ,0,Frontier diff: ,0, Frontier diff Contribution ,0,Inverse Area ratio: ,0.937689, Inv Area Ratio Contribution: ,0,Inverse Perim ratio: ,1.06756, Inv Perim Contribution: ,0, Final Score: ,-130.283
Point: ,149,115,Repeat score:,1, Repeat contribution: ,-1,Dist:,25.0711, Dist contribution: ,-125.355, New scanned ratio: ,0.0181717, New Scanned Cells Contribution: ,0,Area ratio: ,0.916422, Area ratio Contribution: ,0,Perim diff: ,1.0721, Perim diff Contribution: ,0,Frontier diff: ,0, Frontier diff Contribution ,0,Inverse Area ratio: ,0.937631, Inv Area Ratio Contribution: ,0,Inverse Perim ratio: ,1.0703, Inv Perim Contribution: ,0, Final Score: ,-126.355
Point: ,146,117,Repeat score:,1, Repeat contribution: ,-1,Dist:,26.6833, Dist contribution: ,-133.417, New scanned ratio: ,0.020834, New Scanned Cells Contribution: ,0,Area ratio: ,0.910745, Area ratio Contribution: ,0,Perim diff: ,1.07636, Perim diff Contribution: ,0,Frontier diff: ,0, Frontier diff Contribution ,0,Inverse Area ratio: ,0.936197, Inv Area Ratio Contribution: ,0,Inverse Perim ratio: ,1.07466, Inv Perim Contribution: ,0, Final Score: ,-134.417
Point: ,141,117,Repeat score:,1, Repeat contribution: ,-1,Dist:,26.0192, Dist contribution: ,-130.096, New scanned ratio: ,0.0218246, New Scanned Cells Contribution: ,0,Area ratio: ,0.910093, Area ratio Contribution: ,0,Perim diff: ,1.08117, Perim diff Contribution: ,0,Frontier diff: ,0, Frontier diff Contribution ,0,Inverse Area ratio: ,0.935642, Inv Area Ratio Contribution: ,0,Inverse Perim ratio: ,1.07868, Inv Perim Contribution: ,0, Final Score: ,-131.096
Point: ,140,118,Repeat score:,1, Repeat contribution: ,-1,Dist:,27.3, Dist contribution: ,-136.5, New scanned ratio: ,0.0232796, New Scanned Cells Contribution: ,0,Area ratio: ,0.907576, Area ratio Contribution: ,0,Perim diff: ,1.08364, Perim diff Contribution: ,0,Frontier diff: ,0, Frontier diff Contribution ,0,Inverse Area ratio: ,0.934846, Inv Area Ratio Contribution: ,0,Inverse Perim ratio: ,1.08128, Inv Perim Contribution: ,0, Final Score: ,-137.5
Point: ,139,117,Repeat score:,1, Repeat contribution: ,-1,Dist:,26.0192, Dist contribution: ,-130.096, New scanned ratio: ,0.0224437, New Scanned Cells Contribution: ,0,Area ratio: ,0.910039, Area ratio Contribution: ,0,Perim diff: ,1.08326, Perim diff Contribution: ,0,Frontier diff: ,0, Frontier diff Contribution ,0,Inverse Area ratio: ,0.935302, Inv Area Ratio Contribution: ,0,Inverse Perim ratio: ,1.0805, Inv Perim Contribution: ,0, Final Score: ,-131.096
Point: ,134,117,Repeat score:,1, Repeat contribution: ,-1,Dist:,26.6833, Dist contribution: ,-133.417, New scanned ratio: ,0.024394, New Scanned Cells Contribution: ,0,Area ratio: ,0.910309, Area ratio Contribution: ,0,Perim diff: ,1.09111, Perim diff Contribution: ,0,Frontier diff: ,0, Frontier diff Contribution ,0,Inverse Area ratio: ,0.934183, Inv Area Ratio Contribution: ,0,Inverse Perim ratio: ,1.08701, Inv Perim Contribution: ,0, Final Score: ,-134.417
Point: ,128,114,Repeat score:,1, Repeat contribution: ,-1,Dist:,25.1478, Dist contribution: ,-125.739, New scanned ratio: ,0.0246107, New Scanned Cells Contribution: ,0,Area ratio: ,0.919449, Area ratio Contribution: ,0,Perim diff: ,1.09011, Perim diff Contribution: ,0,Frontier diff: ,0, Frontier diff Contribution ,0,Inverse Area ratio: ,0.934026, Inv Area Ratio Contribution: ,0,Inverse Perim ratio: ,1.09226, Inv Perim Contribution: ,0, Final Score: ,-126.739
Point: ,123,109,Repeat score:,1, Repeat contribution: ,-1,Dist:,23.0729, Dist contribution: ,-115.365, New scanned ratio: ,0.0226914, New Scanned Cells Contribution: ,0,Area ratio: ,0.934424, Area ratio Contribution: ,0,Perim diff: ,1.06788, Perim diff Contribution: ,0,Frontier diff: ,0, Frontier diff Contribution ,0,Inverse Area ratio: ,0.936737, Inv Area Ratio Contribution: ,0,Inverse Perim ratio: ,1.06515, Inv Perim Contribution: ,0, Final Score: ,-116.365
Point: ,120,103,Repeat score:,1, Repeat contribution: ,-1,Dist:,21.4672, Dist contribution: ,-107.336, New scanned ratio: ,0.0182955, New Scanned Cells Contribution: ,0,Area ratio: ,0.951765, Area ratio Contribution: ,0,Perim diff: ,1.05883, Perim diff Contribution: ,0,Frontier diff: ,0, Frontier diff Contribution ,0,Inverse Area ratio: ,0.939194, Inv Area Ratio Contribution: ,0,Inverse Perim ratio: ,1.05588, Inv Perim Contribution: ,0, Final Score: ,-108.336
Point: ,120,98,Repeat score:,1, Repeat contribution: ,-1,Dist:,20.0422, Dist contribution: ,-100.211, New scanned ratio: ,0.0133115, New Scanned Cells Contribution: ,0,Area ratio: ,0.965215, Area ratio Contribution: ,0,Perim diff: ,1.05018, Perim diff Contribution: ,0,Frontier diff: ,0, Frontier diff Contribution ,0,Inverse Area ratio: ,0.94194, Inv Area Ratio Contribution: ,0,Inverse Perim ratio: ,1.0476, Inv Perim Contribution: ,0, Final Score: ,-101.211
Point: ,119,97,Repeat score:,1, Repeat contribution: ,-1,Dist:,21, Dist contribution: ,-105, New scanned ratio: ,0.0129709, New Scanned Cells Contribution: ,0,Area ratio: ,0.968283, Area ratio Contribution: ,0,Perim diff: ,1.04581, Perim diff Contribution: ,0,Frontier diff: ,0, Frontier diff Contribution ,0,Inverse Area ratio: ,0.942148, Inv Area Ratio Contribution: ,0,Inverse Perim ratio: ,1.04673, Inv Perim Contribution: ,0, Final Score: ,-106
Point: ,120,95,Repeat score:,1, Repeat contribution: ,-1,Dist:,20.1683, Dist contribution: ,-100.841, New scanned ratio: ,0.0105873, New Scanned Cells Contribution: ,0,Area ratio: ,0.970263, Area ratio Contribution: ,0,Perim diff: ,1.04604, Perim diff Contribution: ,0,Frontier diff: ,0, Frontier diff Contribution ,0,Inverse Area ratio: ,0.943434, Inv Area Ratio Contribution: ,0,Inverse Perim ratio: ,1.04376, Inv Perim Contribution: ,0, Final Score: ,-101.841
Point: ,117,97,Repeat score:,1, Repeat contribution: ,-1,Dist:,23, Dist contribution: ,-115, New scanned ratio: ,0.0140544, New Scanned Cells Contribution: ,0,Area ratio: ,0.96865, Area ratio Contribution: ,0,Perim diff: ,1.04616, Perim diff Contribution: ,0,Frontier diff: ,0, Frontier diff Contribution ,0,Inverse Area ratio: ,0.941559, Inv Area Ratio Contribution: ,0,Inverse Perim ratio: ,1.04424, Inv Perim Contribution: ,0, Final Score: ,-116
Point: ,112,97,Repeat score:,1, Repeat contribution: ,-1,Dist:,28, Dist contribution: ,-140, New scanned ratio: ,0.016531, New Scanned Cells Contribution: ,0,Area ratio: ,0.969349, Area ratio Contribution: ,0,Perim diff: ,1.04689, Perim diff Contribution: ,0,Frontier diff: ,0, Frontier diff Contribution ,0,Inverse Area ratio: ,0.940206, Inv Area Ratio Contribution: ,0,Inverse Perim ratio: ,1.04494, Inv Perim Contribution: ,0, Final Score: ,-141
Point: ,111,98,Repeat score:,1, Repeat contribution: ,-1,Dist:,29.0291, Dist contribution: ,-145.146, New scanned ratio: ,0.0180479, New Scanned Cells Contribution: ,0,Area ratio: ,0.96674, Area ratio Contribution: ,0,Perim diff: ,1.05008, Perim diff Contribution: ,0,Frontier diff: ,0, Frontier diff Contribution ,0,Inverse Area ratio: ,0.939376, Inv Area Ratio Contribution: ,0,Inverse Perim ratio: ,1.04776, Inv Perim Contribution: ,0, Final Score: ,-146.146
Point: ,110,97,Repeat score:,1, Repeat contribution: ,-1,Dist:,30, Dist contribution: ,-150, New scanned ratio: ,0.0174287, New Scanned Cells Contribution: ,0,Area ratio: ,0.96952, Area ratio Contribution: ,0,Perim diff: ,1.04785, Perim diff Contribution: ,0,Frontier diff: ,0, Frontier diff Contribution ,0,Inverse Area ratio: ,0.939725, Inv Area Ratio Contribution: ,0,Inverse Perim ratio: ,1.04577, Inv Perim Contribution: ,0, Final Score: ,-151
Point: ,105,97,Repeat score:,1, Repeat contribution: ,-1,Dist:,35, Dist contribution: ,-175, New scanned ratio: ,0.019348, New Scanned Cells Contribution: ,0,Area ratio: ,0.969604, Area ratio Contribution: ,0,Perim diff: ,1.05431, Perim diff Contribution: ,0,Frontier diff: ,0, Frontier diff Contribution ,0,Inverse Area ratio: ,0.938671, Inv Area Ratio Contribution: ,0,Inverse Perim ratio: ,1.05146, Inv Perim Contribution: ,0, Final Score: ,-176
Point: ,102,95,Repeat score:,1, Repeat contribution: ,-1,Dist:,38.0888, Dist contribution: ,-190.444, New scanned ratio: ,0.0178931, New Scanned Cells Contribution: ,0,Area ratio: ,0.971083, Area ratio Contribution: ,0,Perim diff: ,1.05544, Perim diff Contribution: ,0,Frontier diff: ,0, Frontier diff Contribution ,0,Inverse Area ratio: ,0.939451, Inv Area Ratio Contribution: ,0,Inverse Perim ratio: ,1.05188, Inv Perim Contribution: ,0, Final Score: ,-191.444
BEST Point:,120,98, Score: ,-101.211
COUNT COMMAND: 1
Total frontiers: ,106, Prioritised frontiers: ,27
At: ,120,97,
Point: ,154,117,Repeat score:,1, Repeat contribution: ,-1,Dist:,42.8019, Dist contribution: ,-214.009, New scanned ratio: ,0.0203957, New Scanned Cells Contribution: ,0,Area ratio: ,0.924278, Area ratio Contribution: ,0,Perim diff: ,1.06769, Perim diff Contribution: ,0,Frontier diff: ,0, Frontier diff Contribution ,0,Inverse Area ratio: ,0.931144, Inv Area Ratio Contribution: ,0,Inverse Perim ratio: ,1.06741, Inv Perim Contribution: ,0, Final Score: ,-215.009
Point: ,151,115,Repeat score:,1, Repeat contribution: ,-1,Dist:,38.8402, Dist contribution: ,-194.201, New scanned ratio: ,0.0179494, New Scanned Cells Contribution: ,0,Area ratio: ,0.928348, Area ratio Contribution: ,0,Perim diff: ,1.06746, Perim diff Contribution: ,0,Frontier diff: ,0, Frontier diff Contribution ,0,Inverse Area ratio: ,0.932463, Inv Area Ratio Contribution: ,0,Inverse Perim ratio: ,1.06634, Inv Perim Contribution: ,0, Final Score: ,-195.201
Point: ,149,115,Repeat score:,1, Repeat contribution: ,-1,Dist:,37.2634, Dist contribution: ,-186.317, New scanned ratio: ,0.0179494, New Scanned Cells Contribution: ,0,Area ratio: ,0.927746, Area ratio Contribution: ,0,Perim diff: ,1.06737, Perim diff Contribution: ,0,Frontier diff: ,0, Frontier diff Contribution ,0,Inverse Area ratio: ,0.932463, Inv Area Ratio Contribution: ,0,Inverse Perim ratio: ,1.06634, Inv Perim Contribution: ,0, Final Score: ,-187.317
Point: ,146,117,Repeat score:,1, Repeat contribution: ,-1,Dist:,36.7696, Dist contribution: ,-183.848, New scanned ratio: ,0.0203957, New Scanned Cells Contribution: ,0,Area ratio: ,0.921873, Area ratio Contribution: ,0,Perim diff: ,1.06748, Perim diff Contribution: ,0,Frontier diff: ,0, Frontier diff Contribution ,0,Inverse Area ratio: ,0.93116, Inv Area Ratio Contribution: ,0,Inverse Perim ratio: ,1.06753, Inv Perim Contribution: ,0, Final Score: ,-184.848
Point: ,141,117,Repeat score:,1, Repeat contribution: ,-1,Dist:,33.4215, Dist contribution: ,-167.108, New scanned ratio: ,0.0203957, New Scanned Cells Contribution: ,0,Area ratio: ,0.920421, Area ratio Contribution: ,0,Perim diff: ,1.06541, Perim diff Contribution: ,0,Frontier diff: ,0, Frontier diff Contribution ,0,Inverse Area ratio: ,0.93116, Inv Area Ratio Contribution: ,0,Inverse Perim ratio: ,1.06607, Inv Perim Contribution: ,0, Final Score: ,-168.108
Point: ,140,118,Repeat score:,1, Repeat contribution: ,-1,Dist:,33.8421, Dist contribution: ,-169.211, New scanned ratio: ,0.0216188, New Scanned Cells Contribution: ,0,Area ratio: ,0.91768, Area ratio Contribution: ,0,Perim diff: ,1.06693, Perim diff Contribution: ,0,Frontier diff: ,0, Frontier diff Contribution ,0,Inverse Area ratio: ,0.930488, Inv Area Ratio Contribution: ,0,Inverse Perim ratio: ,1.06789, Inv Perim Contribution: ,0, Final Score: ,-170.211
Point: ,139,117,Repeat score:,1, Repeat contribution: ,-1,Dist:,32.2025, Dist contribution: ,-161.012, New scanned ratio: ,0.0203957, New Scanned Cells Contribution: ,0,Area ratio: ,0.91983, Area ratio Contribution: ,0,Perim diff: ,1.0653, Perim diff Contribution: ,0,Frontier diff: ,0, Frontier diff Contribution ,0,Inverse Area ratio: ,0.93116, Inv Area Ratio Contribution: ,0,Inverse Perim ratio: ,1.06607, Inv Perim Contribution: ,0, Final Score: ,-162.012
Point: ,134,117,Repeat score:,1, Repeat contribution: ,-1,Dist:,29.5296, Dist contribution: ,-147.648, New scanned ratio: ,0.0203957, New Scanned Cells Contribution: ,0,Area ratio: ,0.91833, Area ratio Contribution: ,0,Perim diff: ,1.06681, Perim diff Contribution: ,0,Frontier diff: ,0, Frontier diff Contribution ,0,Inverse Area ratio: ,0.931177, Inv Area Ratio Contribution: ,0,Inverse Perim ratio: ,1.06757, Inv Perim Contribution: ,0, Final Score: ,-148.648
Point: ,131,115,Repeat score:,1, Repeat contribution: ,-1,Dist:,25.8565, Dist contribution: ,-129.283, New scanned ratio: ,0.0179494, New Scanned Cells Contribution: ,0,Area ratio: ,0.922277, Area ratio Contribution: ,0,Perim diff: ,1.06665, Perim diff Contribution: ,0,Frontier diff: ,0, Frontier diff Contribution ,0,Inverse Area ratio: ,0.932529, Inv Area Ratio Contribution: ,0,Inverse Perim ratio: ,1.06651, Inv Perim Contribution: ,0, Final Score: ,-130.283
Point: ,129,115,Repeat score:,1, Repeat contribution: ,-1,Dist:,25.0711, Dist contribution: ,-125.355, New scanned ratio: ,0.0179494, New Scanned Cells Contribution: ,0,Area ratio: ,0.92171, Area ratio Contribution: ,0,Perim diff: ,1.06971, Perim diff Contribution: ,0,Frontier diff: ,0, Frontier diff Contribution ,0,Inverse Area ratio: ,0.932471, Inv Area Ratio Contribution: ,0,Inverse Perim ratio: ,1.06925, Inv Perim Contribution: ,0, Final Score: ,-126.355
Point: ,126,117,Repeat score:,1, Repeat contribution: ,-1,Dist:,26.6833, Dist contribution: ,-133.417, New scanned ratio: ,0.0205792, New Scanned Cells Contribution: ,0,Area ratio: ,0.916024, Area ratio Contribution: ,0,Perim diff: ,1.07382, Perim diff Contribution: ,0,Frontier diff: ,0, Frontier diff Contribution ,0,Inverse Area ratio: ,0.931036, Inv Area Ratio Contribution: ,0,Inverse Perim ratio: ,1.0736, Inv Perim Contribution: ,0, Final Score: ,-134.417
Point: ,121,117,Repeat score:,1, Repeat contribution: ,-1,Dist:,26.0192, Dist contribution: ,-130.096, New scanned ratio: ,0.0215577, New Scanned Cells Contribution: ,0,Area ratio: ,0.915368, Area ratio Contribution: ,0,Perim diff: ,1.07848, Perim diff Contribution: ,0,Frontier diff: ,0, Frontier diff Contribution ,0,Inverse Area ratio: ,0.93048, Inv Area Ratio Contribution: ,0,Inverse Perim ratio: ,1.07763, Inv Perim Contribution: ,0, Final Score: ,-131.096
Point: ,120,118,Repeat score:,1, Repeat contribution: ,-1,Dist:,27.3, Dist contribution: ,-136.5, New scanned ratio: ,0.0229948, New Scanned Cells Contribution: ,0,Area ratio: ,0.912845, Area ratio Contribution: ,0,Perim diff: ,1.08087, Perim diff Contribution: ,0,Frontier diff: ,0, Frontier diff Contribution ,0,Inverse Area ratio: ,0.929683, Inv Area Ratio Contribution: ,0,Inverse Perim ratio: ,1.08022, Inv Perim Contribution: ,0, Final Score: ,-137.5
Point: ,119,117,Repeat score:,1, Repeat contribution: ,-1,Dist:,26.0192, Dist contribution: ,-130.096, New scanned ratio: ,0.0221692, New Scanned Cells Contribution: ,0,Area ratio: ,0.915311, Area ratio Contribution: ,0,Perim diff: ,1.08051, Perim diff Contribution: ,0,Frontier diff: ,0, Frontier diff Contribution ,0,Inverse Area ratio: ,0.930139, Inv Area Ratio Contribution: ,0,Inverse Perim ratio: ,1.07945, Inv Perim Contribution: ,0, Final Score: ,-131.096
Point: ,114,117,Repeat score:,1, Repeat contribution: ,-1,Dist:,26.6833, Dist contribution: ,-133.417, New scanned ratio: ,0.0240956, New Scanned Cells Contribution: ,0,Area ratio: ,0.91557, Area ratio Contribution: ,0,Perim diff: ,1.08819, Perim diff Contribution: ,0,Frontier diff: ,0, Frontier diff Contribution ,0,Inverse Area ratio: ,0.929019, Inv Area Ratio Contribution: ,0,Inverse Perim ratio: ,1.08596, Inv Perim Contribution: ,0, Final Score: ,-134.417
Point: ,108,114,Repeat score:,1, Repeat contribution: ,-1,Dist:,25.1478, Dist contribution: ,-125.739, New scanned ratio: ,0.0243097, New Scanned Cells Contribution: ,0,Area ratio: ,0.924633, Area ratio Contribution: ,0,Perim diff: ,1.08864, Perim diff Contribution: ,0,Frontier diff: ,-1, Frontier diff Contribution ,-0,Inverse Area ratio: ,0.928903, Inv Area Ratio Contribution: ,0,Inverse Perim ratio: ,1.08533, Inv Perim Contribution: ,0, Final Score: ,-126.739
Point: ,103,109,Repeat score:,1, Repeat contribution: ,-1,Dist:,23.0729, Dist contribution: ,-115.365, New scanned ratio: ,0.0223527, New Scanned Cells Contribution: ,0,Area ratio: ,0.939617, Area ratio Contribution: ,0,Perim diff: ,1.06683, Perim diff Contribution: ,0,Frontier diff: ,0, Frontier diff Contribution ,0,Inverse Area ratio: ,0.930131, Inv Area Ratio Contribution: ,0,Inverse Perim ratio: ,1.06542, Inv Perim Contribution: ,0, Final Score: ,-116.365
Point: ,100,103,Repeat score:,1, Repeat contribution: ,-1,Dist:,21.4672, Dist contribution: ,-107.336, New scanned ratio: ,0.0180717, New Scanned Cells Contribution: ,0,Area ratio: ,0.95674, Area ratio Contribution: ,0,Perim diff: ,1.05642, Perim diff Contribution: ,0,Frontier diff: ,0, Frontier diff Contribution ,0,Inverse Area ratio: ,0.932579, Inv Area Ratio Contribution: ,0,Inverse Perim ratio: ,1.05483, Inv Perim Contribution: ,0, Final Score: ,-108.336
Point: ,100,98,Repeat score:,1, Repeat contribution: ,-1,Dist:,20.0422, Dist contribution: ,-100.211, New scanned ratio: ,0.0131181, New Scanned Cells Contribution: ,0,Area ratio: ,0.970129, Area ratio Contribution: ,0,Perim diff: ,1.04981, Perim diff Contribution: ,0,Frontier diff: ,0, Frontier diff Contribution ,0,Inverse Area ratio: ,0.935343, Inv Area Ratio Contribution: ,0,Inverse Perim ratio: ,1.04791, Inv Perim Contribution: ,0, Final Score: ,-101.211
Point: ,99,97,Repeat score:,1, Repeat contribution: ,-1,Dist:,21, Dist contribution: ,-105, New scanned ratio: ,0.0127817, New Scanned Cells Contribution: ,0,Area ratio: ,0.973178, Area ratio Contribution: ,0,Perim diff: ,1.04526, Perim diff Contribution: ,0,Frontier diff: ,0, Frontier diff Contribution ,0,Inverse Area ratio: ,0.935559, Inv Area Ratio Contribution: ,0,Inverse Perim ratio: ,1.04404, Inv Perim Contribution: ,0, Final Score: ,-106
Point: ,100,96,Repeat score:,1, Repeat contribution: ,-1,Dist:,20.0422, Dist contribution: ,-100.211, New scanned ratio: ,0.0113139, New Scanned Cells Contribution: ,0,Area ratio: ,0.973778, Area ratio Contribution: ,0,Perim diff: ,1.04536, Perim diff Contribution: ,0,Frontier diff: ,0, Frontier diff Contribution ,0,Inverse Area ratio: ,0.936355, Inv Area Ratio Contribution: ,0,Inverse Perim ratio: ,1.04385, Inv Perim Contribution: ,0, Final Score: ,-101.211
Point: ,98,97,Repeat score:,1, Repeat contribution: ,-1,Dist:,22, Dist contribution: ,-110, New scanned ratio: ,0.0133015, New Scanned Cells Contribution: ,0,Area ratio: ,0.973337, Area ratio Contribution: ,0,Perim diff: ,1.04578, Perim diff Contribution: ,0,Frontier diff: ,0, Frontier diff Contribution ,0,Inverse Area ratio: ,0.935276, Inv Area Ratio Contribution: ,0,Inverse Perim ratio: ,1.04449, Inv Perim Contribution: ,0, Final Score: ,-111
Point: ,93,97,Repeat score:,1, Repeat contribution: ,-1,Dist:,27, Dist contribution: ,-135, New scanned ratio: ,0.0158089, New Scanned Cells Contribution: ,0,Area ratio: ,0.974096, Area ratio Contribution: ,0,Perim diff: ,1.04494, Perim diff Contribution: ,0,Frontier diff: ,0, Frontier diff Contribution ,0,Inverse Area ratio: ,0.933882, Inv Area Ratio Contribution: ,0,Inverse Perim ratio: ,1.04401, Inv Perim Contribution: ,0, Final Score: ,-136
Point: ,92,98,Repeat score:,1, Repeat contribution: ,-1,Dist:,28.0302, Dist contribution: ,-140.151, New scanned ratio: ,0.0173073, New Scanned Cells Contribution: ,0,Area ratio: ,0.971529, Area ratio Contribution: ,0,Perim diff: ,1.04813, Perim diff Contribution: ,0,Frontier diff: ,0, Frontier diff Contribution ,0,Inverse Area ratio: ,0.933027, Inv Area Ratio Contribution: ,0,Inverse Perim ratio: ,1.04689, Inv Perim Contribution: ,0, Final Score: ,-141.151
Point: ,91,97,Repeat score:,1, Repeat contribution: ,-1,Dist:,29, Dist contribution: ,-145, New scanned ratio: ,0.0167263, New Scanned Cells Contribution: ,0,Area ratio: ,0.974307, Area ratio Contribution: ,0,Perim diff: ,1.04587, Perim diff Contribution: ,0,Frontier diff: ,0, Frontier diff Contribution ,0,Inverse Area ratio: ,0.933376, Inv Area Ratio Contribution: ,0,Inverse Perim ratio: ,1.04483, Inv Perim Contribution: ,0, Final Score: ,-146
Point: ,86,97,Repeat score:,1, Repeat contribution: ,-1,Dist:,34, Dist contribution: ,-170, New scanned ratio: ,0.0187139, New Scanned Cells Contribution: ,0,Area ratio: ,0.974486, Area ratio Contribution: ,0,Perim diff: ,1.05355, Perim diff Contribution: ,0,Frontier diff: ,0, Frontier diff Contribution ,0,Inverse Area ratio: ,0.932264, Inv Area Ratio Contribution: ,0,Inverse Perim ratio: ,1.05159, Inv Perim Contribution: ,0, Final Score: ,-171
Point: ,83,95,Repeat score:,1, Repeat contribution: ,-1,Dist:,37.0912, Dist contribution: ,-185.456, New scanned ratio: ,0.017399, New Scanned Cells Contribution: ,0,Area ratio: ,0.975568, Area ratio Contribution: ,0,Perim diff: ,1.05524, Perim diff Contribution: ,0,Frontier diff: ,0, Frontier diff Contribution ,0,Inverse Area ratio: ,0.932953, Inv Area Ratio Contribution: ,0,Inverse Perim ratio: ,1.05231, Inv Perim Contribution: ,0, Final Score: ,-186.456
BEST Point:,100,98, Score: ,-101.211
COUNT COMMAND: 1
Total frontiers: ,107, Prioritised frontiers: ,28
At: ,100,97,
Point: ,134,117,Repeat score:,1, Repeat contribution: ,-1,Dist:,42.8019, Dist contribution: ,-214.009, New scanned ratio: ,0.0201498, New Scanned Cells Contribution: ,0,Area ratio: ,0.929484, Area ratio Contribution: ,0,Perim diff: ,1.06354, Perim diff Contribution: ,0,Frontier diff: ,0, Frontier diff Contribution ,0,Inverse Area ratio: ,0.924546, Inv Area Ratio Contribution: ,0,Inverse Perim ratio: ,1.06772, Inv Perim Contribution: ,0, Final Score: ,-215.009
Point: ,131,115,Repeat score:,1, Repeat contribution: ,-1,Dist:,38.8402, Dist contribution: ,-194.201, New scanned ratio: ,0.0177331, New Scanned Cells Contribution: ,0,Area ratio: ,0.933562, Area ratio Contribution: ,0,Perim diff: ,1.0633, Perim diff Contribution: ,0,Frontier diff: ,0, Frontier diff Contribution ,0,Inverse Area ratio: ,0.925865, Inv Area Ratio Contribution: ,0,Inverse Perim ratio: ,1.06665, Inv Perim Contribution: ,0, Final Score: ,-195.201
Point: ,129,115,Repeat score:,1, Repeat contribution: ,-1,Dist:,37.2634, Dist contribution: ,-186.317, New scanned ratio: ,0.0177331, New Scanned Cells Contribution: ,0,Area ratio: ,0.932961, Area ratio Contribution: ,0,Perim diff: ,1.06318, Perim diff Contribution: ,0,Frontier diff: ,0, Frontier diff Contribution ,0,Inverse Area ratio: ,0.925865, Inv Area Ratio Contribution: ,0,Inverse Perim ratio: ,1.06665, Inv Perim Contribution: ,0, Final Score: ,-187.317
Point: ,126,117,Repeat score:,1, Repeat contribution: ,-1,Dist:,36.7696, Dist contribution: ,-183.848, New scanned ratio: ,0.0201498, New Scanned Cells Contribution: ,0,Area ratio: ,0.92708, Area ratio Contribution: ,0,Perim diff: ,1.06313, Perim diff Contribution: ,0,Frontier diff: ,0, Frontier diff Contribution ,0,Inverse Area ratio: ,0.924562, Inv Area Ratio Contribution: ,0,Inverse Perim ratio: ,1.06784, Inv Perim Contribution: ,0, Final Score: ,-184.848
Point: ,121,117,Repeat score:,1, Repeat contribution: ,-1,Dist:,33.4215, Dist contribution: ,-167.108, New scanned ratio: ,0.0201498, New Scanned Cells Contribution: ,0,Area ratio: ,0.92563, Area ratio Contribution: ,0,Perim diff: ,1.06093, Perim diff Contribution: ,0,Frontier diff: ,0, Frontier diff Contribution ,0,Inverse Area ratio: ,0.924562, Inv Area Ratio Contribution: ,0,Inverse Perim ratio: ,1.06638, Inv Perim Contribution: ,0, Final Score: ,-168.108
Point: ,120,118,Repeat score:,1, Repeat contribution: ,-1,Dist:,33.8421, Dist contribution: ,-169.211, New scanned ratio: ,0.0213582, New Scanned Cells Contribution: ,0,Area ratio: ,0.922885, Area ratio Contribution: ,0,Perim diff: ,1.06238, Perim diff Contribution: ,0,Frontier diff: ,0, Frontier diff Contribution ,0,Inverse Area ratio: ,0.92389, Inv Area Ratio Contribution: ,0,Inverse Perim ratio: ,1.0682, Inv Perim Contribution: ,0, Final Score: ,-170.211
Point: ,119,117,Repeat score:,1, Repeat contribution: ,-1,Dist:,32.2025, Dist contribution: ,-161.012, New scanned ratio: ,0.0201498, New Scanned Cells Contribution: ,0,Area ratio: ,0.925039, Area ratio Contribution: ,0,Perim diff: ,1.06076, Perim diff Contribution: ,0,Frontier diff: ,0, Frontier diff Contribution ,0,Inverse Area ratio: ,0.924562, Inv Area Ratio Contribution: ,0,Inverse Perim ratio: ,1.06638, Inv Perim Contribution: ,0, Final Score: ,-162.012
Point: ,114,117,Repeat score:,1, Repeat contribution: ,-1,Dist:,29.5296, Dist contribution: ,-147.648, New scanned ratio: ,0.0201498, New Scanned Cells Contribution: ,0,Area ratio: ,0.92354, Area ratio Contribution: ,0,Perim diff: ,1.06212, Perim diff Contribution: ,0,Frontier diff: ,0, Frontier diff Contribution ,0,Inverse Area ratio: ,0.924579, Inv Area Ratio Contribution: ,0,Inverse Perim ratio: ,1.06788, Inv Perim Contribution: ,0, Final Score: ,-148.648
Point: ,111,115,Repeat score:,1, Repeat contribution: ,-1,Dist:,25.8565, Dist contribution: ,-129.283, New scanned ratio: ,0.0177331, New Scanned Cells Contribution: ,0,Area ratio: ,0.927497, Area ratio Contribution: ,0,Perim diff: ,1.06197, Perim diff Contribution: ,0,Frontier diff: ,0, Frontier diff Contribution ,0,Inverse Area ratio: ,0.925932, Inv Area Ratio Contribution: ,0,Inverse Perim ratio: ,1.06682, Inv Perim Contribution: ,0, Final Score: ,-130.283
Point: ,109,115,Repeat score:,1, Repeat contribution: ,-1,Dist:,25.0711, Dist contribution: ,-125.355, New scanned ratio: ,0.0177331, New Scanned Cells Contribution: ,0,Area ratio: ,0.926931, Area ratio Contribution: ,0,Perim diff: ,1.06495, Perim diff Contribution: ,0,Frontier diff: ,0, Frontier diff Contribution ,0,Inverse Area ratio: ,0.925874, Inv Area Ratio Contribution: ,0,Inverse Perim ratio: ,1.06956, Inv Perim Contribution: ,0, Final Score: ,-126.355
Point: ,106,117,Repeat score:,1, Repeat contribution: ,-1,Dist:,26.6833, Dist contribution: ,-133.417, New scanned ratio: ,0.0203311, New Scanned Cells Contribution: ,0,Area ratio: ,0.921236, Area ratio Contribution: ,0,Perim diff: ,1.06882, Perim diff Contribution: ,0,Frontier diff: ,0, Frontier diff Contribution ,0,Inverse Area ratio: ,0.924438, Inv Area Ratio Contribution: ,0,Inverse Perim ratio: ,1.07392, Inv Perim Contribution: ,0, Final Score: ,-134.417
Point: ,101,117,Repeat score:,1, Repeat contribution: ,-1,Dist:,26.0192, Dist contribution: ,-130.096, New scanned ratio: ,0.0212978, New Scanned Cells Contribution: ,0,Area ratio: ,0.920575, Area ratio Contribution: ,0,Perim diff: ,1.07327, Perim diff Contribution: ,0,Frontier diff: ,0, Frontier diff Contribution ,0,Inverse Area ratio: ,0.923882, Inv Area Ratio Contribution: ,0,Inverse Perim ratio: ,1.07794, Inv Perim Contribution: ,0, Final Score: ,-131.096
Point: ,100,118,Repeat score:,1, Repeat contribution: ,-1,Dist:,27.3, Dist contribution: ,-136.5, New scanned ratio: ,0.0227177, New Scanned Cells Contribution: ,0,Area ratio: ,0.917896, Area ratio Contribution: ,0,Perim diff: ,1.07554, Perim diff Contribution: ,0,Frontier diff: ,0, Frontier diff Contribution ,0,Inverse Area ratio: ,0.923085, Inv Area Ratio Contribution: ,0,Inverse Perim ratio: ,1.08053, Inv Perim Contribution: ,0, Final Score: ,-137.5
Point: ,99,117,Repeat score:,1, Repeat contribution: ,-1,Dist:,26.0192, Dist contribution: ,-130.096, New scanned ratio: ,0.021902, New Scanned Cells Contribution: ,0,Area ratio: ,0.92044, Area ratio Contribution: ,0,Perim diff: ,1.0752, Perim diff Contribution: ,0,Frontier diff: ,0, Frontier diff Contribution ,0,Inverse Area ratio: ,0.923542, Inv Area Ratio Contribution: ,0,Inverse Perim ratio: ,1.07976, Inv Perim Contribution: ,0, Final Score: ,-131.096
Point: ,94,117,Repeat score:,1, Repeat contribution: ,-1,Dist:,26.6833, Dist contribution: ,-133.417, New scanned ratio: ,0.0238052, New Scanned Cells Contribution: ,0,Area ratio: ,0.920309, Area ratio Contribution: ,0,Perim diff: ,1.08262, Perim diff Contribution: ,0,Frontier diff: ,0, Frontier diff Contribution ,0,Inverse Area ratio: ,0.922421, Inv Area Ratio Contribution: ,0,Inverse Perim ratio: ,1.08627, Inv Perim Contribution: ,0, Final Score: ,-134.417
Point: ,88,114,Repeat score:,1, Repeat contribution: ,-1,Dist:,25.1478, Dist contribution: ,-125.739, New scanned ratio: ,0.0240167, New Scanned Cells Contribution: ,0,Area ratio: ,0.929286, Area ratio Contribution: ,0,Perim diff: ,1.0863, Perim diff Contribution: ,0,Frontier diff: ,0, Frontier diff Contribution ,0,Inverse Area ratio: ,0.922313, Inv Area Ratio Contribution: ,0,Inverse Perim ratio: ,1.08546, Inv Perim Contribution: ,0, Final Score: ,-126.739
Point: ,83,109,Repeat score:,1, Repeat contribution: ,-1,Dist:,23.0729, Dist contribution: ,-115.365, New scanned ratio: ,0.022053, New Scanned Cells Contribution: ,0,Area ratio: ,0.944578, Area ratio Contribution: ,0,Perim diff: ,1.06568, Perim diff Contribution: ,0,Frontier diff: ,0, Frontier diff Contribution ,0,Inverse Area ratio: ,0.923567, Inv Area Ratio Contribution: ,0,Inverse Perim ratio: ,1.0663, Inv Perim Contribution: ,0, Final Score: ,-116.365
Point: ,80,103,Repeat score:,1, Repeat contribution: ,-1,Dist:,21.4672, Dist contribution: ,-107.336, New scanned ratio: ,0.0178841, New Scanned Cells Contribution: ,0,Area ratio: ,0.961647, Area ratio Contribution: ,0,Perim diff: ,1.05619, Perim diff Contribution: ,0,Frontier diff: ,0, Frontier diff Contribution ,0,Inverse Area ratio: ,0.925932, Inv Area Ratio Contribution: ,0,Inverse Perim ratio: ,1.05602, Inv Perim Contribution: ,0, Final Score: ,-108.336
Point: ,80,98,Repeat score:,1, Repeat contribution: ,-1,Dist:,20.0422, Dist contribution: ,-100.211, New scanned ratio: ,0.0130204, New Scanned Cells Contribution: ,0,Area ratio: ,0.975078, Area ratio Contribution: ,0,Perim diff: ,1.04833, Perim diff Contribution: ,0,Frontier diff: ,0, Frontier diff Contribution ,0,Inverse Area ratio: ,0.928687, Inv Area Ratio Contribution: ,0,Inverse Perim ratio: ,1.04769, Inv Perim Contribution: ,0, Final Score: ,-101.211
Point: ,79,97,Repeat score:,1, Repeat contribution: ,-1,Dist:,21, Dist contribution: ,-105, New scanned ratio: ,0.0126881, New Scanned Cells Contribution: ,0,Area ratio: ,0.978092, Area ratio Contribution: ,0,Perim diff: ,1.04739, Perim diff Contribution: ,0,Frontier diff: ,0, Frontier diff Contribution ,0,Inverse Area ratio: ,0.928886, Inv Area Ratio Contribution: ,0,Inverse Perim ratio: ,1.04664, Inv Perim Contribution: ,0, Final Score: ,-106
Point: ,80,96,Repeat score:,1, Repeat contribution: ,-1,Dist:,20.0422, Dist contribution: ,-100.211, New scanned ratio: ,0.011238, New Scanned Cells Contribution: ,0,Area ratio: ,0.978438, Area ratio Contribution: ,0,Perim diff: ,1.04511, Perim diff Contribution: ,0,Frontier diff: ,0, Frontier diff Contribution ,0,Inverse Area ratio: ,0.929699, Inv Area Ratio Contribution: ,0,Inverse Perim ratio: ,1.04446, Inv Perim Contribution: ,0, Final Score: ,-101.211
Point: ,79,97,Repeat score:,1, Repeat contribution: ,-1,Dist:,21, Dist contribution: ,-105, New scanned ratio: ,0.0126881, New Scanned Cells Contribution: ,0,Area ratio: ,0.978092, Area ratio Contribution: ,0,Perim diff: ,1.04739, Perim diff Contribution: ,0,Frontier diff: ,0, Frontier diff Contribution ,0,Inverse Area ratio: ,0.928886, Inv Area Ratio Contribution: ,0,Inverse Perim ratio: ,1.04664, Inv Perim Contribution: ,0, Final Score: ,-106
Point: ,74,97,Repeat score:,1, Repeat contribution: ,-1,Dist:,26, Dist contribution: ,-130, New scanned ratio: ,0.0153767, New Scanned Cells Contribution: ,0,Area ratio: ,0.979001, Area ratio Contribution: ,0,Perim diff: ,1.04506, Perim diff Contribution: ,0,Frontier diff: ,0, Frontier diff Contribution ,0,Inverse Area ratio: ,0.927426, Inv Area Ratio Contribution: ,0,Inverse Perim ratio: ,1.04514, Inv Perim Contribution: ,0, Final Score: ,-131
Point: ,73,98,Repeat score:,1, Repeat contribution: ,-1,Dist:,27.0313, Dist contribution: ,-135.156, New scanned ratio: ,0.016857, New Scanned Cells Contribution: ,0,Area ratio: ,0.976445, Area ratio Contribution: ,0,Perim diff: ,1.04815, Perim diff Contribution: ,0,Frontier diff: ,0, Frontier diff Contribution ,0,Inverse Area ratio: ,0.926554, Inv Area Ratio Contribution: ,0,Inverse Perim ratio: ,1.04802, Inv Perim Contribution: ,0, Final Score: ,-136.156
Point: ,72,97,Repeat score:,1, Repeat contribution: ,-1,Dist:,28, Dist contribution: ,-140, New scanned ratio: ,0.0163434, New Scanned Cells Contribution: ,0,Area ratio: ,0.979325, Area ratio Contribution: ,0,Perim diff: ,1.04811, Perim diff Contribution: ,0,Frontier diff: ,0, Frontier diff Contribution ,0,Inverse Area ratio: ,0.926828, Inv Area Ratio Contribution: ,0,Inverse Perim ratio: ,1.04767, Inv Perim Contribution: ,0, Final Score: ,-141
Point: ,67,97,Repeat score:,1, Repeat contribution: ,-1,Dist:,33, Dist contribution: ,-165, New scanned ratio: ,0.0185789, New Scanned Cells Contribution: ,0,Area ratio: ,0.979773, Area ratio Contribution: ,0,Perim diff: ,1.0502, Perim diff Contribution: ,0,Frontier diff: ,0, Frontier diff Contribution ,0,Inverse Area ratio: ,0.925592, Inv Area Ratio Contribution: ,0,Inverse Perim ratio: ,1.04978, Inv Perim Contribution: ,0, Final Score: ,-166
Point: ,64,95,Repeat score:,1, Repeat contribution: ,-1,Dist:,36.0938, Dist contribution: ,-180.469, New scanned ratio: ,0.0174914, New Scanned Cells Contribution: ,0,Area ratio: ,0.980488, Area ratio Contribution: ,0,Perim diff: ,1.05089, Perim diff Contribution: ,0,Frontier diff: ,0, Frontier diff Contribution ,0,Inverse Area ratio: ,0.926189, Inv Area Ratio Contribution: ,0,Inverse Perim ratio: ,1.05284, Inv Perim Contribution: ,0, Final Score: ,-181.469
Point: ,61,95,Repeat score:,1, Repeat contribution: ,-1,Dist:,39.0866, Dist contribution: ,-195.433, New scanned ratio: ,0.0182466, New Scanned Cells Contribution: ,0,Area ratio: ,0.980141, Area ratio Contribution: ,0,Perim diff: ,1.05594, Perim diff Contribution: ,0,Frontier diff: ,0, Frontier diff Contribution ,0,Inverse Area ratio: ,0.925757, Inv Area Ratio Contribution: ,0,Inverse Perim ratio: ,1.05424, Inv Perim Contribution: ,0, Final Score: ,-196.433
BEST Point:,80,98, Score: ,-101.211
COUNT COMMAND: 1
Total frontiers: ,106, Prioritised frontiers: ,27
At: ,80,97,
Point: ,114,117,Repeat score:,1, Repeat contribution: ,-1,Dist:,42.8019, Dist contribution: ,-214.009, New scanned ratio: ,0.0199087, New Scanned Cells Contribution: ,0,Area ratio: ,0.934609, Area ratio Contribution: ,0,Perim diff: ,1.06521, Perim diff Contribution: ,0,Frontier diff: ,0, Frontier diff Contribution ,0,Inverse Area ratio: ,0.91789, Inv Area Ratio Contribution: ,0,Inverse Perim ratio: ,1.0675, Inv Perim Contribution: ,0, Final Score: ,-215.009
Point: ,111,115,Repeat score:,1, Repeat contribution: ,-1,Dist:,38.8402, Dist contribution: ,-194.201, New scanned ratio: ,0.0175208, New Scanned Cells Contribution: ,0,Area ratio: ,0.938696, Area ratio Contribution: ,0,Perim diff: ,1.06498, Perim diff Contribution: ,0,Frontier diff: ,0, Frontier diff Contribution ,0,Inverse Area ratio: ,0.91921, Inv Area Ratio Contribution: ,0,Inverse Perim ratio: ,1.06642, Inv Perim Contribution: ,0, Final Score: ,-195.201
Point: ,109,115,Repeat score:,1, Repeat contribution: ,-1,Dist:,37.2634, Dist contribution: ,-186.317, New scanned ratio: ,0.0175208, New Scanned Cells Contribution: ,0,Area ratio: ,0.938095, Area ratio Contribution: ,0,Perim diff: ,1.06479, Perim diff Contribution: ,0,Frontier diff: ,0, Frontier diff Contribution ,0,Inverse Area ratio: ,0.91921, Inv Area Ratio Contribution: ,0,Inverse Perim ratio: ,1.06642, Inv Perim Contribution: ,0, Final Score: ,-187.317
Point: ,106,117,Repeat score:,1, Repeat contribution: ,-1,Dist:,36.7696, Dist contribution: ,-183.848, New scanned ratio: ,0.0199087, New Scanned Cells Contribution: ,0,Area ratio: ,0.932208, Area ratio Contribution: ,0,Perim diff: ,1.06451, Perim diff Contribution: ,0,Frontier diff: ,0, Frontier diff Contribution ,0,Inverse Area ratio: ,0.917907, Inv Area Ratio Contribution: ,0,Inverse Perim ratio: ,1.06761, Inv Perim Contribution: ,0, Final Score: ,-184.848
Point: ,101,117,Repeat score:,1, Repeat contribution: ,-1,Dist:,33.4215, Dist contribution: ,-167.108, New scanned ratio: ,0.0199087, New Scanned Cells Contribution: ,0,Area ratio: ,0.930758, Area ratio Contribution: ,0,Perim diff: ,1.0621, Perim diff Contribution: ,0,Frontier diff: ,0, Frontier diff Contribution ,0,Inverse Area ratio: ,0.917907, Inv Area Ratio Contribution: ,0,Inverse Perim ratio: ,1.06616, Inv Perim Contribution: ,0, Final Score: ,-168.108
Point: ,100,118,Repeat score:,1, Repeat contribution: ,-1,Dist:,33.8421, Dist contribution: ,-169.211, New scanned ratio: ,0.0211026, New Scanned Cells Contribution: ,0,Area ratio: ,0.927857, Area ratio Contribution: ,0,Perim diff: ,1.06342, Perim diff Contribution: ,0,Frontier diff: ,0, Frontier diff Contribution ,0,Inverse Area ratio: ,0.917234, Inv Area Ratio Contribution: ,0,Inverse Perim ratio: ,1.06798, Inv Perim Contribution: ,0, Final Score: ,-170.211
Point: ,99,117,Repeat score:,1, Repeat contribution: ,-1,Dist:,32.2025, Dist contribution: ,-161.012, New scanned ratio: ,0.0199087, New Scanned Cells Contribution: ,0,Area ratio: ,0.930092, Area ratio Contribution: ,0,Perim diff: ,1.06184, Perim diff Contribution: ,0,Frontier diff: ,0, Frontier diff Contribution ,0,Inverse Area ratio: ,0.917907, Inv Area Ratio Contribution: ,0,Inverse Perim ratio: ,1.06616, Inv Perim Contribution: ,0, Final Score: ,-162.012
Point: ,94,117,Repeat score:,1, Repeat contribution: ,-1,Dist:,29.5296, Dist contribution: ,-147.648, New scanned ratio: ,0.0199087, New Scanned Cells Contribution: ,0,Area ratio: ,0.928211, Area ratio Contribution: ,0,Perim diff: ,1.06294, Perim diff Contribution: ,0,Frontier diff: ,0, Frontier diff Contribution ,0,Inverse Area ratio: ,0.917923, Inv Area Ratio Contribution: ,0,Inverse Perim ratio: ,1.06766, Inv Perim Contribution: ,0, Final Score: ,-148.648
Point: ,91,115,Repeat score:,1, Repeat contribution: ,-1,Dist:,25.8565, Dist contribution: ,-129.283, New scanned ratio: ,0.0175208, New Scanned Cells Contribution: ,0,Area ratio: ,0.93225, Area ratio Contribution: ,0,Perim diff: ,1.06281, Perim diff Contribution: ,0,Frontier diff: ,0, Frontier diff Contribution ,0,Inverse Area ratio: ,0.919276, Inv Area Ratio Contribution: ,0,Inverse Perim ratio: ,1.0666, Inv Perim Contribution: ,0, Final Score: ,-130.283
Point: ,89,115,Repeat score:,1, Repeat contribution: ,-1,Dist:,25.0711, Dist contribution: ,-125.355, New scanned ratio: ,0.0175208, New Scanned Cells Contribution: ,0,Area ratio: ,0.93153, Area ratio Contribution: ,0,Perim diff: ,1.06568, Perim diff Contribution: ,0,Frontier diff: ,0, Frontier diff Contribution ,0,Inverse Area ratio: ,0.919218, Inv Area Ratio Contribution: ,0,Inverse Perim ratio: ,1.06934, Inv Perim Contribution: ,0, Final Score: ,-126.355
Point: ,86,117,Repeat score:,1, Repeat contribution: ,-1,Dist:,26.6833, Dist contribution: ,-133.417, New scanned ratio: ,0.0200878, New Scanned Cells Contribution: ,0,Area ratio: ,0.925302, Area ratio Contribution: ,0,Perim diff: ,1.06915, Perim diff Contribution: ,0,Frontier diff: ,0, Frontier diff Contribution ,0,Inverse Area ratio: ,0.917782, Inv Area Ratio Contribution: ,0,Inverse Perim ratio: ,1.07369, Inv Perim Contribution: ,0, Final Score: ,-134.417
Point: ,81,117,Repeat score:,1, Repeat contribution: ,-1,Dist:,26.0192, Dist contribution: ,-130.096, New scanned ratio: ,0.0210429, New Scanned Cells Contribution: ,0,Area ratio: ,0.924261, Area ratio Contribution: ,0,Perim diff: ,1.07323, Perim diff Contribution: ,0,Frontier diff: ,0, Frontier diff Contribution ,0,Inverse Area ratio: ,0.917226, Inv Area Ratio Contribution: ,0,Inverse Perim ratio: ,1.07772, Inv Perim Contribution: ,0, Final Score: ,-131.096
Point: ,80,118,Repeat score:,1, Repeat contribution: ,-1,Dist:,27.3, Dist contribution: ,-136.5, New scanned ratio: ,0.0224458, New Scanned Cells Contribution: ,0,Area ratio: ,0.921512, Area ratio Contribution: ,0,Perim diff: ,1.0753, Perim diff Contribution: ,0,Frontier diff: ,0, Frontier diff Contribution ,0,Inverse Area ratio: ,0.916429, Inv Area Ratio Contribution: ,0,Inverse Perim ratio: ,1.08031, Inv Perim Contribution: ,0, Final Score: ,-137.5
Point: ,79,117,Repeat score:,1, Repeat contribution: ,-1,Dist:,26.0192, Dist contribution: ,-130.096, New scanned ratio: ,0.0216399, New Scanned Cells Contribution: ,0,Area ratio: ,0.924048, Area ratio Contribution: ,0,Perim diff: ,1.075, Perim diff Contribution: ,0,Frontier diff: ,0, Frontier diff Contribution ,0,Inverse Area ratio: ,0.916886, Inv Area Ratio Contribution: ,0,Inverse Perim ratio: ,1.07954, Inv Perim Contribution: ,0, Final Score: ,-131.096
Point: ,74,117,Repeat score:,1, Repeat contribution: ,-1,Dist:,26.6833, Dist contribution: ,-133.417, New scanned ratio: ,0.0235203, New Scanned Cells Contribution: ,0,Area ratio: ,0.923912, Area ratio Contribution: ,0,Perim diff: ,1.08195, Perim diff Contribution: ,0,Frontier diff: ,0, Frontier diff Contribution ,0,Inverse Area ratio: ,0.915766, Inv Area Ratio Contribution: ,0,Inverse Perim ratio: ,1.08605, Inv Perim Contribution: ,0, Final Score: ,-134.417
Point: ,68,114,Repeat score:,1, Repeat contribution: ,-1,Dist:,25.1478, Dist contribution: ,-125.739, New scanned ratio: ,0.0237292, New Scanned Cells Contribution: ,0,Area ratio: ,0.932864, Area ratio Contribution: ,0,Perim diff: ,1.08769, Perim diff Contribution: ,0,Frontier diff: ,0, Frontier diff Contribution ,0,Inverse Area ratio: ,0.915624, Inv Area Ratio Contribution: ,0,Inverse Perim ratio: ,1.08981, Inv Perim Contribution: ,0, Final Score: ,-126.739
Point: ,63,109,Repeat score:,1, Repeat contribution: ,-1,Dist:,23.0729, Dist contribution: ,-115.365, New scanned ratio: ,0.0221473, New Scanned Cells Contribution: ,0,Area ratio: ,0.948433, Area ratio Contribution: ,0,Perim diff: ,1.06484, Perim diff Contribution: ,0,Frontier diff: ,0, Frontier diff Contribution ,0,Inverse Area ratio: ,0.91667, Inv Area Ratio Contribution: ,0,Inverse Perim ratio: ,1.06866, Inv Perim Contribution: ,0, Final Score: ,-116.365
Point: ,60,103,Repeat score:,1, Repeat contribution: ,-1,Dist:,21.4672, Dist contribution: ,-107.336, New scanned ratio: ,0.0182073, New Scanned Cells Contribution: ,0,Area ratio: ,0.966019, Area ratio Contribution: ,0,Perim diff: ,1.05182, Perim diff Contribution: ,0,Frontier diff: ,0, Frontier diff Contribution ,0,Inverse Area ratio: ,0.91901, Inv Area Ratio Contribution: ,0,Inverse Perim ratio: ,1.05492, Inv Perim Contribution: ,0, Final Score: ,-108.336
Point: ,60,98,Repeat score:,1, Repeat contribution: ,-1,Dist:,20.0422, Dist contribution: ,-100.211, New scanned ratio: ,0.0133719, New Scanned Cells Contribution: ,0,Area ratio: ,0.980252, Area ratio Contribution: ,0,Perim diff: ,1.04636, Perim diff Contribution: ,0,Frontier diff: ,0, Frontier diff Contribution ,0,Inverse Area ratio: ,0.921766, Inv Area Ratio Contribution: ,0,Inverse Perim ratio: ,1.04782, Inv Perim Contribution: ,0, Final Score: ,-101.211
Point: ,59,97,Repeat score:,1, Repeat contribution: ,-1,Dist:,21, Dist contribution: ,-105, New scanned ratio: ,0.0130436, New Scanned Cells Contribution: ,0,Area ratio: ,0.983349, Area ratio Contribution: ,0,Perim diff: ,1.04551, Perim diff Contribution: ,0,Frontier diff: ,0, Frontier diff Contribution ,0,Inverse Area ratio: ,0.921965, Inv Area Ratio Contribution: ,0,Inverse Perim ratio: ,1.04678, Inv Perim Contribution: ,0, Final Score: ,-106
Point: ,60,96,Repeat score:,1, Repeat contribution: ,-1,Dist:,20.0422, Dist contribution: ,-100.211, New scanned ratio: ,0.0116109, New Scanned Cells Contribution: ,0,Area ratio: ,0.983499, Area ratio Contribution: ,0,Perim diff: ,1.04346, Perim diff Contribution: ,0,Frontier diff: ,0, Frontier diff Contribution ,0,Inverse Area ratio: ,0.922778, Inv Area Ratio Contribution: ,0,Inverse Perim ratio: ,1.04459, Inv Perim Contribution: ,0, Final Score: ,-101.211
Point: ,55,96,Repeat score:,1, Repeat contribution: ,-1,Dist:,25.0338, Dist contribution: ,-125.169, New scanned ratio: ,0.0142077, New Scanned Cells Contribution: ,0,Area ratio: ,0.984104, Area ratio Contribution: ,0,Perim diff: ,1.04214, Perim diff Contribution: ,0,Frontier diff: ,0, Frontier diff Contribution ,0,Inverse Area ratio: ,0.921309, Inv Area Ratio Contribution: ,0,Inverse Perim ratio: ,1.0441, Inv Perim Contribution: ,0, Final Score: ,-126.169
Point: ,54,97,Repeat score:,1, Repeat contribution: ,-1,Dist:,26, Dist contribution: ,-130, New scanned ratio: ,0.0156702, New Scanned Cells Contribution: ,0,Area ratio: ,0.983766, Area ratio Contribution: ,0,Perim diff: ,1.04482, Perim diff Contribution: ,0,Frontier diff: ,0, Frontier diff Contribution ,0,Inverse Area ratio: ,0.920504, Inv Area Ratio Contribution: ,0,Inverse Perim ratio: ,1.04686, Inv Perim Contribution: ,0, Final Score: ,-131
Point: ,53,96,Repeat score:,1, Repeat contribution: ,-1,Dist:,27.0313, Dist contribution: ,-135.156, New scanned ratio: ,0.0151927, New Scanned Cells Contribution: ,0,Area ratio: ,0.984206, Area ratio Contribution: ,0,Perim diff: ,1.04285, Perim diff Contribution: ,0,Frontier diff: ,0, Frontier diff Contribution ,0,Inverse Area ratio: ,0.920762, Inv Area Ratio Contribution: ,0,Inverse Perim ratio: ,1.04492, Inv Perim Contribution: ,0, Final Score: ,-136.156
Point: ,48,96,Repeat score:,1, Repeat contribution: ,-1,Dist:,32.0264, Dist contribution: ,-160.132, New scanned ratio: ,0.0174014, New Scanned Cells Contribution: ,0,Area ratio: ,0.984226, Area ratio Contribution: ,0,Perim diff: ,1.04654, Perim diff Contribution: ,0,Frontier diff: ,0, Frontier diff Contribution ,0,Inverse Area ratio: ,0.9195, Inv Area Ratio Contribution: ,0,Inverse Perim ratio: ,1.04868, Inv Perim Contribution: ,0, Final Score: ,-161.132
Point: ,45,94,Repeat score:,1, Repeat contribution: ,-1,Dist:,35.2166, Dist contribution: ,-176.083, New scanned ratio: ,0.0164164, New Scanned Cells Contribution: ,0,Area ratio: ,0.984542, Area ratio Contribution: ,0,Perim diff: ,1.04782, Perim diff Contribution: ,0,Frontier diff: ,0, Frontier diff Contribution ,0,Inverse Area ratio: ,0.920031, Inv Area Ratio Contribution: ,0,Inverse Perim ratio: ,1.04926, Inv Perim Contribution: ,0, Final Score: ,-177.083
Point: ,41,96,Repeat score:,1, Repeat contribution: ,-1,Dist:,39.0217, Dist contribution: ,-195.108, New scanned ratio: ,0.0198191, New Scanned Cells Contribution: ,0,Area ratio: ,0.983532, Area ratio Contribution: ,0,Perim diff: ,1.05437, Perim diff Contribution: ,0,Frontier diff: ,0, Frontier diff Contribution ,0,Inverse Area ratio: ,0.918073, Inv Area Ratio Contribution: ,0,Inverse Perim ratio: ,1.05635, Inv Perim Contribution: ,0, Final Score: ,-196.108
BEST Point:,60,98, Score: ,-101.211
COUNT COMMAND: 1
Total frontiers: ,107, Prioritised frontiers: ,28
At: ,60,97,
Point: ,94,117,Repeat score:,1, Repeat contribution: ,-1,Dist:,42.8019, Dist contribution: ,-214.009, New scanned ratio: ,0.0196633, New Scanned Cells Contribution: ,0,Area ratio: ,0.9397, Area ratio Contribution: ,0,Perim diff: ,1.06296, Perim diff Contribution: ,0,Frontier diff: ,0, Frontier diff Contribution ,0,Inverse Area ratio: ,0.910969, Inv Area Ratio Contribution: ,0,Inverse Perim ratio: ,1.06763, Inv Perim Contribution: ,0, Final Score: ,-215.009
Point: ,91,115,Repeat score:,1, Repeat contribution: ,-1,Dist:,38.8402, Dist contribution: ,-194.201, New scanned ratio: ,0.0173049, New Scanned Cells Contribution: ,0,Area ratio: ,0.943871, Area ratio Contribution: ,0,Perim diff: ,1.06276, Perim diff Contribution: ,0,Frontier diff: ,0, Frontier diff Contribution ,0,Inverse Area ratio: ,0.912288, Inv Area Ratio Contribution: ,0,Inverse Perim ratio: ,1.06656, Inv Perim Contribution: ,0, Final Score: ,-195.201
Point: ,89,115,Repeat score:,1, Repeat contribution: ,-1,Dist:,37.2634, Dist contribution: ,-186.317, New scanned ratio: ,0.0173049, New Scanned Cells Contribution: ,0,Area ratio: ,0.943114, Area ratio Contribution: ,0,Perim diff: ,1.06246, Perim diff Contribution: ,0,Frontier diff: ,0, Frontier diff Contribution ,0,Inverse Area ratio: ,0.912288, Inv Area Ratio Contribution: ,0,Inverse Perim ratio: ,1.06656, Inv Perim Contribution: ,0, Final Score: ,-187.317
Point: ,86,117,Repeat score:,1, Repeat contribution: ,-1,Dist:,36.7696, Dist contribution: ,-183.848, New scanned ratio: ,0.0196633, New Scanned Cells Contribution: ,0,Area ratio: ,0.936686, Area ratio Contribution: ,0,Perim diff: ,1.06179, Perim diff Contribution: ,0,Frontier diff: ,0, Frontier diff Contribution ,0,Inverse Area ratio: ,0.910985, Inv Area Ratio Contribution: ,0,Inverse Perim ratio: ,1.06775, Inv Perim Contribution: ,0, Final Score: ,-184.848
Point: ,81,117,Repeat score:,1, Repeat contribution: ,-1,Dist:,33.4215, Dist contribution: ,-167.108, New scanned ratio: ,0.0196633, New Scanned Cells Contribution: ,0,Area ratio: ,0.934856, Area ratio Contribution: ,0,Perim diff: ,1.05904, Perim diff Contribution: ,0,Frontier diff: ,0, Frontier diff Contribution ,0,Inverse Area ratio: ,0.910985, Inv Area Ratio Contribution: ,0,Inverse Perim ratio: ,1.06629, Inv Perim Contribution: ,0, Final Score: ,-168.108
Point: ,80,118,Repeat score:,1, Repeat contribution: ,-1,Dist:,33.8421, Dist contribution: ,-169.211, New scanned ratio: ,0.0208425, New Scanned Cells Contribution: ,0,Area ratio: ,0.931884, Area ratio Contribution: ,0,Perim diff: ,1.06017, Perim diff Contribution: ,0,Frontier diff: ,0, Frontier diff Contribution ,0,Inverse Area ratio: ,0.910313, Inv Area Ratio Contribution: ,0,Inverse Perim ratio: ,1.06811, Inv Perim Contribution: ,0, Final Score: ,-170.211
Point: ,79,117,Repeat score:,1, Repeat contribution: ,-1,Dist:,32.2025, Dist contribution: ,-161.012, New scanned ratio: ,0.0196633, New Scanned Cells Contribution: ,0,Area ratio: ,0.934116, Area ratio Contribution: ,0,Perim diff: ,1.05863, Perim diff Contribution: ,0,Frontier diff: ,0, Frontier diff Contribution ,0,Inverse Area ratio: ,0.910985, Inv Area Ratio Contribution: ,0,Inverse Perim ratio: ,1.06629, Inv Perim Contribution: ,0, Final Score: ,-162.012
Point: ,74,117,Repeat score:,1, Repeat contribution: ,-1,Dist:,29.5296, Dist contribution: ,-147.648, New scanned ratio: ,0.0196633, New Scanned Cells Contribution: ,0,Area ratio: ,0.932242, Area ratio Contribution: ,0,Perim diff: ,1.05929, Perim diff Contribution: ,0,Frontier diff: ,0, Frontier diff Contribution ,0,Inverse Area ratio: ,0.911002, Inv Area Ratio Contribution: ,0,Inverse Perim ratio: ,1.06779, Inv Perim Contribution: ,0, Final Score: ,-148.648
Point: ,71,115,Repeat score:,1, Repeat contribution: ,-1,Dist:,25.8565, Dist contribution: ,-129.283, New scanned ratio: ,0.0173049, New Scanned Cells Contribution: ,0,Area ratio: ,0.936275, Area ratio Contribution: ,0,Perim diff: ,1.05915, Perim diff Contribution: ,0,Frontier diff: ,0, Frontier diff Contribution ,0,Inverse Area ratio: ,0.912355, Inv Area Ratio Contribution: ,0,Inverse Perim ratio: ,1.06673, Inv Perim Contribution: ,0, Final Score: ,-130.283
Point: ,69,115,Repeat score:,1, Repeat contribution: ,-1,Dist:,25.0711, Dist contribution: ,-125.355, New scanned ratio: ,0.0173049, New Scanned Cells Contribution: ,0,Area ratio: ,0.935558, Area ratio Contribution: ,0,Perim diff: ,1.06181, Perim diff Contribution: ,0,Frontier diff: ,0, Frontier diff Contribution ,0,Inverse Area ratio: ,0.912297, Inv Area Ratio Contribution: ,0,Inverse Perim ratio: ,1.06947, Inv Perim Contribution: ,0, Final Score: ,-126.355
Point: ,66,117,Repeat score:,1, Repeat contribution: ,-1,Dist:,26.6833, Dist contribution: ,-133.417, New scanned ratio: ,0.0198402, New Scanned Cells Contribution: ,0,Area ratio: ,0.929343, Area ratio Contribution: ,0,Perim diff: ,1.06463, Perim diff Contribution: ,0,Frontier diff: ,0, Frontier diff Contribution ,0,Inverse Area ratio: ,0.910861, Inv Area Ratio Contribution: ,0,Inverse Perim ratio: ,1.07383, Inv Perim Contribution: ,0, Final Score: ,-134.417
Point: ,61,117,Repeat score:,1, Repeat contribution: ,-1,Dist:,26.0192, Dist contribution: ,-130.096, New scanned ratio: ,0.0207836, New Scanned Cells Contribution: ,0,Area ratio: ,0.928302, Area ratio Contribution: ,0,Perim diff: ,1.06803, Perim diff Contribution: ,0,Frontier diff: ,0, Frontier diff Contribution ,0,Inverse Area ratio: ,0.910305, Inv Area Ratio Contribution: ,0,Inverse Perim ratio: ,1.07785, Inv Perim Contribution: ,0, Final Score: ,-131.096
Point: ,60,118,Repeat score:,1, Repeat contribution: ,-1,Dist:,27.3, Dist contribution: ,-136.5, New scanned ratio: ,0.0221692, New Scanned Cells Contribution: ,0,Area ratio: ,0.925557, Area ratio Contribution: ,0,Perim diff: ,1.06977, Perim diff Contribution: ,0,Frontier diff: ,0, Frontier diff Contribution ,0,Inverse Area ratio: ,0.909508, Inv Area Ratio Contribution: ,0,Inverse Perim ratio: ,1.08045, Inv Perim Contribution: ,0, Final Score: ,-137.5
Point: ,59,117,Repeat score:,1, Repeat contribution: ,-1,Dist:,26.0192, Dist contribution: ,-130.096, New scanned ratio: ,0.0213732, New Scanned Cells Contribution: ,0,Area ratio: ,0.928087, Area ratio Contribution: ,0,Perim diff: ,1.0695, Perim diff Contribution: ,0,Frontier diff: ,0, Frontier diff Contribution ,0,Inverse Area ratio: ,0.909965, Inv Area Ratio Contribution: ,0,Inverse Perim ratio: ,1.07967, Inv Perim Contribution: ,0, Final Score: ,-131.096
Point: ,54,117,Repeat score:,1, Repeat contribution: ,-1,Dist:,26.6833, Dist contribution: ,-133.417, New scanned ratio: ,0.0232304, New Scanned Cells Contribution: ,0,Area ratio: ,0.927543, Area ratio Contribution: ,0,Perim diff: ,1.07557, Perim diff Contribution: ,0,Frontier diff: ,0, Frontier diff Contribution ,0,Inverse Area ratio: ,0.908844, Inv Area Ratio Contribution: ,0,Inverse Perim ratio: ,1.08618, Inv Perim Contribution: ,0, Final Score: ,-134.417
Point: ,48,114,Repeat score:,1, Repeat contribution: ,-1,Dist:,25.1478, Dist contribution: ,-125.739, New scanned ratio: ,0.0234368, New Scanned Cells Contribution: ,0,Area ratio: ,0.936148, Area ratio Contribution: ,0,Perim diff: ,1.08068, Perim diff Contribution: ,0,Frontier diff: ,0, Frontier diff Contribution ,0,Inverse Area ratio: ,0.908703, Inv Area Ratio Contribution: ,0,Inverse Perim ratio: ,1.08994, Inv Perim Contribution: ,0, Final Score: ,-126.739
Point: ,43,109,Repeat score:,1, Repeat contribution: ,-1,Dist:,23.0729, Dist contribution: ,-115.365, New scanned ratio: ,0.0218744, New Scanned Cells Contribution: ,0,Area ratio: ,0.951681, Area ratio Contribution: ,0,Perim diff: ,1.05987, Perim diff Contribution: ,0,Frontier diff: ,0, Frontier diff Contribution ,0,Inverse Area ratio: ,0.90974, Inv Area Ratio Contribution: ,0,Inverse Perim ratio: ,1.07033, Inv Perim Contribution: ,0, Final Score: ,-116.365
Point: ,40,103,Repeat score:,1, Repeat contribution: ,-1,Dist:,21.4672, Dist contribution: ,-107.336, New scanned ratio: ,0.0180714, New Scanned Cells Contribution: ,0,Area ratio: ,0.969305, Area ratio Contribution: ,0,Perim diff: ,1.04694, Perim diff Contribution: ,0,Frontier diff: ,0, Frontier diff Contribution ,0,Inverse Area ratio: ,0.912006, Inv Area Ratio Contribution: ,0,Inverse Perim ratio: ,1.05593, Inv Perim Contribution: ,0, Final Score: ,-108.336
Point: ,40,98,Repeat score:,1, Repeat contribution: ,-1,Dist:,20.0422, Dist contribution: ,-100.211, New scanned ratio: ,0.0133251, New Scanned Cells Contribution: ,0,Area ratio: ,0.983928, Area ratio Contribution: ,0,Perim diff: ,1.04339, Perim diff Contribution: ,0,Frontier diff: ,0, Frontier diff Contribution ,0,Inverse Area ratio: ,0.914761, Inv Area Ratio Contribution: ,0,Inverse Perim ratio: ,1.04919, Inv Perim Contribution: ,0, Final Score: ,-101.211
Point: ,39,97,Repeat score:,1, Repeat contribution: ,-1,Dist:,21, Dist contribution: ,-105, New scanned ratio: ,0.0130303, New Scanned Cells Contribution: ,0,Area ratio: ,0.987069, Area ratio Contribution: ,0,Perim diff: ,1.04219, Perim diff Contribution: ,0,Frontier diff: ,0, Frontier diff Contribution ,0,Inverse Area ratio: ,0.914927, Inv Area Ratio Contribution: ,0,Inverse Perim ratio: ,1.04779, Inv Perim Contribution: ,0, Final Score: ,-106
Point: ,40,96,Repeat score:,1, Repeat contribution: ,-1,Dist:,20.0422, Dist contribution: ,-100.211, New scanned ratio: ,0.0115857, New Scanned Cells Contribution: ,0,Area ratio: ,0.98705, Area ratio Contribution: ,0,Perim diff: ,1.04263, Perim diff Contribution: ,0,Frontier diff: ,0, Frontier diff Contribution ,0,Inverse Area ratio: ,0.915757, Inv Area Ratio Contribution: ,0,Inverse Perim ratio: ,1.04719, Inv Perim Contribution: ,0, Final Score: ,-101.211
Point: ,36,96,Repeat score:,1, Repeat contribution: ,-1,Dist:,24.0352, Dist contribution: ,-120.176, New scanned ratio: ,0.0137968, New Scanned Cells Contribution: ,0,Area ratio: ,0.987408, Area ratio Contribution: ,0,Perim diff: ,1.0387, Perim diff Contribution: ,0,Frontier diff: ,0, Frontier diff Contribution ,0,Inverse Area ratio: ,0.914529, Inv Area Ratio Contribution: ,0,Inverse Perim ratio: ,1.04523, Inv Perim Contribution: ,0, Final Score: ,-121.176
Point: ,35,97,Repeat score:,1, Repeat contribution: ,-1,Dist:,25, Dist contribution: ,-125, New scanned ratio: ,0.0152413, New Scanned Cells Contribution: ,0,Area ratio: ,0.987183, Area ratio Contribution: ,0,Perim diff: ,1.04011, Perim diff Contribution: ,0,Frontier diff: ,0, Frontier diff Contribution ,0,Inverse Area ratio: ,0.913682, Inv Area Ratio Contribution: ,0,Inverse Perim ratio: ,1.04741, Inv Perim Contribution: ,0, Final Score: ,-126
Point: ,34,96,Repeat score:,1, Repeat contribution: ,-1,Dist:,26.0325, Dist contribution: ,-130.162, New scanned ratio: ,0.0148286, New Scanned Cells Contribution: ,0,Area ratio: ,0.987321, Area ratio Contribution: ,0,Perim diff: ,1.03989, Perim diff Contribution: ,0,Frontier diff: ,0, Frontier diff Contribution ,0,Inverse Area ratio: ,0.913931, Inv Area Ratio Contribution: ,0,Inverse Perim ratio: ,1.04682, Inv Perim Contribution: ,0, Final Score: ,-131.162
Point: ,29,96,Repeat score:,1, Repeat contribution: ,-1,Dist:,31.0272, Dist contribution: ,-155.136, New scanned ratio: ,0.0172165, New Scanned Cells Contribution: ,0,Area ratio: ,0.987037, Area ratio Contribution: ,0,Perim diff: ,1.04077, Perim diff Contribution: ,0,Frontier diff: ,0, Frontier diff Contribution ,0,Inverse Area ratio: ,0.912546, Inv Area Ratio Contribution: ,0,Inverse Perim ratio: ,1.04974, Inv Perim Contribution: ,0, Final Score: ,-156.136
Point: ,26,94,Repeat score:,1, Repeat contribution: ,-1,Dist:,34.2229, Dist contribution: ,-171.115, New scanned ratio: ,0.01645, New Scanned Cells Contribution: ,0,Area ratio: ,0.986712, Area ratio Contribution: ,0,Perim diff: ,1.04216, Perim diff Contribution: ,0,Frontier diff: ,0, Frontier diff Contribution ,0,Inverse Area ratio: ,0.912969, Inv Area Ratio Contribution: ,0,Inverse Perim ratio: ,1.05083, Inv Perim Contribution: ,0, Final Score: ,-172.115
Point: ,23,94,Repeat score:,1, Repeat contribution: ,-1,Dist:,37.205, Dist contribution: ,-186.025, New scanned ratio: ,0.0175702, New Scanned Cells Contribution: ,0,Area ratio: ,0.985971, Area ratio Contribution: ,0,Perim diff: ,1.04616, Perim diff Contribution: ,0,Frontier diff: ,0, Frontier diff Contribution ,0,Inverse Area ratio: ,0.912305, Inv Area Ratio Contribution: ,0,Inverse Perim ratio: ,1.05597, Inv Perim Contribution: ,0, Final Score: ,-187.025
Point: ,22,95,Repeat score:,1, Repeat contribution: ,-1,Dist:,38.0888, Dist contribution: ,-190.444, New scanned ratio: ,0.0190442, New Scanned Cells Contribution: ,0,Area ratio: ,0.985649, Area ratio Contribution: ,0,Perim diff: ,1.047, Perim diff Contribution: ,0,Frontier diff: ,0, Frontier diff Contribution ,0,Inverse Area ratio: ,0.911458, Inv Area Ratio Contribution: ,0,Inverse Perim ratio: ,1.05848, Inv Perim Contribution: ,0, Final Score: ,-191.444
BEST Point:,40,98, Score: ,-101.211
COUNT COMMAND: 1
Total frontiers: ,107, Prioritised frontiers: ,26
At: ,40,97,
Point: ,74,117,Repeat score:,1, Repeat contribution: ,-1,Dist:,42.8019, Dist contribution: ,-214.009, New scanned ratio: ,0.0194217, New Scanned Cells Contribution: ,0,Area ratio: ,0.94034, Area ratio Contribution: ,0,Perim diff: ,1.05989, Perim diff Contribution: ,0,Frontier diff: ,0, Frontier diff Contribution ,0,Inverse Area ratio: ,0.903948, Inv Area Ratio Contribution: ,0,Inverse Perim ratio: ,1.06865, Inv Perim Contribution: ,0, Final Score: ,-215.009
Point: ,71,115,Repeat score:,1, Repeat contribution: ,-1,Dist:,38.8402, Dist contribution: ,-194.201, New scanned ratio: ,0.0170923, New Scanned Cells Contribution: ,0,Area ratio: ,0.9447, Area ratio Contribution: ,0,Perim diff: ,1.05967, Perim diff Contribution: ,0,Frontier diff: ,0, Frontier diff Contribution ,0,Inverse Area ratio: ,0.905267, Inv Area Ratio Contribution: ,0,Inverse Perim ratio: ,1.06757, Inv Perim Contribution: ,0, Final Score: ,-195.201
Point: ,69,115,Repeat score:,1, Repeat contribution: ,-1,Dist:,37.2634, Dist contribution: ,-186.317, New scanned ratio: ,0.0170923, New Scanned Cells Contribution: ,0,Area ratio: ,0.944519, Area ratio Contribution: ,0,Perim diff: ,1.0593, Perim diff Contribution: ,0,Frontier diff: ,0, Frontier diff Contribution ,0,Inverse Area ratio: ,0.905267, Inv Area Ratio Contribution: ,0,Inverse Perim ratio: ,1.06757, Inv Perim Contribution: ,0, Final Score: ,-187.317
Point: ,66,117,Repeat score:,1, Repeat contribution: ,-1,Dist:,36.7696, Dist contribution: ,-183.848, New scanned ratio: ,0.0194217, New Scanned Cells Contribution: ,0,Area ratio: ,0.939598, Area ratio Contribution: ,0,Perim diff: ,1.05831, Perim diff Contribution: ,0,Frontier diff: ,0, Frontier diff Contribution ,0,Inverse Area ratio: ,0.903964, Inv Area Ratio Contribution: ,0,Inverse Perim ratio: ,1.06876, Inv Perim Contribution: ,0, Final Score: ,-184.848
Point: ,61,117,Repeat score:,1, Repeat contribution: ,-1,Dist:,33.4215, Dist contribution: ,-167.108, New scanned ratio: ,0.0194217, New Scanned Cells Contribution: ,0,Area ratio: ,0.93895, Area ratio Contribution: ,0,Perim diff: ,1.055, Perim diff Contribution: ,0,Frontier diff: ,0, Frontier diff Contribution ,0,Inverse Area ratio: ,0.903964, Inv Area Ratio Contribution: ,0,Inverse Perim ratio: ,1.0673, Inv Perim Contribution: ,0, Final Score: ,-168.108
Point: ,60,118,Repeat score:,1, Repeat contribution: ,-1,Dist:,33.8421, Dist contribution: ,-169.211, New scanned ratio: ,0.0205864, New Scanned Cells Contribution: ,0,Area ratio: ,0.935983, Area ratio Contribution: ,0,Perim diff: ,1.0558, Perim diff Contribution: ,0,Frontier diff: ,0, Frontier diff Contribution ,0,Inverse Area ratio: ,0.903292, Inv Area Ratio Contribution: ,0,Inverse Perim ratio: ,1.06912, Inv Perim Contribution: ,0, Final Score: ,-170.211
Point: ,59,117,Repeat score:,1, Repeat contribution: ,-1,Dist:,32.2025, Dist contribution: ,-161.012, New scanned ratio: ,0.0194217, New Scanned Cells Contribution: ,0,Area ratio: ,0.938212, Area ratio Contribution: ,0,Perim diff: ,1.05429, Perim diff Contribution: ,0,Frontier diff: ,0, Frontier diff Contribution ,0,Inverse Area ratio: ,0.903964, Inv Area Ratio Contribution: ,0,Inverse Perim ratio: ,1.0673, Inv Perim Contribution: ,0, Final Score: ,-162.012
Point: ,54,117,Repeat score:,1, Repeat contribution: ,-1,Dist:,29.5296, Dist contribution: ,-147.648, New scanned ratio: ,0.0194217, New Scanned Cells Contribution: ,0,Area ratio: ,0.935939, Area ratio Contribution: ,0,Perim diff: ,1.05413, Perim diff Contribution: ,0,Frontier diff: ,0, Frontier diff Contribution ,0,Inverse Area ratio: ,0.903981, Inv Area Ratio Contribution: ,0,Inverse Perim ratio: ,1.06881, Inv Perim Contribution: ,0, Final Score: ,-148.648
Point: ,51,115,Repeat score:,1, Repeat contribution: ,-1,Dist:,25.8565, Dist contribution: ,-129.283, New scanned ratio: ,0.0170923, New Scanned Cells Contribution: ,0,Area ratio: ,0.939861, Area ratio Contribution: ,0,Perim diff: ,1.05381, Perim diff Contribution: ,0,Frontier diff: ,0, Frontier diff Contribution ,0,Inverse Area ratio: ,0.905334, Inv Area Ratio Contribution: ,0,Inverse Perim ratio: ,1.06774, Inv Perim Contribution: ,0, Final Score: ,-130.283
Point: ,49,115,Repeat score:,1, Repeat contribution: ,-1,Dist:,25.0711, Dist contribution: ,-125.355, New scanned ratio: ,0.0170923, New Scanned Cells Contribution: ,0,Area ratio: ,0.938943, Area ratio Contribution: ,0,Perim diff: ,1.05605, Perim diff Contribution: ,0,Frontier diff: ,0, Frontier diff Contribution ,0,Inverse Area ratio: ,0.905276, Inv Area Ratio Contribution: ,0,Inverse Perim ratio: ,1.07048, Inv Perim Contribution: ,0, Final Score: ,-126.355
Point: ,46,117,Repeat score:,1, Repeat contribution: ,-1,Dist:,26.6833, Dist contribution: ,-133.417, New scanned ratio: ,0.0195964, New Scanned Cells Contribution: ,0,Area ratio: ,0.932249, Area ratio Contribution: ,0,Perim diff: ,1.05778, Perim diff Contribution: ,0,Frontier diff: ,0, Frontier diff Contribution ,0,Inverse Area ratio: ,0.90384, Inv Area Ratio Contribution: ,0,Inverse Perim ratio: ,1.07484, Inv Perim Contribution: ,0, Final Score: ,-134.417
Point: ,41,117,Repeat score:,1, Repeat contribution: ,-1,Dist:,26.0192, Dist contribution: ,-130.096, New scanned ratio: ,0.0205282, New Scanned Cells Contribution: ,0,Area ratio: ,0.930711, Area ratio Contribution: ,0,Perim diff: ,1.05985, Perim diff Contribution: ,0,Frontier diff: ,0, Frontier diff Contribution ,0,Inverse Area ratio: ,0.903284, Inv Area Ratio Contribution: ,0,Inverse Perim ratio: ,1.07886, Inv Perim Contribution: ,0, Final Score: ,-131.096
Point: ,40,118,Repeat score:,1, Repeat contribution: ,-1,Dist:,27.3, Dist contribution: ,-136.5, New scanned ratio: ,0.0218967, New Scanned Cells Contribution: ,0,Area ratio: ,0.927783, Area ratio Contribution: ,0,Perim diff: ,1.06108, Perim diff Contribution: ,0,Frontier diff: ,0, Frontier diff Contribution ,0,Inverse Area ratio: ,0.902487, Inv Area Ratio Contribution: ,0,Inverse Perim ratio: ,1.08146, Inv Perim Contribution: ,0, Final Score: ,-137.5
Point: ,39,117,Repeat score:,1, Repeat contribution: ,-1,Dist:,26.0192, Dist contribution: ,-130.096, New scanned ratio: ,0.0211106, New Scanned Cells Contribution: ,0,Area ratio: ,0.930297, Area ratio Contribution: ,0,Perim diff: ,1.06072, Perim diff Contribution: ,0,Frontier diff: ,0, Frontier diff Contribution ,0,Inverse Area ratio: ,0.902944, Inv Area Ratio Contribution: ,0,Inverse Perim ratio: ,1.08068, Inv Perim Contribution: ,0, Final Score: ,-131.096
Point: ,34,117,Repeat score:,1, Repeat contribution: ,-1,Dist:,26.6833, Dist contribution: ,-133.417, New scanned ratio: ,0.022945, New Scanned Cells Contribution: ,0,Area ratio: ,0.929429, Area ratio Contribution: ,0,Perim diff: ,1.06508, Perim diff Contribution: ,0,Frontier diff: ,0, Frontier diff Contribution ,0,Inverse Area ratio: ,0.901823, Inv Area Ratio Contribution: ,0,Inverse Perim ratio: ,1.08719, Inv Perim Contribution: ,0, Final Score: ,-134.417
Point: ,28,114,Repeat score:,1, Repeat contribution: ,-1,Dist:,25.1478, Dist contribution: ,-125.739, New scanned ratio: ,0.0231488, New Scanned Cells Contribution: ,0,Area ratio: ,0.937567, Area ratio Contribution: ,0,Perim diff: ,1.07034, Perim diff Contribution: ,0,Frontier diff: ,0, Frontier diff Contribution ,0,Inverse Area ratio: ,0.901666, Inv Area Ratio Contribution: ,0,Inverse Perim ratio: ,1.09244, Inv Perim Contribution: ,0, Final Score: ,-126.739
Point: ,23,109,Repeat score:,1, Repeat contribution: ,-1,Dist:,23.0729, Dist contribution: ,-115.365, New scanned ratio: ,0.021955, New Scanned Cells Contribution: ,0,Area ratio: ,0.953066, Area ratio Contribution: ,0,Perim diff: ,1.04819, Perim diff Contribution: ,0,Frontier diff: ,0, Frontier diff Contribution ,0,Inverse Area ratio: ,0.902537, Inv Area Ratio Contribution: ,0,Inverse Perim ratio: ,1.07298, Inv Perim Contribution: ,0, Final Score: ,-116.365
Point: ,20,103,Repeat score:,1, Repeat contribution: ,-1,Dist:,21.4672, Dist contribution: ,-107.336, New scanned ratio: ,0.0184899, New Scanned Cells Contribution: ,0,Area ratio: ,0.970296, Area ratio Contribution: ,0,Perim diff: ,1.03975, Perim diff Contribution: ,0,Frontier diff: ,-1, Frontier diff Contribution ,-0,Inverse Area ratio: ,0.941671, Inv Area Ratio Contribution: ,0,Inverse Perim ratio: ,1.04413, Inv Perim Contribution: ,0, Final Score: ,-108.336
Point: ,20,98,Repeat score:,1, Repeat contribution: ,-1,Dist:,20.0422, Dist contribution: ,-100.211, New scanned ratio: ,0.0140931, New Scanned Cells Contribution: ,0,Area ratio: ,0.985402, Area ratio Contribution: ,0,Perim diff: ,1.03808, Perim diff Contribution: ,0,Frontier diff: ,-1, Frontier diff Contribution ,-0,Inverse Area ratio: ,0.932579, Inv Area Ratio Contribution: ,0,Inverse Perim ratio: ,1.04374, Inv Perim Contribution: ,0, Final Score: ,-101.211
Point: ,19,97,Repeat score:,1, Repeat contribution: ,-1,Dist:,21, Dist contribution: ,-105, New scanned ratio: ,0.0139766, New Scanned Cells Contribution: ,0,Area ratio: ,0.988768, Area ratio Contribution: ,0,Perim diff: ,1.03639, Perim diff Contribution: ,0,Frontier diff: ,-1, Frontier diff Contribution ,-0,Inverse Area ratio: ,0.945019, Inv Area Ratio Contribution: ,0,Inverse Perim ratio: ,1.03875, Inv Perim Contribution: ,0, Final Score: ,-106
Point: ,20,95,Repeat score:,1, Repeat contribution: ,-1,Dist:,20.1683, Dist contribution: ,-100.841, New scanned ratio: ,0.0116472, New Scanned Cells Contribution: ,0,Area ratio: ,0.9887, Area ratio Contribution: ,0,Perim diff: ,1.03684, Perim diff Contribution: ,0,Frontier diff: ,-1, Frontier diff Contribution ,-0,Inverse Area ratio: ,0.927031, Inv Area Ratio Contribution: ,0,Inverse Perim ratio: ,1.04327, Inv Perim Contribution: ,0, Final Score: ,-101.841
Point: ,17,95,Repeat score:,1, Repeat contribution: ,-1,Dist:,23.1465, Dist contribution: ,-115.732, New scanned ratio: ,0.0129575, New Scanned Cells Contribution: ,0,Area ratio: ,0.9887, Area ratio Contribution: ,0,Perim diff: ,1.03568, Perim diff Contribution: ,0,Frontier diff: ,0, Frontier diff Contribution ,0,Inverse Area ratio: ,0.950606, Inv Area Ratio Contribution: ,0,Inverse Perim ratio: ,1.0369, Inv Perim Contribution: ,0, Final Score: ,-116.732
Point: ,16,96,Repeat score:,1, Repeat contribution: ,-1,Dist:,24.0352, Dist contribution: ,-120.176, New scanned ratio: ,0.0139475, New Scanned Cells Contribution: ,0,Area ratio: ,0.988526, Area ratio Contribution: ,0,Perim diff: ,1.03613, Perim diff Contribution: ,0,Frontier diff: ,0, Frontier diff Contribution ,0,Inverse Area ratio: ,0.957495, Inv Area Ratio Contribution: ,0,Inverse Perim ratio: ,1.03593, Inv Perim Contribution: ,0, Final Score: ,-121.176
Point: ,15,95,Repeat score:,1, Repeat contribution: ,-1,Dist:,25.1348, Dist contribution: ,-125.674, New scanned ratio: ,0.0132778, New Scanned Cells Contribution: ,0,Area ratio: ,0.988462, Area ratio Contribution: ,0,Perim diff: ,1.03665, Perim diff Contribution: ,0,Frontier diff: ,0, Frontier diff Contribution ,0,Inverse Area ratio: ,0.957872, Inv Area Ratio Contribution: ,0,Inverse Perim ratio: ,1.036, Inv Perim Contribution: ,0, Final Score: ,-126.674
Point: ,10,95,Repeat score:,1, Repeat contribution: ,-1,Dist:,30.1125, Dist contribution: ,-150.562, New scanned ratio: ,0.0133361, New Scanned Cells Contribution: ,0,Area ratio: ,0.987682, Area ratio Contribution: ,0,Perim diff: ,1.03843, Perim diff Contribution: ,0,Frontier diff: ,0, Frontier diff Contribution ,0,Inverse Area ratio: ,0.961567, Inv Area Ratio Contribution: ,0,Inverse Perim ratio: ,1.03599, Inv Perim Contribution: ,0, Final Score: ,-151.562
Point: ,4,92,Repeat score:,1, Repeat contribution: ,-1,Dist:,36.5821, Dist contribution: ,-182.91, New scanned ratio: ,0.010366, New Scanned Cells Contribution: ,0,Area ratio: ,0.986183, Area ratio Contribution: ,0,Perim diff: ,1.04414, Perim diff Contribution: ,0,Frontier diff: ,0, Frontier diff Contribution ,0,Inverse Area ratio: ,0.948118, Inv Area Ratio Contribution: ,0,Inverse Perim ratio: ,1.03926, Inv Perim Contribution: ,0, Final Score: ,-183.91
BEST Point:,20,98, Score: ,-101.211
COUNT COMMAND: 1
Total frontiers: ,106, Prioritised frontiers: ,23
At: ,20,97,
Point: ,0,98,Repeat score:,1, Repeat contribution: ,-1,Dist:,20.0422, Dist contribution: ,-100.211, New scanned ratio: ,0.00284499, New Scanned Cells Contribution: ,0,Area ratio: ,0.984836, Area ratio Contribution: ,0,Perim diff: ,1.03734, Perim diff Contribution: ,0,Frontier diff: ,1, Frontier diff Contribution ,0,Inverse Area ratio: ,0.972533, Inv Area Ratio Contribution: ,0,Inverse Perim ratio: ,1.03405, Inv Perim Contribution: ,0, Final Score: ,-101.211
Point: ,54,117,Repeat score:,1, Repeat contribution: ,-1,Dist:,42.8019, Dist contribution: ,-214.009, New scanned ratio: ,0.0191678, New Scanned Cells Contribution: ,0,Area ratio: ,0.937588, Area ratio Contribution: ,0,Perim diff: ,1.05493, Perim diff Contribution: ,0,Frontier diff: ,0, Frontier diff Contribution ,0,Inverse Area ratio: ,0.919125, Inv Area Ratio Contribution: ,0,Inverse Perim ratio: ,1.06427, Inv Perim Contribution: ,0, Final Score: ,-215.009
Point: ,51,115,Repeat score:,1, Repeat contribution: ,-1,Dist:,38.8402, Dist contribution: ,-194.201, New scanned ratio: ,0.0168688, New Scanned Cells Contribution: ,0,Area ratio: ,0.942367, Area ratio Contribution: ,0,Perim diff: ,1.05468, Perim diff Contribution: ,0,Frontier diff: ,0, Frontier diff Contribution ,0,Inverse Area ratio: ,0.920478, Inv Area Ratio Contribution: ,0,Inverse Perim ratio: ,1.0632, Inv Perim Contribution: ,0, Final Score: ,-195.201
Point: ,49,115,Repeat score:,1, Repeat contribution: ,-1,Dist:,37.2634, Dist contribution: ,-186.317, New scanned ratio: ,0.0168688, New Scanned Cells Contribution: ,0,Area ratio: ,0.94219, Area ratio Contribution: ,0,Perim diff: ,1.05433, Perim diff Contribution: ,0,Frontier diff: ,0, Frontier diff Contribution ,0,Inverse Area ratio: ,0.920478, Inv Area Ratio Contribution: ,0,Inverse Perim ratio: ,1.0632, Inv Perim Contribution: ,0, Final Score: ,-187.317
Point: ,46,117,Repeat score:,1, Repeat contribution: ,-1,Dist:,36.7696, Dist contribution: ,-183.848, New scanned ratio: ,0.0191678, New Scanned Cells Contribution: ,0,Area ratio: ,0.93686, Area ratio Contribution: ,0,Perim diff: ,1.05337, Perim diff Contribution: ,0,Frontier diff: ,0, Frontier diff Contribution ,0,Inverse Area ratio: ,0.919142, Inv Area Ratio Contribution: ,0,Inverse Perim ratio: ,1.06438, Inv Perim Contribution: ,0, Final Score: ,-184.848
Point: ,41,117,Repeat score:,1, Repeat contribution: ,-1,Dist:,33.4215, Dist contribution: ,-167.108, New scanned ratio: ,0.0191678, New Scanned Cells Contribution: ,0,Area ratio: ,0.936448, Area ratio Contribution: ,0,Perim diff: ,1.0501, Perim diff Contribution: ,0,Frontier diff: ,0, Frontier diff Contribution ,0,Inverse Area ratio: ,0.919142, Inv Area Ratio Contribution: ,0,Inverse Perim ratio: ,1.06294, Inv Perim Contribution: ,0, Final Score: ,-168.108
Point: ,40,118,Repeat score:,1, Repeat contribution: ,-1,Dist:,33.8421, Dist contribution: ,-169.211, New scanned ratio: ,0.0203173, New Scanned Cells Contribution: ,0,Area ratio: ,0.933762, Area ratio Contribution: ,0,Perim diff: ,1.05087, Perim diff Contribution: ,0,Frontier diff: ,0, Frontier diff Contribution ,0,Inverse Area ratio: ,0.918453, Inv Area Ratio Contribution: ,0,Inverse Perim ratio: ,1.06474, Inv Perim Contribution: ,0, Final Score: ,-170.211
Point: ,39,117,Repeat score:,1, Repeat contribution: ,-1,Dist:,32.2025, Dist contribution: ,-161.012, New scanned ratio: ,0.0191678, New Scanned Cells Contribution: ,0,Area ratio: ,0.936173, Area ratio Contribution: ,0,Perim diff: ,1.04936, Perim diff Contribution: ,0,Frontier diff: ,0, Frontier diff Contribution ,0,Inverse Area ratio: ,0.919142, Inv Area Ratio Contribution: ,0,Inverse Perim ratio: ,1.06294, Inv Perim Contribution: ,0, Final Score: ,-162.012
Point: ,34,117,Repeat score:,1, Repeat contribution: ,-1,Dist:,29.5296, Dist contribution: ,-147.648, New scanned ratio: ,0.0191678, New Scanned Cells Contribution: ,0,Area ratio: ,0.93521, Area ratio Contribution: ,0,Perim diff: ,1.04883, Perim diff Contribution: ,0,Frontier diff: ,0, Frontier diff Contribution ,0,Inverse Area ratio: ,0.919159, Inv Area Ratio Contribution: ,0,Inverse Perim ratio: ,1.06443, Inv Perim Contribution: ,0, Final Score: ,-148.648
Point: ,31,115,Repeat score:,1, Repeat contribution: ,-1,Dist:,25.8565, Dist contribution: ,-129.283, New scanned ratio: ,0.0168688, New Scanned Cells Contribution: ,0,Area ratio: ,0.939805, Area ratio Contribution: ,0,Perim diff: ,1.04828, Perim diff Contribution: ,0,Frontier diff: ,0, Frontier diff Contribution ,0,Inverse Area ratio: ,0.920546, Inv Area Ratio Contribution: ,0,Inverse Perim ratio: ,1.06338, Inv Perim Contribution: ,0, Final Score: ,-130.283
Point: ,29,115,Repeat score:,1, Repeat contribution: ,-1,Dist:,25.0711, Dist contribution: ,-125.355, New scanned ratio: ,0.0168688, New Scanned Cells Contribution: ,0,Area ratio: ,0.939454, Area ratio Contribution: ,0,Perim diff: ,1.05008, Perim diff Contribution: ,0,Frontier diff: ,0, Frontier diff Contribution ,0,Inverse Area ratio: ,0.920487, Inv Area Ratio Contribution: ,0,Inverse Perim ratio: ,1.0661, Inv Perim Contribution: ,0, Final Score: ,-126.355
Point: ,26,117,Repeat score:,1, Repeat contribution: ,-1,Dist:,26.6833, Dist contribution: ,-133.417, New scanned ratio: ,0.0193402, New Scanned Cells Contribution: ,0,Area ratio: ,0.933159, Area ratio Contribution: ,0,Perim diff: ,1.05055, Perim diff Contribution: ,0,Frontier diff: ,0, Frontier diff Contribution ,0,Inverse Area ratio: ,0.919015, Inv Area Ratio Contribution: ,0,Inverse Perim ratio: ,1.07043, Inv Perim Contribution: ,0, Final Score: ,-134.417
Point: ,21,117,Repeat score:,1, Repeat contribution: ,-1,Dist:,26.0192, Dist contribution: ,-130.096, New scanned ratio: ,0.0202598, New Scanned Cells Contribution: ,0,Area ratio: ,0.93191, Area ratio Contribution: ,0,Perim diff: ,1.05025, Perim diff Contribution: ,0,Frontier diff: ,0, Frontier diff Contribution ,0,Inverse Area ratio: ,0.918444, Inv Area Ratio Contribution: ,0,Inverse Perim ratio: ,1.07443, Inv Perim Contribution: ,0, Final Score: ,-131.096
Point: ,20,118,Repeat score:,1, Repeat contribution: ,-1,Dist:,27.3, Dist contribution: ,-136.5, New scanned ratio: ,0.0216104, New Scanned Cells Contribution: ,0,Area ratio: ,0.928937, Area ratio Contribution: ,0,Perim diff: ,1.05072, Perim diff Contribution: ,0,Frontier diff: ,-1, Frontier diff Contribution ,-0,Inverse Area ratio: ,0.963656, Inv Area Ratio Contribution: ,0,Inverse Perim ratio: ,1.05376, Inv Perim Contribution: ,0, Final Score: ,-137.5
Point: ,19,117,Repeat score:,1, Repeat contribution: ,-1,Dist:,26.0192, Dist contribution: ,-130.096, New scanned ratio: ,0.0208058, New Scanned Cells Contribution: ,0,Area ratio: ,0.931745, Area ratio Contribution: ,0,Perim diff: ,1.04901, Perim diff Contribution: ,0,Frontier diff: ,-1, Frontier diff Contribution ,-0,Inverse Area ratio: ,0.966714, Inv Area Ratio Contribution: ,0,Inverse Perim ratio: ,1.04743, Inv Perim Contribution: ,0, Final Score: ,-131.096
Point: ,14,117,Repeat score:,1, Repeat contribution: ,-1,Dist:,26.6833, Dist contribution: ,-133.417, New scanned ratio: ,0.0196563, New Scanned Cells Contribution: ,0,Area ratio: ,0.930713, Area ratio Contribution: ,0,Perim diff: ,1.04886, Perim diff Contribution: ,0,Frontier diff: ,-1, Frontier diff Contribution ,-0,Inverse Area ratio: ,0.970044, Inv Area Ratio Contribution: ,0,Inverse Perim ratio: ,1.04203, Inv Perim Contribution: ,0, Final Score: ,-134.417
Point: ,8,114,Repeat score:,1, Repeat contribution: ,-1,Dist:,25.1478, Dist contribution: ,-125.739, New scanned ratio: ,0.014225, New Scanned Cells Contribution: ,0,Area ratio: ,0.937439, Area ratio Contribution: ,0,Perim diff: ,1.04772, Perim diff Contribution: ,0,Frontier diff: ,0, Frontier diff Contribution ,0,Inverse Area ratio: ,0.970705, Inv Area Ratio Contribution: ,0,Inverse Perim ratio: ,1.03872, Inv Perim Contribution: ,0, Final Score: ,-126.739
Point: ,3,109,Repeat score:,1, Repeat contribution: ,-1,Dist:,23.0729, Dist contribution: ,-115.365, New scanned ratio: ,0.00873613, New Scanned Cells Contribution: ,0,Area ratio: ,0.951267, Area ratio Contribution: ,0,Perim diff: ,1.04301, Perim diff Contribution: ,0,Frontier diff: ,0, Frontier diff Contribution ,0,Inverse Area ratio: ,0.972953, Inv Area Ratio Contribution: ,0,Inverse Perim ratio: ,1.03513, Inv Perim Contribution: ,0, Final Score: ,-116.365
Point: ,0,103,Repeat score:,1, Repeat contribution: ,-1,Dist:,21.4672, Dist contribution: ,-107.336, New scanned ratio: ,0.00479913, New Scanned Cells Contribution: ,0,Area ratio: ,0.968767, Area ratio Contribution: ,0,Perim diff: ,1.03765, Perim diff Contribution: ,0,Frontier diff: ,1, Frontier diff Contribution ,0,Inverse Area ratio: ,0.973871, Inv Area Ratio Contribution: ,0,Inverse Perim ratio: ,1.03375, Inv Perim Contribution: ,0, Final Score: ,-108.336
Point: ,0,88,Repeat score:,1, Repeat contribution: ,-1,Dist:,23.1709, Dist contribution: ,-115.854, New scanned ratio: ,0.000804644, New Scanned Cells Contribution: ,0,Area ratio: ,0.988641, Area ratio Contribution: ,0,Perim diff: ,1.03762, Perim diff Contribution: ,0,Frontier diff: ,1, Frontier diff Contribution ,0,Inverse Area ratio: ,0.95495, Inv Area Ratio Contribution: ,0,Inverse Perim ratio: ,1.03667, Inv Perim Contribution: ,0, Final Score: ,-116.854
Point: ,0,96,Repeat score:,1, Repeat contribution: ,-1,Dist:,20.0422, Dist contribution: ,-100.211, New scanned ratio: ,0.00224151, New Scanned Cells Contribution: ,0,Area ratio: ,0.988216, Area ratio Contribution: ,0,Perim diff: ,1.0374, Perim diff Contribution: ,0,Frontier diff: ,1, Frontier diff Contribution ,0,Inverse Area ratio: ,0.96997, Inv Area Ratio Contribution: ,0,Inverse Perim ratio: ,1.03421, Inv Perim Contribution: ,0, Final Score: ,-101.211
Point: ,0,91,Repeat score:,1, Repeat contribution: ,-1,Dist:,21.4672, Dist contribution: ,-107.336, New scanned ratio: ,0.00117823, New Scanned Cells Contribution: ,0,Area ratio: ,0.98846, Area ratio Contribution: ,0,Perim diff: ,1.03709, Perim diff Contribution: ,0,Frontier diff: ,1, Frontier diff Contribution ,0,Inverse Area ratio: ,0.96227, Inv Area Ratio Contribution: ,0,Inverse Perim ratio: ,1.03489, Inv Perim Contribution: ,0, Final Score: ,-108.336
Point: ,1,90,Repeat score:,1, Repeat contribution: ,-1,Dist:,21.0668, Dist contribution: ,-105.334, New scanned ratio: ,0.00103454, New Scanned Cells Contribution: ,0,Area ratio: ,0.988643, Area ratio Contribution: ,0,Perim diff: ,1.03709, Perim diff Contribution: ,0,Frontier diff: ,1, Frontier diff Contribution ,0,Inverse Area ratio: ,0.959789, Inv Area Ratio Contribution: ,0,Inverse Perim ratio: ,1.03611, Inv Perim Contribution: ,0, Final Score: ,-106.334
BEST Point:,0,98, Score: ,-101.211
COUNT COMMAND: 1
Total frontiers: ,107, Prioritised frontiers: ,13
At: ,0,97,
Point: ,34,117,Repeat score:,1, Repeat contribution: ,-1,Dist:,42.8019, Dist contribution: ,-214.009, New scanned ratio: ,0.0191194, New Scanned Cells Contribution: ,0,Area ratio: ,0.933794, Area ratio Contribution: ,0,Perim diff: ,1.05364, Perim diff Contribution: ,0,Frontier diff: ,0, Frontier diff Contribution ,0,Inverse Area ratio: ,0.96031, Inv Area Ratio Contribution: ,0,Inverse Perim ratio: ,1.05549, Inv Perim Contribution: ,0, Final Score: ,-215.009
Point: ,31,115,Repeat score:,1, Repeat contribution: ,-1,Dist:,38.8402, Dist contribution: ,-194.201, New scanned ratio: ,0.0168262, New Scanned Cells Contribution: ,0,Area ratio: ,0.938867, Area ratio Contribution: ,0,Perim diff: ,1.05337, Perim diff Contribution: ,0,Frontier diff: ,0, Frontier diff Contribution ,0,Inverse Area ratio: ,0.961811, Inv Area Ratio Contribution: ,0,Inverse Perim ratio: ,1.05441, Inv Perim Contribution: ,0, Final Score: ,-195.201
Point: ,29,115,Repeat score:,1, Repeat contribution: ,-1,Dist:,37.2634, Dist contribution: ,-186.317, New scanned ratio: ,0.0168262, New Scanned Cells Contribution: ,0,Area ratio: ,0.938792, Area ratio Contribution: ,0,Perim diff: ,1.05284, Perim diff Contribution: ,0,Frontier diff: ,0, Frontier diff Contribution ,0,Inverse Area ratio: ,0.964094, Inv Area Ratio Contribution: ,0,Inverse Perim ratio: ,1.05452, Inv Perim Contribution: ,0, Final Score: ,-187.317
Point: ,26,117,Repeat score:,1, Repeat contribution: ,-1,Dist:,36.7696, Dist contribution: ,-183.848, New scanned ratio: ,0.0191194, New Scanned Cells Contribution: ,0,Area ratio: ,0.933371, Area ratio Contribution: ,0,Perim diff: ,1.05118, Perim diff Contribution: ,0,Frontier diff: ,0, Frontier diff Contribution ,0,Inverse Area ratio: ,0.96376, Inv Area Ratio Contribution: ,0,Inverse Perim ratio: ,1.05581, Inv Perim Contribution: ,0, Final Score: ,-184.848
Point: ,21,117,Repeat score:,1, Repeat contribution: ,-1,Dist:,33.4215, Dist contribution: ,-167.108, New scanned ratio: ,0.0191194, New Scanned Cells Contribution: ,0,Area ratio: ,0.932902, Area ratio Contribution: ,0,Perim diff: ,1.04648, Perim diff Contribution: ,0,Frontier diff: ,0, Frontier diff Contribution ,0,Inverse Area ratio: ,0.964147, Inv Area Ratio Contribution: ,0,Inverse Perim ratio: ,1.05488, Inv Perim Contribution: ,0, Final Score: ,-168.108
Point: ,20,118,Repeat score:,1, Repeat contribution: ,-1,Dist:,33.8421, Dist contribution: ,-169.211, New scanned ratio: ,0.020266, New Scanned Cells Contribution: ,0,Area ratio: ,0.93006, Area ratio Contribution: ,0,Perim diff: ,1.04651, Perim diff Contribution: ,0,Frontier diff: ,0, Frontier diff Contribution ,0,Inverse Area ratio: ,0.963863, Inv Area Ratio Contribution: ,0,Inverse Perim ratio: ,1.05571, Inv Perim Contribution: ,0, Final Score: ,-170.211
Point: ,19,117,Repeat score:,1, Repeat contribution: ,-1,Dist:,32.2025, Dist contribution: ,-161.012, New scanned ratio: ,0.0190908, New Scanned Cells Contribution: ,0,Area ratio: ,0.932527, Area ratio Contribution: ,0,Perim diff: ,1.04503, Perim diff Contribution: ,0,Frontier diff: ,0, Frontier diff Contribution ,0,Inverse Area ratio: ,0.966839, Inv Area Ratio Contribution: ,0,Inverse Perim ratio: ,1.04873, Inv Perim Contribution: ,0, Final Score: ,-162.012
Point: ,14,117,Repeat score:,1, Repeat contribution: ,-1,Dist:,29.5296, Dist contribution: ,-147.648, New scanned ratio: ,0.0175429, New Scanned Cells Contribution: ,0,Area ratio: ,0.931124, Area ratio Contribution: ,0,Perim diff: ,1.04612, Perim diff Contribution: ,0,Frontier diff: ,0, Frontier diff Contribution ,0,Inverse Area ratio: ,0.970087, Inv Area Ratio Contribution: ,0,Inverse Perim ratio: ,1.04275, Inv Perim Contribution: ,0, Final Score: ,-148.648
Point: ,11,115,Repeat score:,1, Repeat contribution: ,-1,Dist:,25.8565, Dist contribution: ,-129.283, New scanned ratio: ,0.0142751, New Scanned Cells Contribution: ,0,Area ratio: ,0.935758, Area ratio Contribution: ,0,Perim diff: ,1.04635, Perim diff Contribution: ,0,Frontier diff: ,0, Frontier diff Contribution ,0,Inverse Area ratio: ,0.971141, Inv Area Ratio Contribution: ,0,Inverse Perim ratio: ,1.04126, Inv Perim Contribution: ,0, Final Score: ,-130.283
Point: ,9,115,Repeat score:,1, Repeat contribution: ,-1,Dist:,25.0711, Dist contribution: ,-125.355, New scanned ratio: ,0.0132718, New Scanned Cells Contribution: ,0,Area ratio: ,0.935148, Area ratio Contribution: ,0,Perim diff: ,1.04688, Perim diff Contribution: ,0,Frontier diff: ,0, Frontier diff Contribution ,0,Inverse Area ratio: ,0.970124, Inv Area Ratio Contribution: ,0,Inverse Perim ratio: ,1.04041, Inv Perim Contribution: ,0, Final Score: ,-126.355
Point: ,6,117,Repeat score:,1, Repeat contribution: ,-1,Dist:,26.6833, Dist contribution: ,-133.417, New scanned ratio: ,0.0132718, New Scanned Cells Contribution: ,0,Area ratio: ,0.928491, Area ratio Contribution: ,0,Perim diff: ,1.04788, Perim diff Contribution: ,0,Frontier diff: ,0, Frontier diff Contribution ,0,Inverse Area ratio: ,0.970977, Inv Area Ratio Contribution: ,0,Inverse Perim ratio: ,1.03853, Inv Perim Contribution: ,0, Final Score: ,-134.417
Point: ,1,117,Repeat score:,1, Repeat contribution: ,-1,Dist:,26.0192, Dist contribution: ,-130.096, New scanned ratio: ,0.0104053, New Scanned Cells Contribution: ,0,Area ratio: ,0.927091, Area ratio Contribution: ,0,Perim diff: ,1.047, Perim diff Contribution: ,0,Frontier diff: ,0, Frontier diff Contribution ,0,Inverse Area ratio: ,0.971916, Inv Area Ratio Contribution: ,0,Inverse Perim ratio: ,1.03744, Inv Perim Contribution: ,0, Final Score: ,-131.096
Point: ,0,118,Repeat score:,1, Repeat contribution: ,-1,Dist:,27.3, Dist contribution: ,-136.5, New scanned ratio: ,0.010434, New Scanned Cells Contribution: ,0,Area ratio: ,0.923881, Area ratio Contribution: ,0,Perim diff: ,1.04774, Perim diff Contribution: ,0,Frontier diff: ,0, Frontier diff Contribution ,0,Inverse Area ratio: ,0.97209, Inv Area Ratio Contribution: ,0,Inverse Perim ratio: ,1.03616, Inv Perim Contribution: ,0, Final Score: ,-137.5
BEST Point:,9,115, Score: ,-126.355
COUNT COMMAND: 1
Total frontiers: ,107, Prioritised frontiers: ,17
At: ,8,114,
Point: ,46,117,Repeat score:,1, Repeat contribution: ,-1,Dist:,38.1996, Dist contribution: ,-190.998, New scanned ratio: ,0.0187236, New Scanned Cells Contribution: ,0,Area ratio: ,0.93658, Area ratio Contribution: ,0,Perim diff: ,1.05749, Perim diff Contribution: ,0,Frontier diff: ,0, Frontier diff Contribution ,0,Inverse Area ratio: ,0.965851, Inv Area Ratio Contribution: ,0,Inverse Perim ratio: ,1.05237, Inv Perim Contribution: ,0, Final Score: ,-191.998
Point: ,41,117,Repeat score:,1, Repeat contribution: ,-1,Dist:,33.2297, Dist contribution: ,-166.148, New scanned ratio: ,0.0175906, New Scanned Cells Contribution: ,0,Area ratio: ,0.936703, Area ratio Contribution: ,0,Perim diff: ,1.05003, Perim diff Contribution: ,0,Frontier diff: ,0, Frontier diff Contribution ,0,Inverse Area ratio: ,0.968566, Inv Area Ratio Contribution: ,0,Inverse Perim ratio: ,1.04627, Inv Perim Contribution: ,0, Final Score: ,-167.148
Point: ,40,118,Repeat score:,1, Repeat contribution: ,-1,Dist:,32.4197, Dist contribution: ,-162.099, New scanned ratio: ,0.0183554, New Scanned Cells Contribution: ,0,Area ratio: ,0.934259, Area ratio Contribution: ,0,Perim diff: ,1.04993, Perim diff Contribution: ,0,Frontier diff: ,0, Frontier diff Contribution ,0,Inverse Area ratio: ,0.968035, Inv Area Ratio Contribution: ,0,Inverse Perim ratio: ,1.04644, Inv Perim Contribution: ,0, Final Score: ,-163.099
Point: ,39,117,Repeat score:,1, Repeat contribution: ,-1,Dist:,31.2444, Dist contribution: ,-156.222, New scanned ratio: ,0.0169957, New Scanned Cells Contribution: ,0,Area ratio: ,0.936594, Area ratio Contribution: ,0,Perim diff: ,1.04829, Perim diff Contribution: ,0,Frontier diff: ,0, Frontier diff Contribution ,0,Inverse Area ratio: ,0.968912, Inv Area Ratio Contribution: ,0,Inverse Perim ratio: ,1.0446, Inv Perim Contribution: ,0, Final Score: ,-157.222
Point: ,34,117,Repeat score:,1, Repeat contribution: ,-1,Dist:,26.2909, Dist contribution: ,-131.454, New scanned ratio: ,0.0151262, New Scanned Cells Contribution: ,0,Area ratio: ,0.935924, Area ratio Contribution: ,0,Perim diff: ,1.04771, Perim diff Contribution: ,0,Frontier diff: ,0, Frontier diff Contribution ,0,Inverse Area ratio: ,0.969177, Inv Area Ratio Contribution: ,0,Inverse Perim ratio: ,1.04393, Inv Perim Contribution: ,0, Final Score: ,-132.454
Point: ,31,115,Repeat score:,1, Repeat contribution: ,-1,Dist:,23.0367, Dist contribution: ,-115.184, New scanned ratio: ,0.0119253, New Scanned Cells Contribution: ,0,Area ratio: ,0.940327, Area ratio Contribution: ,0,Perim diff: ,1.04651, Perim diff Contribution: ,0,Frontier diff: ,0, Frontier diff Contribution ,0,Inverse Area ratio: ,0.970009, Inv Area Ratio Contribution: ,0,Inverse Perim ratio: ,1.04213, Inv Perim Contribution: ,0, Final Score: ,-116.184
Point: ,29,115,Repeat score:,1, Repeat contribution: ,-1,Dist:,21.0402, Dist contribution: ,-105.201, New scanned ratio: ,0.0109622, New Scanned Cells Contribution: ,0,Area ratio: ,0.939926, Area ratio Contribution: ,0,Perim diff: ,1.04691, Perim diff Contribution: ,0,Frontier diff: ,0, Frontier diff Contribution ,0,Inverse Area ratio: ,0.968499, Inv Area Ratio Contribution: ,0,Inverse Perim ratio: ,1.04211, Inv Perim Contribution: ,0, Final Score: ,-106.201
Point: ,28,116,Repeat score:,1, Repeat contribution: ,-1,Dist:,20.1683, Dist contribution: ,-100.841, New scanned ratio: ,0.0113871, New Scanned Cells Contribution: ,0,Area ratio: ,0.937088, Area ratio Contribution: ,0,Perim diff: ,1.04774, Perim diff Contribution: ,0,Frontier diff: ,0, Frontier diff Contribution ,0,Inverse Area ratio: ,0.968039, Inv Area Ratio Contribution: ,0,Inverse Perim ratio: ,1.04298, Inv Perim Contribution: ,0, Final Score: ,-101.841
Point: ,28,120,Repeat score:,1, Repeat contribution: ,-1,Dist:,21.4672, Dist contribution: ,-107.336, New scanned ratio: ,0.0151262, New Scanned Cells Contribution: ,0,Area ratio: ,0.926797, Area ratio Contribution: ,0,Perim diff: ,1.05318, Perim diff Contribution: ,0,Frontier diff: ,0, Frontier diff Contribution ,0,Inverse Area ratio: ,0.965592, Inv Area Ratio Contribution: ,0,Inverse Perim ratio: ,1.04894, Inv Perim Contribution: ,0, Final Score: ,-108.336
Point: ,25,126,Repeat score:,1, Repeat contribution: ,-1,Dist:,23.0729, Dist contribution: ,-115.365, New scanned ratio: ,0.019715, New Scanned Cells Contribution: ,0,Area ratio: ,0.910849, Area ratio Contribution: ,0,Perim diff: ,1.06095, Perim diff Contribution: ,0,Frontier diff: ,0, Frontier diff Contribution ,0,Inverse Area ratio: ,0.962492, Inv Area Ratio Contribution: ,0,Inverse Perim ratio: ,1.05964, Inv Perim Contribution: ,0, Final Score: ,-116.365
Point: ,20,131,Repeat score:,1, Repeat contribution: ,-1,Dist:,25.1478, Dist contribution: ,-125.739, New scanned ratio: ,0.0223777, New Scanned Cells Contribution: ,0,Area ratio: ,0.896659, Area ratio Contribution: ,0,Perim diff: ,1.06988, Perim diff Contribution: ,0,Frontier diff: ,0, Frontier diff Contribution ,0,Inverse Area ratio: ,0.959414, Inv Area Ratio Contribution: ,0,Inverse Perim ratio: ,1.07455, Inv Perim Contribution: ,0, Final Score: ,-126.739
Point: ,14,134,Repeat score:,1, Repeat contribution: ,-1,Dist:,26.6833, Dist contribution: ,-133.417, New scanned ratio: ,0.0205365, New Scanned Cells Contribution: ,0,Area ratio: ,0.885913, Area ratio Contribution: ,0,Perim diff: ,1.07596, Perim diff Contribution: ,0,Frontier diff: ,0, Frontier diff Contribution ,0,Inverse Area ratio: ,0.961574, Inv Area Ratio Contribution: ,0,Inverse Perim ratio: ,1.05961, Inv Perim Contribution: ,0, Final Score: ,-134.417
Point: ,9,134,Repeat score:,1, Repeat contribution: ,-1,Dist:,26.0192, Dist contribution: ,-130.096, New scanned ratio: ,0.0164009, New Scanned Cells Contribution: ,0,Area ratio: ,0.883901, Area ratio Contribution: ,0,Perim diff: ,1.06944, Perim diff Contribution: ,0,Frontier diff: ,0, Frontier diff Contribution ,0,Inverse Area ratio: ,0.965054, Inv Area Ratio Contribution: ,0,Inverse Perim ratio: ,1.05047, Inv Perim Contribution: ,0, Final Score: ,-131.096
Point: ,8,135,Repeat score:,1, Repeat contribution: ,-1,Dist:,27.3, Dist contribution: ,-136.5, New scanned ratio: ,0.0163442, New Scanned Cells Contribution: ,0,Area ratio: ,0.881027, Area ratio Contribution: ,0,Perim diff: ,1.06888, Perim diff Contribution: ,0,Frontier diff: ,0, Frontier diff Contribution ,0,Inverse Area ratio: ,0.965586, Inv Area Ratio Contribution: ,0,Inverse Perim ratio: ,1.04819, Inv Perim Contribution: ,0, Final Score: ,-137.5
Point: ,7,134,Repeat score:,1, Repeat contribution: ,-1,Dist:,26.0192, Dist contribution: ,-130.096, New scanned ratio: ,0.0148146, New Scanned Cells Contribution: ,0,Area ratio: ,0.883255, Area ratio Contribution: ,0,Perim diff: ,1.06707, Perim diff Contribution: ,0,Frontier diff: ,0, Frontier diff Contribution ,0,Inverse Area ratio: ,0.966332, Inv Area Ratio Contribution: ,0,Inverse Perim ratio: ,1.04735, Inv Perim Contribution: ,0, Final Score: ,-131.096
Point: ,2,134,Repeat score:,1, Repeat contribution: ,-1,Dist:,26.6833, Dist contribution: ,-133.417, New scanned ratio: ,0.0111039, New Scanned Cells Contribution: ,0,Area ratio: ,0.8821, Area ratio Contribution: ,0,Perim diff: ,1.06149, Perim diff Contribution: ,0,Frontier diff: ,0, Frontier diff Contribution ,0,Inverse Area ratio: ,0.968952, Inv Area Ratio Contribution: ,0,Inverse Perim ratio: ,1.0412, Inv Perim Contribution: ,0, Final Score: ,-134.417
Point: ,0,133,Repeat score:,1, Repeat contribution: ,-1,Dist:,25.9632, Dist contribution: ,-129.816, New scanned ratio: ,0.00920602, New Scanned Cells Contribution: ,0,Area ratio: ,0.884377, Area ratio Contribution: ,0,Perim diff: ,1.05897, Perim diff Contribution: ,0,Frontier diff: ,0, Frontier diff Contribution ,0,Inverse Area ratio: ,0.970186, Inv Area Ratio Contribution: ,0,Inverse Perim ratio: ,1.03849, Inv Perim Contribution: ,0, Final Score: ,-130.816
BEST Point:,28,116, Score: ,-101.841
COUNT COMMAND: 1
Total frontiers: ,107, Prioritised frontiers: ,24
At: ,27,115,
Point: ,66,117,Repeat score:,1, Repeat contribution: ,-1,Dist:,39.0866, Dist contribution: ,-195.433, New scanned ratio: ,0.018678, New Scanned Cells Contribution: ,0,Area ratio: ,0.941601, Area ratio Contribution: ,0,Perim diff: ,1.05954, Perim diff Contribution: ,0,Frontier diff: ,0, Frontier diff Contribution ,0,Inverse Area ratio: ,0.964526, Inv Area Ratio Contribution: ,0,Inverse Perim ratio: ,1.05518, Inv Perim Contribution: ,0, Final Score: ,-196.433
Point: ,61,117,Repeat score:,1, Repeat contribution: ,-1,Dist:,34.0993, Dist contribution: ,-170.496, New scanned ratio: ,0.0176403, New Scanned Cells Contribution: ,0,Area ratio: ,0.94178, Area ratio Contribution: ,0,Perim diff: ,1.05026, Perim diff Contribution: ,0,Frontier diff: ,0, Frontier diff Contribution ,0,Inverse Area ratio: ,0.966566, Inv Area Ratio Contribution: ,0,Inverse Perim ratio: ,1.04704, Inv Perim Contribution: ,0, Final Score: ,-171.496
Point: ,60,118,Repeat score:,1, Repeat contribution: ,-1,Dist:,33.2297, Dist contribution: ,-166.148, New scanned ratio: ,0.0183975, New Scanned Cells Contribution: ,0,Area ratio: ,0.939344, Area ratio Contribution: ,0,Perim diff: ,1.05049, Perim diff Contribution: ,0,Frontier diff: ,0, Frontier diff Contribution ,0,Inverse Area ratio: ,0.966075, Inv Area Ratio Contribution: ,0,Inverse Perim ratio: ,1.04746, Inv Perim Contribution: ,0, Final Score: ,-167.148
Point: ,59,117,Repeat score:,1, Repeat contribution: ,-1,Dist:,32.1055, Dist contribution: ,-160.527, New scanned ratio: ,0.0170514, New Scanned Cells Contribution: ,0,Area ratio: ,0.941674, Area ratio Contribution: ,0,Perim diff: ,1.04853, Perim diff Contribution: ,0,Frontier diff: ,0, Frontier diff Contribution ,0,Inverse Area ratio: ,0.966965, Inv Area Ratio Contribution: ,0,Inverse Perim ratio: ,1.04538, Inv Perim Contribution: ,0, Final Score: ,-161.527
Point: ,54,117,Repeat score:,1, Repeat contribution: ,-1,Dist:,27.1249, Dist contribution: ,-135.624, New scanned ratio: ,0.0152004, New Scanned Cells Contribution: ,0,Area ratio: ,0.941013, Area ratio Contribution: ,0,Perim diff: ,1.04698, Perim diff Contribution: ,0,Frontier diff: ,0, Frontier diff Contribution ,0,Inverse Area ratio: ,0.967532, Inv Area Ratio Contribution: ,0,Inverse Perim ratio: ,1.04393, Inv Perim Contribution: ,0, Final Score: ,-136.624
Point: ,51,115,Repeat score:,1, Repeat contribution: ,-1,Dist:,24, Dist contribution: ,-120, New scanned ratio: ,0.0120033, New Scanned Cells Contribution: ,0,Area ratio: ,0.945109, Area ratio Contribution: ,0,Perim diff: ,1.04646, Perim diff Contribution: ,0,Frontier diff: ,0, Frontier diff Contribution ,0,Inverse Area ratio: ,0.968213, Inv Area Ratio Contribution: ,0,Inverse Perim ratio: ,1.04297, Inv Perim Contribution: ,0, Final Score: ,-121
Point: ,49,115,Repeat score:,1, Repeat contribution: ,-1,Dist:,22, Dist contribution: ,-110, New scanned ratio: ,0.0110497, New Scanned Cells Contribution: ,0,Area ratio: ,0.94471, Area ratio Contribution: ,0,Perim diff: ,1.04703, Perim diff Contribution: ,0,Frontier diff: ,0, Frontier diff Contribution ,0,Inverse Area ratio: ,0.966543, Inv Area Ratio Contribution: ,0,Inverse Perim ratio: ,1.04321, Inv Perim Contribution: ,0, Final Score: ,-111
Point: ,47,116,Repeat score:,1, Repeat contribution: ,-1,Dist:,20.0422, Dist contribution: ,-100.211, New scanned ratio: ,0.0109656, New Scanned Cells Contribution: ,0,Area ratio: ,0.94192, Area ratio Contribution: ,0,Perim diff: ,1.04729, Perim diff Contribution: ,0,Frontier diff: ,0, Frontier diff Contribution ,0,Inverse Area ratio: ,0.966388, Inv Area Ratio Contribution: ,0,Inverse Perim ratio: ,1.04351, Inv Perim Contribution: ,0, Final Score: ,-101.211
Point: ,47,121,Repeat score:,1, Repeat contribution: ,-1,Dist:,21.4672, Dist contribution: ,-107.336, New scanned ratio: ,0.0155369, New Scanned Cells Contribution: ,0,Area ratio: ,0.92942, Area ratio Contribution: ,0,Perim diff: ,1.05395, Perim diff Contribution: ,0,Frontier diff: ,0, Frontier diff Contribution ,0,Inverse Area ratio: ,0.96337, Inv Area Ratio Contribution: ,0,Inverse Perim ratio: ,1.05056, Inv Perim Contribution: ,0, Final Score: ,-108.336
Point: ,44,127,Repeat score:,1, Repeat contribution: ,-1,Dist:,23.0729, Dist contribution: ,-115.365, New scanned ratio: ,0.019968, New Scanned Cells Contribution: ,0,Area ratio: ,0.913785, Area ratio Contribution: ,0,Perim diff: ,1.06343, Perim diff Contribution: ,0,Frontier diff: ,0, Frontier diff Contribution ,0,Inverse Area ratio: ,0.960387, Inv Area Ratio Contribution: ,0,Inverse Perim ratio: ,1.06132, Inv Perim Contribution: ,0, Final Score: ,-116.365
Point: ,39,132,Repeat score:,1, Repeat contribution: ,-1,Dist:,25.1478, Dist contribution: ,-125.739, New scanned ratio: ,0.0222397, New Scanned Cells Contribution: ,0,Area ratio: ,0.900194, Area ratio Contribution: ,0,Perim diff: ,1.08169, Perim diff Contribution: ,0,Frontier diff: ,0, Frontier diff Contribution ,0,Inverse Area ratio: ,0.954445, Inv Area Ratio Contribution: ,0,Inverse Perim ratio: ,1.08507, Inv Perim Contribution: ,0, Final Score: ,-126.739
Point: ,33,135,Repeat score:,1, Repeat contribution: ,-1,Dist:,26.6833, Dist contribution: ,-133.417, New scanned ratio: ,0.0221275, New Scanned Cells Contribution: ,0,Area ratio: ,0.891018, Area ratio Contribution: ,0,Perim diff: ,1.08352, Perim diff Contribution: ,0,Frontier diff: ,0, Frontier diff Contribution ,0,Inverse Area ratio: ,0.954312, Inv Area Ratio Contribution: ,0,Inverse Perim ratio: ,1.08556, Inv Perim Contribution: ,0, Final Score: ,-134.417
Point: ,28,135,Repeat score:,1, Repeat contribution: ,-1,Dist:,26.0192, Dist contribution: ,-130.096, New scanned ratio: ,0.0205009, New Scanned Cells Contribution: ,0,Area ratio: ,0.890149, Area ratio Contribution: ,0,Perim diff: ,1.07226, Perim diff Contribution: ,0,Frontier diff: ,0, Frontier diff Contribution ,0,Inverse Area ratio: ,0.955445, Inv Area Ratio Contribution: ,0,Inverse Perim ratio: ,1.07729, Inv Perim Contribution: ,0, Final Score: ,-131.096
Point: ,27,136,Repeat score:,1, Repeat contribution: ,-1,Dist:,27.3, Dist contribution: ,-136.5, New scanned ratio: ,0.0212581, New Scanned Cells Contribution: ,0,Area ratio: ,0.88764, Area ratio Contribution: ,0,Perim diff: ,1.07318, Perim diff Contribution: ,0,Frontier diff: ,0, Frontier diff Contribution ,0,Inverse Area ratio: ,0.954923, Inv Area Ratio Contribution: ,0,Inverse Perim ratio: ,1.07957, Inv Perim Contribution: ,0, Final Score: ,-137.5
Point: ,26,135,Repeat score:,1, Repeat contribution: ,-1,Dist:,26.0192, Dist contribution: ,-130.096, New scanned ratio: ,0.0199961, New Scanned Cells Contribution: ,0,Area ratio: ,0.889892, Area ratio Contribution: ,0,Perim diff: ,1.07083, Perim diff Contribution: ,0,Frontier diff: ,0, Frontier diff Contribution ,0,Inverse Area ratio: ,0.955769, Inv Area Ratio Contribution: ,0,Inverse Perim ratio: ,1.07687, Inv Perim Contribution: ,0, Final Score: ,-131.096
Point: ,21,135,Repeat score:,1, Repeat contribution: ,-1,Dist:,26.6833, Dist contribution: ,-133.417, New scanned ratio: ,0.0192389, New Scanned Cells Contribution: ,0,Area ratio: ,0.889598, Area ratio Contribution: ,0,Perim diff: ,1.0625, Perim diff Contribution: ,0,Frontier diff: ,0, Frontier diff Contribution ,0,Inverse Area ratio: ,0.956264, Inv Area Ratio Contribution: ,0,Inverse Perim ratio: ,1.0728, Inv Perim Contribution: ,0, Final Score: ,-134.417
Point: ,18,133,Repeat score:,1, Repeat contribution: ,-1,Dist:,25.0711, Dist contribution: ,-125.355, New scanned ratio: ,0.0167148, New Scanned Cells Contribution: ,0,Area ratio: ,0.894181, Area ratio Contribution: ,0,Perim diff: ,1.057, Perim diff Contribution: ,0,Frontier diff: ,0, Frontier diff Contribution ,0,Inverse Area ratio: ,0.961889, Inv Area Ratio Contribution: ,0,Inverse Perim ratio: ,1.05526, Inv Perim Contribution: ,0, Final Score: ,-126.355
Point: ,15,133,Repeat score:,1, Repeat contribution: ,-1,Dist:,26.2975, Dist contribution: ,-131.488, New scanned ratio: ,0.0157893, New Scanned Cells Contribution: ,0,Area ratio: ,0.893932, Area ratio Contribution: ,0,Perim diff: ,1.05447, Perim diff Contribution: ,0,Frontier diff: ,0, Frontier diff Contribution ,0,Inverse Area ratio: ,0.964735, Inv Area Ratio Contribution: ,0,Inverse Perim ratio: ,1.04707, Inv Perim Contribution: ,0, Final Score: ,-132.488
Point: ,14,134,Repeat score:,1, Repeat contribution: ,-1,Dist:,27.9122, Dist contribution: ,-139.561, New scanned ratio: ,0.0164063, New Scanned Cells Contribution: ,0,Area ratio: ,0.891451, Area ratio Contribution: ,0,Perim diff: ,1.0547, Perim diff Contribution: ,0,Frontier diff: ,0, Frontier diff Contribution ,0,Inverse Area ratio: ,0.965194, Inv Area Ratio Contribution: ,0,Inverse Perim ratio: ,1.04604, Inv Perim Contribution: ,0, Final Score: ,-140.561
Point: ,9,134,Repeat score:,1, Repeat contribution: ,-1,Dist:,30.5629, Dist contribution: ,-152.814, New scanned ratio: ,0.0141908, New Scanned Cells Contribution: ,0,Area ratio: ,0.891133, Area ratio Contribution: ,0,Perim diff: ,1.0543, Perim diff Contribution: ,0,Frontier diff: ,0, Frontier diff Contribution ,0,Inverse Area ratio: ,0.967889, Inv Area Ratio Contribution: ,0,Inverse Perim ratio: ,1.04295, Inv Perim Contribution: ,0, Final Score: ,-153.814
Point: ,8,135,Repeat score:,1, Repeat contribution: ,-1,Dist:,32.2025, Dist contribution: ,-161.012, New scanned ratio: ,0.0145273, New Scanned Cells Contribution: ,0,Area ratio: ,0.888584, Area ratio Contribution: ,0,Perim diff: ,1.05451, Perim diff Contribution: ,0,Frontier diff: ,0, Frontier diff Contribution ,0,Inverse Area ratio: ,0.968506, Inv Area Ratio Contribution: ,0,Inverse Perim ratio: ,1.04173, Inv Perim Contribution: ,0, Final Score: ,-162.012
Point: ,7,134,Repeat score:,1, Repeat contribution: ,-1,Dist:,31.7819, Dist contribution: ,-158.91, New scanned ratio: ,0.0132372, New Scanned Cells Contribution: ,0,Area ratio: ,0.89103, Area ratio Contribution: ,0,Perim diff: ,1.05359, Perim diff Contribution: ,0,Frontier diff: ,0, Frontier diff Contribution ,0,Inverse Area ratio: ,0.968937, Inv Area Ratio Contribution: ,0,Inverse Perim ratio: ,1.0415, Inv Perim Contribution: ,0, Final Score: ,-159.91
Point: ,2,134,Repeat score:,1, Repeat contribution: ,-1,Dist:,35.1438, Dist contribution: ,-175.719, New scanned ratio: ,0.010601, New Scanned Cells Contribution: ,0,Area ratio: ,0.890705, Area ratio Contribution: ,0,Perim diff: ,1.05486, Perim diff Contribution: ,0,Frontier diff: ,0, Frontier diff Contribution ,0,Inverse Area ratio: ,0.970546, Inv Area Ratio Contribution: ,0,Inverse Perim ratio: ,1.04169, Inv Perim Contribution: ,0, Final Score: ,-176.719
Point: ,0,133,Repeat score:,1, Repeat contribution: ,-1,Dist:,35.729, Dist contribution: ,-178.645, New scanned ratio: ,0.00894635, New Scanned Cells Contribution: ,0,Area ratio: ,0.893172, Area ratio Contribution: ,0,Perim diff: ,1.05554, Perim diff Contribution: ,0,Frontier diff: ,0, Frontier diff Contribution ,0,Inverse Area ratio: ,0.970542, Inv Area Ratio Contribution: ,0,Inverse Perim ratio: ,1.04159, Inv Perim Contribution: ,0, Final Score: ,-179.645
BEST Point:,47,116, Score: ,-101.211
COUNT COMMAND: 1
Total frontiers: ,106, Prioritised frontiers: ,24
At: ,46,115,
Point: ,81,117,Repeat score:,1, Repeat contribution: ,-1,Dist:,35.0964, Dist contribution: ,-175.482, New scanned ratio: ,0.0177217, New Scanned Cells Contribution: ,0,Area ratio: ,0.946403, Area ratio Contribution: ,0,Perim diff: ,1.05294, Perim diff Contribution: ,0,Frontier diff: ,0, Frontier diff Contribution ,0,Inverse Area ratio: ,0.964673, Inv Area Ratio Contribution: ,0,Inverse Perim ratio: ,1.04993, Inv Perim Contribution: ,0, Final Score: ,-176.482
Point: ,80,118,Repeat score:,1, Repeat contribution: ,-1,Dist:,34.2229, Dist contribution: ,-171.115, New scanned ratio: ,0.0185273, New Scanned Cells Contribution: ,0,Area ratio: ,0.944173, Area ratio Contribution: ,0,Perim diff: ,1.05112, Perim diff Contribution: ,0,Frontier diff: ,0, Frontier diff Contribution ,0,Inverse Area ratio: ,0.964153, Inv Area Ratio Contribution: ,0,Inverse Perim ratio: ,1.04834, Inv Perim Contribution: ,0, Final Score: ,-172.115
Point: ,79,117,Repeat score:,1, Repeat contribution: ,-1,Dist:,33.1023, Dist contribution: ,-165.511, New scanned ratio: ,0.017194, New Scanned Cells Contribution: ,0,Area ratio: ,0.946377, Area ratio Contribution: ,0,Perim diff: ,1.04974, Perim diff Contribution: ,0,Frontier diff: ,0, Frontier diff Contribution ,0,Inverse Area ratio: ,0.965048, Inv Area Ratio Contribution: ,0,Inverse Perim ratio: ,1.04705, Inv Perim Contribution: ,0, Final Score: ,-166.511
Point: ,74,117,Repeat score:,1, Repeat contribution: ,-1,Dist:,28.1205, Dist contribution: ,-140.602, New scanned ratio: ,0.015444, New Scanned Cells Contribution: ,0,Area ratio: ,0.945865, Area ratio Contribution: ,0,Perim diff: ,1.04751, Perim diff Contribution: ,0,Frontier diff: ,0, Frontier diff Contribution ,0,Inverse Area ratio: ,0.965925, Inv Area Ratio Contribution: ,0,Inverse Perim ratio: ,1.04483, Inv Perim Contribution: ,0, Final Score: ,-141.602
Point: ,71,115,Repeat score:,1, Repeat contribution: ,-1,Dist:,25, Dist contribution: ,-125, New scanned ratio: ,0.0123052, New Scanned Cells Contribution: ,0,Area ratio: ,0.949866, Area ratio Contribution: ,0,Perim diff: ,1.04621, Perim diff Contribution: ,0,Frontier diff: ,0, Frontier diff Contribution ,0,Inverse Area ratio: ,0.966418, Inv Area Ratio Contribution: ,0,Inverse Perim ratio: ,1.04328, Inv Perim Contribution: ,0, Final Score: ,-126
Point: ,69,115,Repeat score:,1, Repeat contribution: ,-1,Dist:,23, Dist contribution: ,-115, New scanned ratio: ,0.0113608, New Scanned Cells Contribution: ,0,Area ratio: ,0.949511, Area ratio Contribution: ,0,Perim diff: ,1.04664, Perim diff Contribution: ,0,Frontier diff: ,0, Frontier diff Contribution ,0,Inverse Area ratio: ,0.964541, Inv Area Ratio Contribution: ,0,Inverse Perim ratio: ,1.04347, Inv Perim Contribution: ,0, Final Score: ,-116
Point: ,66,117,Repeat score:,1, Repeat contribution: ,-1,Dist:,20.1683, Dist contribution: ,-100.841, New scanned ratio: ,0.0117219, New Scanned Cells Contribution: ,0,Area ratio: ,0.944171, Area ratio Contribution: ,0,Perim diff: ,1.04737, Perim diff Contribution: ,0,Frontier diff: ,0, Frontier diff Contribution ,0,Inverse Area ratio: ,0.964132, Inv Area Ratio Contribution: ,0,Inverse Perim ratio: ,1.04439, Inv Perim Contribution: ,0, Final Score: ,-101.841
Point: ,66,121,Repeat score:,1, Repeat contribution: ,-1,Dist:,21.4672, Dist contribution: ,-107.336, New scanned ratio: ,0.0153885, New Scanned Cells Contribution: ,0,Area ratio: ,0.934329, Area ratio Contribution: ,0,Perim diff: ,1.05318, Perim diff Contribution: ,0,Frontier diff: ,0, Frontier diff Contribution ,0,Inverse Area ratio: ,0.961653, Inv Area Ratio Contribution: ,0,Inverse Perim ratio: ,1.0503, Inv Perim Contribution: ,0, Final Score: ,-108.336
Point: ,63,127,Repeat score:,1, Repeat contribution: ,-1,Dist:,23.0729, Dist contribution: ,-115.365, New scanned ratio: ,0.0197772, New Scanned Cells Contribution: ,0,Area ratio: ,0.919004, Area ratio Contribution: ,0,Perim diff: ,1.06401, Perim diff Contribution: ,0,Frontier diff: ,0, Frontier diff Contribution ,0,Inverse Area ratio: ,0.958656, Inv Area Ratio Contribution: ,0,Inverse Perim ratio: ,1.06173, Inv Perim Contribution: ,0, Final Score: ,-116.365
Point: ,58,132,Repeat score:,1, Repeat contribution: ,-1,Dist:,25.1478, Dist contribution: ,-125.739, New scanned ratio: ,0.0219716, New Scanned Cells Contribution: ,0,Area ratio: ,0.905452, Area ratio Contribution: ,0,Perim diff: ,1.08888, Perim diff Contribution: ,0,Frontier diff: ,0, Frontier diff Contribution ,0,Inverse Area ratio: ,0.952524, Inv Area Ratio Contribution: ,0,Inverse Perim ratio: ,1.086, Inv Perim Contribution: ,0, Final Score: ,-126.739
Point: ,52,135,Repeat score:,1, Repeat contribution: ,-1,Dist:,26.6833, Dist contribution: ,-133.417, New scanned ratio: ,0.0218327, New Scanned Cells Contribution: ,0,Area ratio: ,0.896753, Area ratio Contribution: ,0,Perim diff: ,1.08329, Perim diff Contribution: ,0,Frontier diff: ,0, Frontier diff Contribution ,0,Inverse Area ratio: ,0.952651, Inv Area Ratio Contribution: ,0,Inverse Perim ratio: ,1.08318, Inv Perim Contribution: ,0, Final Score: ,-134.417
Point: ,47,135,Repeat score:,1, Repeat contribution: ,-1,Dist:,26.0192, Dist contribution: ,-130.096, New scanned ratio: ,0.020055, New Scanned Cells Contribution: ,0,Area ratio: ,0.896061, Area ratio Contribution: ,0,Perim diff: ,1.07521, Perim diff Contribution: ,0,Frontier diff: ,0, Frontier diff Contribution ,0,Inverse Area ratio: ,0.95388, Inv Area Ratio Contribution: ,0,Inverse Perim ratio: ,1.07657, Inv Perim Contribution: ,0, Final Score: ,-131.096
Point: ,46,136,Repeat score:,1, Repeat contribution: ,-1,Dist:,27.3, Dist contribution: ,-136.5, New scanned ratio: ,0.020805, New Scanned Cells Contribution: ,0,Area ratio: ,0.893504, Area ratio Contribution: ,0,Perim diff: ,1.0768, Perim diff Contribution: ,0,Frontier diff: ,0, Frontier diff Contribution ,0,Inverse Area ratio: ,0.953374, Inv Area Ratio Contribution: ,0,Inverse Perim ratio: ,1.07885, Inv Perim Contribution: ,0, Final Score: ,-137.5
Point: ,45,135,Repeat score:,1, Repeat contribution: ,-1,Dist:,26.0192, Dist contribution: ,-130.096, New scanned ratio: ,0.0195272, New Scanned Cells Contribution: ,0,Area ratio: ,0.895904, Area ratio Contribution: ,0,Perim diff: ,1.07256, Perim diff Contribution: ,0,Frontier diff: ,0, Frontier diff Contribution ,0,Inverse Area ratio: ,0.954241, Inv Area Ratio Contribution: ,0,Inverse Perim ratio: ,1.07448, Inv Perim Contribution: ,0, Final Score: ,-131.096
Point: ,40,135,Repeat score:,1, Repeat contribution: ,-1,Dist:,26.6833, Dist contribution: ,-133.417, New scanned ratio: ,0.0186384, New Scanned Cells Contribution: ,0,Area ratio: ,0.895852, Area ratio Contribution: ,0,Perim diff: ,1.06876, Perim diff Contribution: ,0,Frontier diff: ,0, Frontier diff Contribution ,0,Inverse Area ratio: ,0.954829, Inv Area Ratio Contribution: ,0,Inverse Perim ratio: ,1.07193, Inv Perim Contribution: ,0, Final Score: ,-134.417
Point: ,36,133,Repeat score:,1, Repeat contribution: ,-1,Dist:,25.4472, Dist contribution: ,-127.236, New scanned ratio: ,0.0163051, New Scanned Cells Contribution: ,0,Area ratio: ,0.900898, Area ratio Contribution: ,0,Perim diff: ,1.06084, Perim diff Contribution: ,0,Frontier diff: ,0, Frontier diff Contribution ,0,Inverse Area ratio: ,0.956411, Inv Area Ratio Contribution: ,0,Inverse Perim ratio: ,1.0642, Inv Perim Contribution: ,0, Final Score: ,-128.236
Point: ,33,135,Repeat score:,1, Repeat contribution: ,-1,Dist:,29.0689, Dist contribution: ,-145.344, New scanned ratio: ,0.0184995, New Scanned Cells Contribution: ,0,Area ratio: ,0.896745, Area ratio Contribution: ,0,Perim diff: ,1.06291, Perim diff Contribution: ,0,Frontier diff: ,0, Frontier diff Contribution ,0,Inverse Area ratio: ,0.954946, Inv Area Ratio Contribution: ,0,Inverse Perim ratio: ,1.06835, Inv Perim Contribution: ,0, Final Score: ,-146.344
Point: ,28,135,Repeat score:,1, Repeat contribution: ,-1,Dist:,31.6228, Dist contribution: ,-158.114, New scanned ratio: ,0.0186384, New Scanned Cells Contribution: ,0,Area ratio: ,0.897439, Area ratio Contribution: ,0,Perim diff: ,1.05581, Perim diff Contribution: ,0,Frontier diff: ,0, Frontier diff Contribution ,0,Inverse Area ratio: ,0.954865, Inv Area Ratio Contribution: ,0,Inverse Perim ratio: ,1.06364, Inv Perim Contribution: ,0, Final Score: ,-159.114
Point: ,27,136,Repeat score:,1, Repeat contribution: ,-1,Dist:,33.2609, Dist contribution: ,-166.305, New scanned ratio: ,0.0197217, New Scanned Cells Contribution: ,0,Area ratio: ,0.895176, Area ratio Contribution: ,0,Perim diff: ,1.05985, Perim diff Contribution: ,0,Frontier diff: ,0, Frontier diff Contribution ,0,Inverse Area ratio: ,0.954106, Inv Area Ratio Contribution: ,0,Inverse Perim ratio: ,1.06868, Inv Perim Contribution: ,0, Final Score: ,-167.305
Point: ,26,135,Repeat score:,1, Repeat contribution: ,-1,Dist:,32.8024, Dist contribution: ,-164.012, New scanned ratio: ,0.0186661, New Scanned Cells Contribution: ,0,Area ratio: ,0.897629, Area ratio Contribution: ,0,Perim diff: ,1.05674, Perim diff Contribution: ,0,Frontier diff: ,0, Frontier diff Contribution ,0,Inverse Area ratio: ,0.954829, Inv Area Ratio Contribution: ,0,Inverse Perim ratio: ,1.0653, Inv Perim Contribution: ,0, Final Score: ,-165.012
Point: ,21,135,Repeat score:,1, Repeat contribution: ,-1,Dist:,36.0694, Dist contribution: ,-180.347, New scanned ratio: ,0.0188328, New Scanned Cells Contribution: ,0,Area ratio: ,0.898056, Area ratio Contribution: ,0,Perim diff: ,1.05468, Perim diff Contribution: ,0,Frontier diff: ,0, Frontier diff Contribution ,0,Inverse Area ratio: ,0.954711, Inv Area Ratio Contribution: ,0,Inverse Perim ratio: ,1.06678, Inv Perim Contribution: ,0, Final Score: ,-181.347
Point: ,18,133,Repeat score:,1, Repeat contribution: ,-1,Dist:,36.4905, Dist contribution: ,-182.453, New scanned ratio: ,0.0165273, New Scanned Cells Contribution: ,0,Area ratio: ,0.902829, Area ratio Contribution: ,0,Perim diff: ,1.05288, Perim diff Contribution: ,0,Frontier diff: ,0, Frontier diff Contribution ,0,Inverse Area ratio: ,0.9618, Inv Area Ratio Contribution: ,0,Inverse Perim ratio: ,1.05339, Inv Perim Contribution: ,0, Final Score: ,-183.453
Point: ,15,133,Repeat score:,1, Repeat contribution: ,-1,Dist:,38.8402, Dist contribution: ,-194.201, New scanned ratio: ,0.0156385, New Scanned Cells Contribution: ,0,Area ratio: ,0.902611, Area ratio Contribution: ,0,Perim diff: ,1.05354, Perim diff Contribution: ,0,Frontier diff: ,0, Frontier diff Contribution ,0,Inverse Area ratio: ,0.965463, Inv Area Ratio Contribution: ,0,Inverse Perim ratio: ,1.04903, Inv Perim Contribution: ,0, Final Score: ,-195.201
Point: ,14,134,Repeat score:,1, Repeat contribution: ,-1,Dist:,40.4239, Dist contribution: ,-202.119, New scanned ratio: ,0.0162495, New Scanned Cells Contribution: ,0,Area ratio: ,0.900101, Area ratio Contribution: ,0,Perim diff: ,1.05377, Perim diff Contribution: ,0,Frontier diff: ,0, Frontier diff Contribution ,0,Inverse Area ratio: ,0.966296, Inv Area Ratio Contribution: ,0,Inverse Perim ratio: ,1.04818, Inv Perim Contribution: ,0, Final Score: ,-203.119
BEST Point:,66,117, Score: ,-101.841
COUNT COMMAND: 1
Total frontiers: ,106, Prioritised frontiers: ,24
At: ,65,116,
Point: ,101,117,Repeat score:,1, Repeat contribution: ,-1,Dist:,36.0235, Dist contribution: ,-180.117, New scanned ratio: ,0.017732, New Scanned Cells Contribution: ,0,Area ratio: ,0.951594, Area ratio Contribution: ,0,Perim diff: ,1.05296, Perim diff Contribution: ,0,Frontier diff: ,0, Frontier diff Contribution ,0,Inverse Area ratio: ,0.962277, Inv Area Ratio Contribution: ,0,Inverse Perim ratio: ,1.0502, Inv Perim Contribution: ,0, Final Score: ,-181.117
Point: ,100,118,Repeat score:,1, Repeat contribution: ,-1,Dist:,35.0964, Dist contribution: ,-175.482, New scanned ratio: ,0.0185292, New Scanned Cells Contribution: ,0,Area ratio: ,0.949486, Area ratio Contribution: ,0,Perim diff: ,1.05331, Perim diff Contribution: ,0,Frontier diff: ,0, Frontier diff Contribution ,0,Inverse Area ratio: ,0.961755, Inv Area Ratio Contribution: ,0,Inverse Perim ratio: ,1.05081, Inv Perim Contribution: ,0, Final Score: ,-176.482
Point: ,99,117,Repeat score:,1, Repeat contribution: ,-1,Dist:,34.0248, Dist contribution: ,-170.124, New scanned ratio: ,0.0172371, New Scanned Cells Contribution: ,0,Area ratio: ,0.951635, Area ratio Contribution: ,0,Perim diff: ,1.04987, Perim diff Contribution: ,0,Frontier diff: ,0, Frontier diff Contribution ,0,Inverse Area ratio: ,0.962644, Inv Area Ratio Contribution: ,0,Inverse Perim ratio: ,1.04751, Inv Perim Contribution: ,0, Final Score: ,-171.124
Point: ,94,117,Repeat score:,1, Repeat contribution: ,-1,Dist:,29.0291, Dist contribution: ,-145.146, New scanned ratio: ,0.0155052, New Scanned Cells Contribution: ,0,Area ratio: ,0.951172, Area ratio Contribution: ,0,Perim diff: ,1.04772, Perim diff Contribution: ,0,Frontier diff: ,0, Frontier diff Contribution ,0,Inverse Area ratio: ,0.963799, Inv Area Ratio Contribution: ,0,Inverse Perim ratio: ,1.04535, Inv Perim Contribution: ,0, Final Score: ,-146.146
Point: ,91,115,Repeat score:,1, Repeat contribution: ,-1,Dist:,26.0325, Dist contribution: ,-130.162, New scanned ratio: ,0.0123986, New Scanned Cells Contribution: ,0,Area ratio: ,0.954352, Area ratio Contribution: ,0,Perim diff: ,1.04611, Perim diff Contribution: ,0,Frontier diff: ,0, Frontier diff Contribution ,0,Inverse Area ratio: ,0.964202, Inv Area Ratio Contribution: ,0,Inverse Perim ratio: ,1.04361, Inv Perim Contribution: ,0, Final Score: ,-131.162
Point: ,89,115,Repeat score:,1, Repeat contribution: ,-1,Dist:,24.0352, Dist contribution: ,-120.176, New scanned ratio: ,0.0114639, New Scanned Cells Contribution: ,0,Area ratio: ,0.953987, Area ratio Contribution: ,0,Perim diff: ,1.04668, Perim diff Contribution: ,0,Frontier diff: ,0, Frontier diff Contribution ,0,Inverse Area ratio: ,0.962174, Inv Area Ratio Contribution: ,0,Inverse Perim ratio: ,1.04397, Inv Perim Contribution: ,0, Final Score: ,-121.176
Point: ,85,117,Repeat score:,1, Repeat contribution: ,-1,Dist:,20.0422, Dist contribution: ,-100.211, New scanned ratio: ,0.011299, New Scanned Cells Contribution: ,0,Area ratio: ,0.949249, Area ratio Contribution: ,0,Perim diff: ,1.04675, Perim diff Contribution: ,0,Frontier diff: ,0, Frontier diff Contribution ,0,Inverse Area ratio: ,0.962064, Inv Area Ratio Contribution: ,0,Inverse Perim ratio: ,1.04423, Inv Perim Contribution: ,0, Final Score: ,-101.211
Point: ,85,122,Repeat score:,1, Repeat contribution: ,-1,Dist:,21.4672, Dist contribution: ,-107.336, New scanned ratio: ,0.0157801, New Scanned Cells Contribution: ,0,Area ratio: ,0.937052, Area ratio Contribution: ,0,Perim diff: ,1.05361, Perim diff Contribution: ,0,Frontier diff: ,0, Frontier diff Contribution ,0,Inverse Area ratio: ,0.959035, Inv Area Ratio Contribution: ,0,Inverse Perim ratio: ,1.05135, Inv Perim Contribution: ,0, Final Score: ,-108.336
Point: ,82,128,Repeat score:,1, Repeat contribution: ,-1,Dist:,23.0729, Dist contribution: ,-115.365, New scanned ratio: ,0.0199863, New Scanned Cells Contribution: ,0,Area ratio: ,0.922015, Area ratio Contribution: ,0,Perim diff: ,1.06406, Perim diff Contribution: ,0,Frontier diff: ,0, Frontier diff Contribution ,0,Inverse Area ratio: ,0.956106, Inv Area Ratio Contribution: ,0,Inverse Perim ratio: ,1.0652, Inv Perim Contribution: ,0, Final Score: ,-116.365
Point: ,77,133,Repeat score:,1, Repeat contribution: ,-1,Dist:,25.1478, Dist contribution: ,-125.739, New scanned ratio: ,0.0218007, New Scanned Cells Contribution: ,0,Area ratio: ,0.90774, Area ratio Contribution: ,0,Perim diff: ,1.08931, Perim diff Contribution: ,0,Frontier diff: ,0, Frontier diff Contribution ,0,Inverse Area ratio: ,0.950193, Inv Area Ratio Contribution: ,0,Inverse Perim ratio: ,1.08679, Inv Perim Contribution: ,0, Final Score: ,-126.739
Point: ,71,136,Repeat score:,1, Repeat contribution: ,-1,Dist:,26.6833, Dist contribution: ,-133.417, New scanned ratio: ,0.0216907, New Scanned Cells Contribution: ,0,Area ratio: ,0.898954, Area ratio Contribution: ,0,Perim diff: ,1.08766, Perim diff Contribution: ,0,Frontier diff: ,0, Frontier diff Contribution ,0,Inverse Area ratio: ,0.950275, Inv Area Ratio Contribution: ,0,Inverse Perim ratio: ,1.08703, Inv Perim Contribution: ,0, Final Score: ,-134.417
Point: ,66,136,Repeat score:,1, Repeat contribution: ,-1,Dist:,26.0192, Dist contribution: ,-130.096, New scanned ratio: ,0.0200962, New Scanned Cells Contribution: ,0,Area ratio: ,0.898561, Area ratio Contribution: ,0,Perim diff: ,1.07796, Perim diff Contribution: ,0,Frontier diff: ,0, Frontier diff Contribution ,0,Inverse Area ratio: ,0.951419, Inv Area Ratio Contribution: ,0,Inverse Perim ratio: ,1.07874, Inv Perim Contribution: ,0, Final Score: ,-131.096
Point: ,65,137,Repeat score:,1, Repeat contribution: ,-1,Dist:,27.3, Dist contribution: ,-136.5, New scanned ratio: ,0.0208385, New Scanned Cells Contribution: ,0,Area ratio: ,0.896158, Area ratio Contribution: ,0,Perim diff: ,1.07983, Perim diff Contribution: ,0,Frontier diff: ,0, Frontier diff Contribution ,0,Inverse Area ratio: ,0.950893, Inv Area Ratio Contribution: ,0,Inverse Perim ratio: ,1.08103, Inv Perim Contribution: ,0, Final Score: ,-137.5
Point: ,64,136,Repeat score:,1, Repeat contribution: ,-1,Dist:,26.0192, Dist contribution: ,-130.096, New scanned ratio: ,0.0196014, New Scanned Cells Contribution: ,0,Area ratio: ,0.898528, Area ratio Contribution: ,0,Perim diff: ,1.0774, Perim diff Contribution: ,0,Frontier diff: ,0, Frontier diff Contribution ,0,Inverse Area ratio: ,0.951746, Inv Area Ratio Contribution: ,0,Inverse Perim ratio: ,1.07832, Inv Perim Contribution: ,0, Final Score: ,-131.096
Point: ,59,136,Repeat score:,1, Repeat contribution: ,-1,Dist:,26.6833, Dist contribution: ,-133.417, New scanned ratio: ,0.0188591, New Scanned Cells Contribution: ,0,Area ratio: ,0.898956, Area ratio Contribution: ,0,Perim diff: ,1.07222, Perim diff Contribution: ,0,Frontier diff: ,0, Frontier diff Contribution ,0,Inverse Area ratio: ,0.952246, Inv Area Ratio Contribution: ,0,Inverse Perim ratio: ,1.07411, Inv Perim Contribution: ,0, Final Score: ,-134.417
Point: ,56,134,Repeat score:,1, Repeat contribution: ,-1,Dist:,25.0711, Dist contribution: ,-125.355, New scanned ratio: ,0.0166323, New Scanned Cells Contribution: ,0,Area ratio: ,0.904233, Area ratio Contribution: ,0,Perim diff: ,1.06512, Perim diff Contribution: ,0,Frontier diff: ,0, Frontier diff Contribution ,0,Inverse Area ratio: ,0.95378, Inv Area Ratio Contribution: ,0,Inverse Perim ratio: ,1.06983, Inv Perim Contribution: ,0, Final Score: ,-126.355
Point: ,53,134,Repeat score:,1, Repeat contribution: ,-1,Dist:,26.2975, Dist contribution: ,-131.488, New scanned ratio: ,0.0166323, New Scanned Cells Contribution: ,0,Area ratio: ,0.904813, Area ratio Contribution: ,0,Perim diff: ,1.06164, Perim diff Contribution: ,0,Frontier diff: ,0, Frontier diff Contribution ,0,Inverse Area ratio: ,0.953798, Inv Area Ratio Contribution: ,0,Inverse Perim ratio: ,1.06379, Inv Perim Contribution: ,0, Final Score: ,-132.488
Point: ,52,135,Repeat score:,1, Repeat contribution: ,-1,Dist:,27.9122, Dist contribution: ,-139.561, New scanned ratio: ,0.0177595, New Scanned Cells Contribution: ,0,Area ratio: ,0.902722, Area ratio Contribution: ,0,Perim diff: ,1.06179, Perim diff Contribution: ,0,Frontier diff: ,0, Frontier diff Contribution ,0,Inverse Area ratio: ,0.953072, Inv Area Ratio Contribution: ,0,Inverse Perim ratio: ,1.06476, Inv Perim Contribution: ,0, Final Score: ,-140.561
Point: ,47,135,Repeat score:,1, Repeat contribution: ,-1,Dist:,30.5629, Dist contribution: ,-152.814, New scanned ratio: ,0.0178419, New Scanned Cells Contribution: ,0,Area ratio: ,0.903702, Area ratio Contribution: ,0,Perim diff: ,1.05989, Perim diff Contribution: ,0,Frontier diff: ,0, Frontier diff Contribution ,0,Inverse Area ratio: ,0.95299, Inv Area Ratio Contribution: ,0,Inverse Perim ratio: ,1.0636, Inv Perim Contribution: ,0, Final Score: ,-153.814
Point: ,46,136,Repeat score:,1, Repeat contribution: ,-1,Dist:,32.2025, Dist contribution: ,-161.012, New scanned ratio: ,0.0189691, New Scanned Cells Contribution: ,0,Area ratio: ,0.901463, Area ratio Contribution: ,0,Perim diff: ,1.06225, Perim diff Contribution: ,0,Frontier diff: ,0, Frontier diff Contribution ,0,Inverse Area ratio: ,0.952227, Inv Area Ratio Contribution: ,0,Inverse Perim ratio: ,1.06656, Inv Perim Contribution: ,0, Final Score: ,-162.012
Point: ,45,135,Repeat score:,1, Repeat contribution: ,-1,Dist:,31.7819, Dist contribution: ,-158.91, New scanned ratio: ,0.0179244, New Scanned Cells Contribution: ,0,Area ratio: ,0.904079, Area ratio Contribution: ,0,Perim diff: ,1.05891, Perim diff Contribution: ,0,Frontier diff: ,0, Frontier diff Contribution ,0,Inverse Area ratio: ,0.952945, Inv Area Ratio Contribution: ,0,Inverse Perim ratio: ,1.06299, Inv Perim Contribution: ,0, Final Score: ,-159.91
Point: ,40,135,Repeat score:,1, Repeat contribution: ,-1,Dist:,35.1438, Dist contribution: ,-175.719, New scanned ratio: ,0.0180619, New Scanned Cells Contribution: ,0,Area ratio: ,0.904835, Area ratio Contribution: ,0,Perim diff: ,1.06207, Perim diff Contribution: ,0,Frontier diff: ,0, Frontier diff Contribution ,0,Inverse Area ratio: ,0.952836, Inv Area Ratio Contribution: ,0,Inverse Perim ratio: ,1.0666, Inv Perim Contribution: ,0, Final Score: ,-176.719
Point: ,37,133,Repeat score:,1, Repeat contribution: ,-1,Dist:,35.6709, Dist contribution: ,-178.354, New scanned ratio: ,0.016055, New Scanned Cells Contribution: ,0,Area ratio: ,0.910066, Area ratio Contribution: ,0,Perim diff: ,1.05908, Perim diff Contribution: ,0,Frontier diff: ,0, Frontier diff Contribution ,0,Inverse Area ratio: ,0.954162, Inv Area Ratio Contribution: ,0,Inverse Perim ratio: ,1.06285, Inv Perim Contribution: ,0, Final Score: ,-179.354
Point: ,33,135,Repeat score:,1, Repeat contribution: ,-1,Dist:,40.4239, Dist contribution: ,-202.119, New scanned ratio: ,0.0183093, New Scanned Cells Contribution: ,0,Area ratio: ,0.905974, Area ratio Contribution: ,0,Perim diff: ,1.06366, Perim diff Contribution: ,0,Frontier diff: ,0, Frontier diff Contribution ,0,Inverse Area ratio: ,0.952645, Inv Area Ratio Contribution: ,0,Inverse Perim ratio: ,1.06951, Inv Perim Contribution: ,0, Final Score: ,-203.119
BEST Point:,85,117, Score: ,-101.211
COUNT COMMAND: 1
Total frontiers: ,106, Prioritised frontiers: ,25
At: ,84,116,
Point: ,121,117,Repeat score:,1, Repeat contribution: ,-1,Dist:,37.0228, Dist contribution: ,-185.114, New scanned ratio: ,0.0177745, New Scanned Cells Contribution: ,0,Area ratio: ,0.956331, Area ratio Contribution: ,0,Perim diff: ,1.05431, Perim diff Contribution: ,0,Frontier diff: ,0, Frontier diff Contribution ,0,Inverse Area ratio: ,0.960015, Inv Area Ratio Contribution: ,0,Inverse Perim ratio: ,1.05151, Inv Perim Contribution: ,0, Final Score: ,-186.114
Point: ,120,118,Repeat score:,1, Repeat contribution: ,-1,Dist:,36.0938, Dist contribution: ,-180.469, New scanned ratio: ,0.0186183, New Scanned Cells Contribution: ,0,Area ratio: ,0.954479, Area ratio Contribution: ,0,Perim diff: ,1.05296, Perim diff Contribution: ,0,Frontier diff: ,0, Frontier diff Contribution ,0,Inverse Area ratio: ,0.959472, Inv Area Ratio Contribution: ,0,Inverse Perim ratio: ,1.05083, Inv Perim Contribution: ,0, Final Score: ,-181.469
Point: ,119,117,Repeat score:,1, Repeat contribution: ,-1,Dist:,35.0241, Dist contribution: ,-175.121, New scanned ratio: ,0.017339, New Scanned Cells Contribution: ,0,Area ratio: ,0.956399, Area ratio Contribution: ,0,Perim diff: ,1.0509, Perim diff Contribution: ,0,Frontier diff: ,0, Frontier diff Contribution ,0,Inverse Area ratio: ,0.960347, Inv Area Ratio Contribution: ,0,Inverse Perim ratio: ,1.04881, Inv Perim Contribution: ,0, Final Score: ,-176.121
Point: ,114,117,Repeat score:,1, Repeat contribution: ,-1,Dist:,30.0282, Dist contribution: ,-150.141, New scanned ratio: ,0.015733, New Scanned Cells Contribution: ,0,Area ratio: ,0.956135, Area ratio Contribution: ,0,Perim diff: ,1.04711, Perim diff Contribution: ,0,Frontier diff: ,0, Frontier diff Contribution ,0,Inverse Area ratio: ,0.961461, Inv Area Ratio Contribution: ,0,Inverse Perim ratio: ,1.04511, Inv Perim Contribution: ,0, Final Score: ,-151.141
Point: ,111,115,Repeat score:,1, Repeat contribution: ,-1,Dist:,27.0313, Dist contribution: ,-135.156, New scanned ratio: ,0.0126572, New Scanned Cells Contribution: ,0,Area ratio: ,0.959033, Area ratio Contribution: ,0,Perim diff: ,1.04665, Perim diff Contribution: ,0,Frontier diff: ,0, Frontier diff Contribution ,0,Inverse Area ratio: ,0.962011, Inv Area Ratio Contribution: ,0,Inverse Perim ratio: ,1.04439, Inv Perim Contribution: ,0, Final Score: ,-136.156
Point: ,109,115,Repeat score:,1, Repeat contribution: ,-1,Dist:,25.0338, Dist contribution: ,-125.169, New scanned ratio: ,0.0117589, New Scanned Cells Contribution: ,0,Area ratio: ,0.958712, Area ratio Contribution: ,0,Perim diff: ,1.04624, Perim diff Contribution: ,0,Frontier diff: ,0, Frontier diff Contribution ,0,Inverse Area ratio: ,0.959774, Inv Area Ratio Contribution: ,0,Inverse Perim ratio: ,1.04393, Inv Perim Contribution: ,0, Final Score: ,-126.169
Point: ,106,117,Repeat score:,1, Repeat contribution: ,-1,Dist:,22.0384, Dist contribution: ,-110.192, New scanned ratio: ,0.0121128, New Scanned Cells Contribution: ,0,Area ratio: ,0.954577, Area ratio Contribution: ,0,Perim diff: ,1.04695, Perim diff Contribution: ,0,Frontier diff: ,0, Frontier diff Contribution ,0,Inverse Area ratio: ,0.959372, Inv Area Ratio Contribution: ,0,Inverse Perim ratio: ,1.04481, Inv Perim Contribution: ,0, Final Score: ,-111.192
Point: ,104,117,Repeat score:,1, Repeat contribution: ,-1,Dist:,20.0422, Dist contribution: ,-100.211, New scanned ratio: ,0.0111873, New Scanned Cells Contribution: ,0,Area ratio: ,0.954189, Area ratio Contribution: ,0,Perim diff: ,1.04633, Perim diff Contribution: ,0,Frontier diff: ,0, Frontier diff Contribution ,0,Inverse Area ratio: ,0.959986, Inv Area Ratio Contribution: ,0,Inverse Perim ratio: ,1.04414, Inv Perim Contribution: ,0, Final Score: ,-101.211
Point: ,104,122,Repeat score:,1, Repeat contribution: ,-1,Dist:,21.4672, Dist contribution: ,-107.336, New scanned ratio: ,0.0156241, New Scanned Cells Contribution: ,0,Area ratio: ,0.942243, Area ratio Contribution: ,0,Perim diff: ,1.05317, Perim diff Contribution: ,0,Frontier diff: ,0, Frontier diff Contribution ,0,Inverse Area ratio: ,0.956915, Inv Area Ratio Contribution: ,0,Inverse Perim ratio: ,1.05157, Inv Perim Contribution: ,0, Final Score: ,-108.336
Point: ,101,128,Repeat score:,1, Repeat contribution: ,-1,Dist:,23.0729, Dist contribution: ,-115.365, New scanned ratio: ,0.0197888, New Scanned Cells Contribution: ,0,Area ratio: ,0.927047, Area ratio Contribution: ,0,Perim diff: ,1.06698, Perim diff Contribution: ,0,Frontier diff: ,0, Frontier diff Contribution ,0,Inverse Area ratio: ,0.953981, Inv Area Ratio Contribution: ,0,Inverse Perim ratio: ,1.0651, Inv Perim Contribution: ,0, Final Score: ,-116.365
Point: ,96,133,Repeat score:,1, Repeat contribution: ,-1,Dist:,25.1478, Dist contribution: ,-125.739, New scanned ratio: ,0.0215581, New Scanned Cells Contribution: ,0,Area ratio: ,0.912852, Area ratio Contribution: ,0,Perim diff: ,1.08915, Perim diff Contribution: ,0,Frontier diff: ,0, Frontier diff Contribution ,0,Inverse Area ratio: ,0.948087, Inv Area Ratio Contribution: ,0,Inverse Perim ratio: ,1.08681, Inv Perim Contribution: ,0, Final Score: ,-126.739
Point: ,90,136,Repeat score:,1, Repeat contribution: ,-1,Dist:,26.6833, Dist contribution: ,-133.417, New scanned ratio: ,0.0213947, New Scanned Cells Contribution: ,0,Area ratio: ,0.903993, Area ratio Contribution: ,0,Perim diff: ,1.08502, Perim diff Contribution: ,0,Frontier diff: ,0, Frontier diff Contribution ,0,Inverse Area ratio: ,0.948215, Inv Area Ratio Contribution: ,0,Inverse Perim ratio: ,1.0848, Inv Perim Contribution: ,0, Final Score: ,-134.417
Point: ,85,136,Repeat score:,1, Repeat contribution: ,-1,Dist:,26.0192, Dist contribution: ,-130.096, New scanned ratio: ,0.0196527, New Scanned Cells Contribution: ,0,Area ratio: ,0.903449, Area ratio Contribution: ,0,Perim diff: ,1.07743, Perim diff Contribution: ,0,Frontier diff: ,0, Frontier diff Contribution ,0,Inverse Area ratio: ,0.949455, Inv Area Ratio Contribution: ,0,Inverse Perim ratio: ,1.07817, Inv Perim Contribution: ,0, Final Score: ,-131.096
Point: ,84,137,Repeat score:,1, Repeat contribution: ,-1,Dist:,27.3, Dist contribution: ,-136.5, New scanned ratio: ,0.0203876, New Scanned Cells Contribution: ,0,Area ratio: ,0.901027, Area ratio Contribution: ,0,Perim diff: ,1.07937, Perim diff Contribution: ,0,Frontier diff: ,0, Frontier diff Contribution ,0,Inverse Area ratio: ,0.948944, Inv Area Ratio Contribution: ,0,Inverse Perim ratio: ,1.08046, Inv Perim Contribution: ,0, Final Score: ,-137.5
Point: ,83,136,Repeat score:,1, Repeat contribution: ,-1,Dist:,26.0192, Dist contribution: ,-130.096, New scanned ratio: ,0.0191355, New Scanned Cells Contribution: ,0,Area ratio: ,0.903406, Area ratio Contribution: ,0,Perim diff: ,1.07502, Perim diff Contribution: ,0,Frontier diff: ,0, Frontier diff Contribution ,0,Inverse Area ratio: ,0.94982, Inv Area Ratio Contribution: ,0,Inverse Perim ratio: ,1.07609, Inv Perim Contribution: ,0, Final Score: ,-131.096
Point: ,78,136,Repeat score:,1, Repeat contribution: ,-1,Dist:,26.6833, Dist contribution: ,-133.417, New scanned ratio: ,0.0182645, New Scanned Cells Contribution: ,0,Area ratio: ,0.903691, Area ratio Contribution: ,0,Perim diff: ,1.07193, Perim diff Contribution: ,0,Frontier diff: ,0, Frontier diff Contribution ,0,Inverse Area ratio: ,0.950413, Inv Area Ratio Contribution: ,0,Inverse Perim ratio: ,1.07354, Inv Perim Contribution: ,0, Final Score: ,-134.417
Point: ,75,134,Repeat score:,1, Repeat contribution: ,-1,Dist:,25.0711, Dist contribution: ,-125.355, New scanned ratio: ,0.015978, New Scanned Cells Contribution: ,0,Area ratio: ,0.90891, Area ratio Contribution: ,0,Perim diff: ,1.0658, Perim diff Contribution: ,0,Frontier diff: ,0, Frontier diff Contribution ,0,Inverse Area ratio: ,0.951983, Inv Area Ratio Contribution: ,0,Inverse Perim ratio: ,1.06727, Inv Perim Contribution: ,0, Final Score: ,-126.355
Point: ,71,136,Repeat score:,1, Repeat contribution: ,-1,Dist:,29.0689, Dist contribution: ,-145.344, New scanned ratio: ,0.0181284, New Scanned Cells Contribution: ,0,Area ratio: ,0.905047, Area ratio Contribution: ,0,Perim diff: ,1.06754, Perim diff Contribution: ,0,Frontier diff: ,0, Frontier diff Contribution ,0,Inverse Area ratio: ,0.950532, Inv Area Ratio Contribution: ,0,Inverse Perim ratio: ,1.06995, Inv Perim Contribution: ,0, Final Score: ,-146.344
Point: ,66,136,Repeat score:,1, Repeat contribution: ,-1,Dist:,31.6228, Dist contribution: ,-158.114, New scanned ratio: ,0.0182645, New Scanned Cells Contribution: ,0,Area ratio: ,0.906204, Area ratio Contribution: ,0,Perim diff: ,1.06199, Perim diff Contribution: ,0,Frontier diff: ,0, Frontier diff Contribution ,0,Inverse Area ratio: ,0.95045, Inv Area Ratio Contribution: ,0,Inverse Perim ratio: ,1.06524, Inv Perim Contribution: ,0, Final Score: ,-159.114
Point: ,65,137,Repeat score:,1, Repeat contribution: ,-1,Dist:,33.2609, Dist contribution: ,-166.305, New scanned ratio: ,0.019326, New Scanned Cells Contribution: ,0,Area ratio: ,0.904045, Area ratio Contribution: ,0,Perim diff: ,1.06699, Perim diff Contribution: ,0,Frontier diff: ,0, Frontier diff Contribution ,0,Inverse Area ratio: ,0.949683, Inv Area Ratio Contribution: ,0,Inverse Perim ratio: ,1.07028, Inv Perim Contribution: ,0, Final Score: ,-167.305
Point: ,64,136,Repeat score:,1, Repeat contribution: ,-1,Dist:,32.8024, Dist contribution: ,-164.012, New scanned ratio: ,0.0182917, New Scanned Cells Contribution: ,0,Area ratio: ,0.906617, Area ratio Contribution: ,0,Perim diff: ,1.0638, Perim diff Contribution: ,0,Frontier diff: ,0, Frontier diff Contribution ,0,Inverse Area ratio: ,0.950413, Inv Area Ratio Contribution: ,0,Inverse Perim ratio: ,1.0669, Inv Perim Contribution: ,0, Final Score: ,-165.012
Point: ,59,136,Repeat score:,1, Repeat contribution: ,-1,Dist:,36.0694, Dist contribution: ,-180.347, New scanned ratio: ,0.018455, New Scanned Cells Contribution: ,0,Area ratio: ,0.907765, Area ratio Contribution: ,0,Perim diff: ,1.06489, Perim diff Contribution: ,0,Frontier diff: ,0, Frontier diff Contribution ,0,Inverse Area ratio: ,0.950295, Inv Area Ratio Contribution: ,0,Inverse Perim ratio: ,1.06824, Inv Perim Contribution: ,0, Final Score: ,-181.347
Point: ,56,134,Repeat score:,1, Repeat contribution: ,-1,Dist:,36.4905, Dist contribution: ,-182.453, New scanned ratio: ,0.0164407, New Scanned Cells Contribution: ,0,Area ratio: ,0.913236, Area ratio Contribution: ,0,Perim diff: ,1.06152, Perim diff Contribution: ,0,Frontier diff: ,0, Frontier diff Contribution ,0,Inverse Area ratio: ,0.951663, Inv Area Ratio Contribution: ,0,Inverse Perim ratio: ,1.06709, Inv Perim Contribution: ,0, Final Score: ,-183.453
Point: ,53,134,Repeat score:,1, Repeat contribution: ,-1,Dist:,38.8402, Dist contribution: ,-194.201, New scanned ratio: ,0.016468, New Scanned Cells Contribution: ,0,Area ratio: ,0.913846, Area ratio Contribution: ,0,Perim diff: ,1.06127, Perim diff Contribution: ,0,Frontier diff: ,0, Frontier diff Contribution ,0,Inverse Area ratio: ,0.951654, Inv Area Ratio Contribution: ,0,Inverse Perim ratio: ,1.06418, Inv Perim Contribution: ,0, Final Score: ,-195.201
Point: ,52,135,Repeat score:,1, Repeat contribution: ,-1,Dist:,40.4239, Dist contribution: ,-202.119, New scanned ratio: ,0.017584, New Scanned Cells Contribution: ,0,Area ratio: ,0.911724, Area ratio Contribution: ,0,Perim diff: ,1.06142, Perim diff Contribution: ,0,Frontier diff: ,0, Frontier diff Contribution ,0,Inverse Area ratio: ,0.950906, Inv Area Ratio Contribution: ,0,Inverse Perim ratio: ,1.06504, Inv Perim Contribution: ,0, Final Score: ,-203.119
BEST Point:,104,117, Score: ,-101.211
COUNT COMMAND: 1
Total frontiers: ,105, Prioritised frontiers: ,24
At: ,103,116,
Point: ,141,117,Repeat score:,1, Repeat contribution: ,-1,Dist:,38.0222, Dist contribution: ,-190.111, New scanned ratio: ,0.0177893, New Scanned Cells Contribution: ,0,Area ratio: ,0.960955, Area ratio Contribution: ,0,Perim diff: ,1.05538, Perim diff Contribution: ,0,Frontier diff: ,0, Frontier diff Contribution ,0,Inverse Area ratio: ,0.957759, Inv Area Ratio Contribution: ,0,Inverse Perim ratio: ,1.05275, Inv Perim Contribution: ,0, Final Score: ,-191.111
Point: ,140,118,Repeat score:,1, Repeat contribution: ,-1,Dist:,37.0912, Dist contribution: ,-185.456, New scanned ratio: ,0.0186518, New Scanned Cells Contribution: ,0,Area ratio: ,0.959372, Area ratio Contribution: ,0,Perim diff: ,1.05549, Perim diff Contribution: ,0,Frontier diff: ,0, Frontier diff Contribution ,0,Inverse Area ratio: ,0.957185, Inv Area Ratio Contribution: ,0,Inverse Perim ratio: ,1.05328, Inv Perim Contribution: ,0, Final Score: ,-186.456
Point: ,139,117,Repeat score:,1, Repeat contribution: ,-1,Dist:,36.0235, Dist contribution: ,-180.117, New scanned ratio: ,0.0174119, New Scanned Cells Contribution: ,0,Area ratio: ,0.961077, Area ratio Contribution: ,0,Perim diff: ,1.05198, Perim diff Contribution: ,0,Frontier diff: ,0, Frontier diff Contribution ,0,Inverse Area ratio: ,0.958055, Inv Area Ratio Contribution: ,0,Inverse Perim ratio: ,1.04999, Inv Perim Contribution: ,0, Final Score: ,-181.117
Point: ,134,117,Repeat score:,1, Repeat contribution: ,-1,Dist:,31.0272, Dist contribution: ,-155.136, New scanned ratio: ,0.0159295, New Scanned Cells Contribution: ,0,Area ratio: ,0.960936, Area ratio Contribution: ,0,Perim diff: ,1.048, Perim diff Contribution: ,0,Frontier diff: ,0, Frontier diff Contribution ,0,Inverse Area ratio: ,0.959101, Inv Area Ratio Contribution: ,0,Inverse Perim ratio: ,1.0462, Inv Perim Contribution: ,0, Final Score: ,-156.136
Point: ,131,115,Repeat score:,1, Repeat contribution: ,-1,Dist:,28.0302, Dist contribution: ,-140.151, New scanned ratio: ,0.0129107, New Scanned Cells Contribution: ,0,Area ratio: ,0.963611, Area ratio Contribution: ,0,Perim diff: ,1.04603, Perim diff Contribution: ,0,Frontier diff: ,0, Frontier diff Contribution ,0,Inverse Area ratio: ,0.959692, Inv Area Ratio Contribution: ,0,Inverse Perim ratio: ,1.04412, Inv Perim Contribution: ,0, Final Score: ,-141.151
Point: ,129,115,Repeat score:,1, Repeat contribution: ,-1,Dist:,26.0325, Dist contribution: ,-130.162, New scanned ratio: ,0.0120482, New Scanned Cells Contribution: ,0,Area ratio: ,0.963281, Area ratio Contribution: ,0,Perim diff: ,1.04605, Perim diff Contribution: ,0,Frontier diff: ,0, Frontier diff Contribution ,0,Inverse Area ratio: ,0.957426, Inv Area Ratio Contribution: ,0,Inverse Perim ratio: ,1.04406, Inv Perim Contribution: ,0, Final Score: ,-131.162
Point: ,126,117,Repeat score:,1, Repeat contribution: ,-1,Dist:,23.0367, Dist contribution: ,-115.184, New scanned ratio: ,0.0124525, New Scanned Cells Contribution: ,0,Area ratio: ,0.959487, Area ratio Contribution: ,0,Perim diff: ,1.0466, Perim diff Contribution: ,0,Frontier diff: ,0, Frontier diff Contribution ,0,Inverse Area ratio: ,0.956948, Inv Area Ratio Contribution: ,0,Inverse Perim ratio: ,1.04482, Inv Perim Contribution: ,0, Final Score: ,-116.184
Point: ,123,117,Repeat score:,1, Repeat contribution: ,-1,Dist:,20.0422, Dist contribution: ,-100.211, New scanned ratio: ,0.0110779, New Scanned Cells Contribution: ,0,Area ratio: ,0.958938, Area ratio Contribution: ,0,Perim diff: ,1.04614, Perim diff Contribution: ,0,Frontier diff: ,0, Frontier diff Contribution ,0,Inverse Area ratio: ,0.957887, Inv Area Ratio Contribution: ,0,Inverse Perim ratio: ,1.04402, Inv Perim Contribution: ,0, Final Score: ,-101.211
Point: ,123,122,Repeat score:,1, Repeat contribution: ,-1,Dist:,21.4672, Dist contribution: ,-107.336, New scanned ratio: ,0.0154713, New Scanned Cells Contribution: ,0,Area ratio: ,0.947415, Area ratio Contribution: ,0,Perim diff: ,1.05317, Perim diff Contribution: ,0,Frontier diff: ,0, Frontier diff Contribution ,0,Inverse Area ratio: ,0.954792, Inv Area Ratio Contribution: ,0,Inverse Perim ratio: ,1.05159, Inv Perim Contribution: ,0, Final Score: ,-108.336
Point: ,120,128,Repeat score:,1, Repeat contribution: ,-1,Dist:,23.0729, Dist contribution: ,-115.365, New scanned ratio: ,0.0195952, New Scanned Cells Contribution: ,0,Area ratio: ,0.931714, Area ratio Contribution: ,0,Perim diff: ,1.06684, Perim diff Contribution: ,0,Frontier diff: ,0, Frontier diff Contribution ,0,Inverse Area ratio: ,0.951854, Inv Area Ratio Contribution: ,0,Inverse Perim ratio: ,1.0653, Inv Perim Contribution: ,0, Final Score: ,-116.365
Point: ,115,133,Repeat score:,1, Repeat contribution: ,-1,Dist:,25.1478, Dist contribution: ,-125.739, New scanned ratio: ,0.0213471, New Scanned Cells Contribution: ,0,Area ratio: ,0.917958, Area ratio Contribution: ,0,Perim diff: ,1.08676, Perim diff Contribution: ,0,Frontier diff: ,0, Frontier diff Contribution ,0,Inverse Area ratio: ,0.945951, Inv Area Ratio Contribution: ,0,Inverse Perim ratio: ,1.08482, Inv Perim Contribution: ,0, Final Score: ,-126.739
Point: ,109,136,Repeat score:,1, Repeat contribution: ,-1,Dist:,26.6833, Dist contribution: ,-133.417, New scanned ratio: ,0.0211854, New Scanned Cells Contribution: ,0,Area ratio: ,0.909088, Area ratio Contribution: ,0,Perim diff: ,1.08534, Perim diff Contribution: ,0,Frontier diff: ,0, Frontier diff Contribution ,0,Inverse Area ratio: ,0.946061, Inv Area Ratio Contribution: ,0,Inverse Perim ratio: ,1.08489, Inv Perim Contribution: ,0, Final Score: ,-134.417
Point: ,104,136,Repeat score:,1, Repeat contribution: ,-1,Dist:,26.0192, Dist contribution: ,-130.096, New scanned ratio: ,0.0194604, New Scanned Cells Contribution: ,0,Area ratio: ,0.908551, Area ratio Contribution: ,0,Perim diff: ,1.07785, Perim diff Contribution: ,0,Frontier diff: ,0, Frontier diff Contribution ,0,Inverse Area ratio: ,0.947308, Inv Area Ratio Contribution: ,0,Inverse Perim ratio: ,1.07827, Inv Perim Contribution: ,0, Final Score: ,-131.096
Point: ,103,137,Repeat score:,1, Repeat contribution: ,-1,Dist:,27.3, Dist contribution: ,-136.5, New scanned ratio: ,0.0201881, New Scanned Cells Contribution: ,0,Area ratio: ,0.906122, Area ratio Contribution: ,0,Perim diff: ,1.07986, Perim diff Contribution: ,0,Frontier diff: ,0, Frontier diff Contribution ,0,Inverse Area ratio: ,0.946794, Inv Area Ratio Contribution: ,0,Inverse Perim ratio: ,1.08055, Inv Perim Contribution: ,0, Final Score: ,-137.5
Point: ,102,136,Repeat score:,1, Repeat contribution: ,-1,Dist:,26.0192, Dist contribution: ,-130.096, New scanned ratio: ,0.0189483, New Scanned Cells Contribution: ,0,Area ratio: ,0.908511, Area ratio Contribution: ,0,Perim diff: ,1.07549, Perim diff Contribution: ,0,Frontier diff: ,0, Frontier diff Contribution ,0,Inverse Area ratio: ,0.947674, Inv Area Ratio Contribution: ,0,Inverse Perim ratio: ,1.07618, Inv Perim Contribution: ,0, Final Score: ,-131.096
Point: ,97,136,Repeat score:,1, Repeat contribution: ,-1,Dist:,26.6833, Dist contribution: ,-133.417, New scanned ratio: ,0.0180858, New Scanned Cells Contribution: ,0,Area ratio: ,0.9088, Area ratio Contribution: ,0,Perim diff: ,1.07252, Perim diff Contribution: ,0,Frontier diff: ,0, Frontier diff Contribution ,0,Inverse Area ratio: ,0.94827, Inv Area Ratio Contribution: ,0,Inverse Perim ratio: ,1.07363, Inv Perim Contribution: ,0, Final Score: ,-134.417
Point: ,94,134,Repeat score:,1, Repeat contribution: ,-1,Dist:,25.0711, Dist contribution: ,-125.355, New scanned ratio: ,0.0158217, New Scanned Cells Contribution: ,0,Area ratio: ,0.914001, Area ratio Contribution: ,0,Perim diff: ,1.06602, Perim diff Contribution: ,0,Frontier diff: ,0, Frontier diff Contribution ,0,Inverse Area ratio: ,0.949874, Inv Area Ratio Contribution: ,0,Inverse Perim ratio: ,1.06706, Inv Perim Contribution: ,0, Final Score: ,-126.355
Point: ,90,136,Repeat score:,1, Repeat contribution: ,-1,Dist:,29.0689, Dist contribution: ,-145.344, New scanned ratio: ,0.0178701, New Scanned Cells Contribution: ,0,Area ratio: ,0.910086, Area ratio Contribution: ,0,Perim diff: ,1.0654, Perim diff Contribution: ,0,Frontier diff: ,0, Frontier diff Contribution ,0,Inverse Area ratio: ,0.948481, Inv Area Ratio Contribution: ,0,Inverse Perim ratio: ,1.06746, Inv Perim Contribution: ,0, Final Score: ,-146.344
Point: ,85,136,Repeat score:,1, Repeat contribution: ,-1,Dist:,31.6228, Dist contribution: ,-158.114, New scanned ratio: ,0.0178432, New Scanned Cells Contribution: ,0,Area ratio: ,0.911085, Area ratio Contribution: ,0,Perim diff: ,1.06197, Perim diff Contribution: ,0,Frontier diff: ,0, Frontier diff Contribution ,0,Inverse Area ratio: ,0.94849, Inv Area Ratio Contribution: ,0,Inverse Perim ratio: ,1.06441, Inv Perim Contribution: ,0, Final Score: ,-159.114
Point: ,84,137,Repeat score:,1, Repeat contribution: ,-1,Dist:,33.2609, Dist contribution: ,-166.305, New scanned ratio: ,0.0188944, New Scanned Cells Contribution: ,0,Area ratio: ,0.908905, Area ratio Contribution: ,0,Perim diff: ,1.06703, Perim diff Contribution: ,0,Frontier diff: ,0, Frontier diff Contribution ,0,Inverse Area ratio: ,0.947738, Inv Area Ratio Contribution: ,0,Inverse Perim ratio: ,1.06945, Inv Perim Contribution: ,0, Final Score: ,-167.305
Point: ,83,136,Repeat score:,1, Repeat contribution: ,-1,Dist:,32.8024, Dist contribution: ,-164.012, New scanned ratio: ,0.0178432, New Scanned Cells Contribution: ,0,Area ratio: ,0.911485, Area ratio Contribution: ,0,Perim diff: ,1.06192, Perim diff Contribution: ,0,Frontier diff: ,0, Frontier diff Contribution ,0,Inverse Area ratio: ,0.94849, Inv Area Ratio Contribution: ,0,Inverse Perim ratio: ,1.06441, Inv Perim Contribution: ,0, Final Score: ,-165.012
Point: ,78,136,Repeat score:,1, Repeat contribution: ,-1,Dist:,36.0694, Dist contribution: ,-180.347, New scanned ratio: ,0.0178701, New Scanned Cells Contribution: ,0,Area ratio: ,0.912487, Area ratio Contribution: ,0,Perim diff: ,1.06511, Perim diff Contribution: ,0,Frontier diff: ,0, Frontier diff Contribution ,0,Inverse Area ratio: ,0.948463, Inv Area Ratio Contribution: ,0,Inverse Perim ratio: ,1.06741, Inv Perim Contribution: ,0, Final Score: ,-181.347
Point: ,74,134,Repeat score:,1, Repeat contribution: ,-1,Dist:,37.2634, Dist contribution: ,-186.317, New scanned ratio: ,0.0158217, New Scanned Cells Contribution: ,0,Area ratio: ,0.918103, Area ratio Contribution: ,0,Perim diff: ,1.06311, Perim diff Contribution: ,0,Frontier diff: ,0, Frontier diff Contribution ,0,Inverse Area ratio: ,0.949865, Inv Area Ratio Contribution: ,0,Inverse Perim ratio: ,1.06464, Inv Perim Contribution: ,0, Final Score: ,-187.317
Point: ,71,136,Repeat score:,1, Repeat contribution: ,-1,Dist:,41.2311, Dist contribution: ,-206.155, New scanned ratio: ,0.017951, New Scanned Cells Contribution: ,0,Area ratio: ,0.913943, Area ratio Contribution: ,0,Perim diff: ,1.06787, Perim diff Contribution: ,0,Frontier diff: ,0, Frontier diff Contribution ,0,Inverse Area ratio: ,0.94838, Inv Area Ratio Contribution: ,0,Inverse Perim ratio: ,1.07005, Inv Perim Contribution: ,0, Final Score: ,-207.155
BEST Point:,123,117, Score: ,-101.211
COUNT COMMAND: 1
Total frontiers: ,104, Prioritised frontiers: ,24
At: ,122,116,
Point: ,161,117,Repeat score:,1, Repeat contribution: ,-1,Dist:,39.0217, Dist contribution: ,-195.108, New scanned ratio: ,0.0177771, New Scanned Cells Contribution: ,0,Area ratio: ,0.965321, Area ratio Contribution: ,0,Perim diff: ,1.05635, Perim diff Contribution: ,0,Frontier diff: ,0, Frontier diff Contribution ,0,Inverse Area ratio: ,0.95549, Inv Area Ratio Contribution: ,0,Inverse Perim ratio: ,1.05396, Inv Perim Contribution: ,0, Final Score: ,-196.108
Point: ,160,118,Repeat score:,1, Repeat contribution: ,-1,Dist:,38.0888, Dist contribution: ,-190.444, New scanned ratio: ,0.0186846, New Scanned Cells Contribution: ,0,Area ratio: ,0.963676, Area ratio Contribution: ,0,Perim diff: ,1.05489, Perim diff Contribution: ,0,Frontier diff: ,0, Frontier diff Contribution ,0,Inverse Area ratio: ,0.954895, Inv Area Ratio Contribution: ,0,Inverse Perim ratio: ,1.0532, Inv Perim Contribution: ,0, Final Score: ,-191.444
Point: ,159,117,Repeat score:,1, Repeat contribution: ,-1,Dist:,37.0228, Dist contribution: ,-185.114, New scanned ratio: ,0.0174568, New Scanned Cells Contribution: ,0,Area ratio: ,0.96557, Area ratio Contribution: ,0,Perim diff: ,1.0532, Perim diff Contribution: ,0,Frontier diff: ,0, Frontier diff Contribution ,0,Inverse Area ratio: ,0.95575, Inv Area Ratio Contribution: ,0,Inverse Perim ratio: ,1.0512, Inv Perim Contribution: ,0, Final Score: ,-186.114
Point: ,154,117,Repeat score:,1, Repeat contribution: ,-1,Dist:,32.0264, Dist contribution: ,-160.132, New scanned ratio: ,0.0161221, New Scanned Cells Contribution: ,0,Area ratio: ,0.965676, Area ratio Contribution: ,0,Perim diff: ,1.04755, Perim diff Contribution: ,0,Frontier diff: ,0, Frontier diff Contribution ,0,Inverse Area ratio: ,0.956727, Inv Area Ratio Contribution: ,0,Inverse Perim ratio: ,1.04612, Inv Perim Contribution: ,0, Final Score: ,-161.132
Point: ,151,115,Repeat score:,1, Repeat contribution: ,-1,Dist:,29.0291, Dist contribution: ,-145.146, New scanned ratio: ,0.0131326, New Scanned Cells Contribution: ,0,Area ratio: ,0.968179, Area ratio Contribution: ,0,Perim diff: ,1.04698, Perim diff Contribution: ,0,Frontier diff: ,0, Frontier diff Contribution ,0,Inverse Area ratio: ,0.957288, Inv Area Ratio Contribution: ,0,Inverse Perim ratio: ,1.04524, Inv Perim Contribution: ,0, Final Score: ,-146.146
Point: ,149,115,Repeat score:,1, Repeat contribution: ,-1,Dist:,27.0313, Dist contribution: ,-135.156, New scanned ratio: ,0.0123051, New Scanned Cells Contribution: ,0,Area ratio: ,0.967866, Area ratio Contribution: ,0,Perim diff: ,1.04651, Perim diff Contribution: ,0,Frontier diff: ,0, Frontier diff Contribution ,0,Inverse Area ratio: ,0.955008, Inv Area Ratio Contribution: ,0,Inverse Perim ratio: ,1.04476, Inv Perim Contribution: ,0, Final Score: ,-136.156
Point: ,146,117,Repeat score:,1, Repeat contribution: ,-1,Dist:,24.0352, Dist contribution: ,-120.176, New scanned ratio: ,0.0127589, New Scanned Cells Contribution: ,0,Area ratio: ,0.96432, Area ratio Contribution: ,0,Perim diff: ,1.04672, Perim diff Contribution: ,0,Frontier diff: ,0, Frontier diff Contribution ,0,Inverse Area ratio: ,0.954519, Inv Area Ratio Contribution: ,0,Inverse Perim ratio: ,1.04526, Inv Perim Contribution: ,0, Final Score: ,-121.176
Point: ,142,117,Repeat score:,1, Repeat contribution: ,-1,Dist:,20.0422, Dist contribution: ,-100.211, New scanned ratio: ,0.0109705, New Scanned Cells Contribution: ,0,Area ratio: ,0.963615, Area ratio Contribution: ,0,Perim diff: ,1.04575, Perim diff Contribution: ,0,Frontier diff: ,0, Frontier diff Contribution ,0,Inverse Area ratio: ,0.95575, Inv Area Ratio Contribution: ,0,Inverse Perim ratio: ,1.04431, Inv Perim Contribution: ,0, Final Score: ,-101.211
Point: ,142,122,Repeat score:,1, Repeat contribution: ,-1,Dist:,21.4672, Dist contribution: ,-107.336, New scanned ratio: ,0.0153214, New Scanned Cells Contribution: ,0,Area ratio: ,0.952095, Area ratio Contribution: ,0,Perim diff: ,1.0527, Perim diff Contribution: ,0,Frontier diff: ,0, Frontier diff Contribution ,0,Inverse Area ratio: ,0.95265, Inv Area Ratio Contribution: ,0,Inverse Perim ratio: ,1.05155, Inv Perim Contribution: ,0, Final Score: ,-108.336
Point: ,139,128,Repeat score:,1, Repeat contribution: ,-1,Dist:,23.0729, Dist contribution: ,-115.365, New scanned ratio: ,0.0194053, New Scanned Cells Contribution: ,0,Area ratio: ,0.93635, Area ratio Contribution: ,0,Perim diff: ,1.06631, Perim diff Contribution: ,0,Frontier diff: ,0, Frontier diff Contribution ,0,Inverse Area ratio: ,0.949697, Inv Area Ratio Contribution: ,0,Inverse Perim ratio: ,1.06527, Inv Perim Contribution: ,0, Final Score: ,-116.365
Point: ,134,133,Repeat score:,1, Repeat contribution: ,-1,Dist:,25.1478, Dist contribution: ,-125.739, New scanned ratio: ,0.0211403, New Scanned Cells Contribution: ,0,Area ratio: ,0.922751, Area ratio Contribution: ,0,Perim diff: ,1.08458, Perim diff Contribution: ,0,Frontier diff: ,0, Frontier diff Contribution ,0,Inverse Area ratio: ,0.943785, Inv Area Ratio Contribution: ,0,Inverse Perim ratio: ,1.08336, Inv Perim Contribution: ,0, Final Score: ,-126.739
Point: ,128,136,Repeat score:,1, Repeat contribution: ,-1,Dist:,26.6833, Dist contribution: ,-133.417, New scanned ratio: ,0.0209801, New Scanned Cells Contribution: ,0,Area ratio: ,0.914128, Area ratio Contribution: ,0,Perim diff: ,1.08494, Perim diff Contribution: ,0,Frontier diff: ,0, Frontier diff Contribution ,0,Inverse Area ratio: ,0.943887, Inv Area Ratio Contribution: ,0,Inverse Perim ratio: ,1.08491, Inv Perim Contribution: ,0, Final Score: ,-134.417
Point: ,123,136,Repeat score:,1, Repeat contribution: ,-1,Dist:,26.0192, Dist contribution: ,-130.096, New scanned ratio: ,0.0192718, New Scanned Cells Contribution: ,0,Area ratio: ,0.913599, Area ratio Contribution: ,0,Perim diff: ,1.07754, Perim diff Contribution: ,0,Frontier diff: ,0, Frontier diff Contribution ,0,Inverse Area ratio: ,0.945139, Inv Area Ratio Contribution: ,0,Inverse Perim ratio: ,1.07829, Inv Perim Contribution: ,0, Final Score: ,-131.096
Point: ,122,137,Repeat score:,1, Repeat contribution: ,-1,Dist:,27.3, Dist contribution: ,-136.5, New scanned ratio: ,0.0199925, New Scanned Cells Contribution: ,0,Area ratio: ,0.911164, Area ratio Contribution: ,0,Perim diff: ,1.07958, Perim diff Contribution: ,0,Frontier diff: ,0, Frontier diff Contribution ,0,Inverse Area ratio: ,0.944624, Inv Area Ratio Contribution: ,0,Inverse Perim ratio: ,1.08057, Inv Perim Contribution: ,0, Final Score: ,-137.5
Point: ,121,136,Repeat score:,1, Repeat contribution: ,-1,Dist:,26.0192, Dist contribution: ,-130.096, New scanned ratio: ,0.0187647, New Scanned Cells Contribution: ,0,Area ratio: ,0.913561, Area ratio Contribution: ,0,Perim diff: ,1.07521, Perim diff Contribution: ,0,Frontier diff: ,0, Frontier diff Contribution ,0,Inverse Area ratio: ,0.945508, Inv Area Ratio Contribution: ,0,Inverse Perim ratio: ,1.0762, Inv Perim Contribution: ,0, Final Score: ,-131.096
Point: ,116,136,Repeat score:,1, Repeat contribution: ,-1,Dist:,26.6833, Dist contribution: ,-133.417, New scanned ratio: ,0.0179105, New Scanned Cells Contribution: ,0,Area ratio: ,0.913855, Area ratio Contribution: ,0,Perim diff: ,1.07233, Perim diff Contribution: ,0,Frontier diff: ,0, Frontier diff Contribution ,0,Inverse Area ratio: ,0.946107, Inv Area Ratio Contribution: ,0,Inverse Perim ratio: ,1.07365, Inv Perim Contribution: ,0, Final Score: ,-134.417
Point: ,113,134,Repeat score:,1, Repeat contribution: ,-1,Dist:,25.0711, Dist contribution: ,-125.355, New scanned ratio: ,0.0156684, New Scanned Cells Contribution: ,0,Area ratio: ,0.919073, Area ratio Contribution: ,0,Perim diff: ,1.06583, Perim diff Contribution: ,0,Frontier diff: ,0, Frontier diff Contribution ,0,Inverse Area ratio: ,0.947718, Inv Area Ratio Contribution: ,0,Inverse Perim ratio: ,1.06707, Inv Perim Contribution: ,0, Final Score: ,-126.355
Point: ,109,136,Repeat score:,1, Repeat contribution: ,-1,Dist:,29.0689, Dist contribution: ,-145.344, New scanned ratio: ,0.017697, New Scanned Cells Contribution: ,0,Area ratio: ,0.915143, Area ratio Contribution: ,0,Perim diff: ,1.06535, Perim diff Contribution: ,0,Frontier diff: ,0, Frontier diff Contribution ,0,Inverse Area ratio: ,0.946318, Inv Area Ratio Contribution: ,0,Inverse Perim ratio: ,1.06748, Inv Perim Contribution: ,0, Final Score: ,-146.344
Point: ,104,136,Repeat score:,1, Repeat contribution: ,-1,Dist:,31.6228, Dist contribution: ,-158.114, New scanned ratio: ,0.0176703, New Scanned Cells Contribution: ,0,Area ratio: ,0.916143, Area ratio Contribution: ,0,Perim diff: ,1.06202, Perim diff Contribution: ,0,Frontier diff: ,0, Frontier diff Contribution ,0,Inverse Area ratio: ,0.946328, Inv Area Ratio Contribution: ,0,Inverse Perim ratio: ,1.06443, Inv Perim Contribution: ,0, Final Score: ,-159.114
Point: ,103,137,Repeat score:,1, Repeat contribution: ,-1,Dist:,33.2609, Dist contribution: ,-166.305, New scanned ratio: ,0.0187113, New Scanned Cells Contribution: ,0,Area ratio: ,0.913956, Area ratio Contribution: ,0,Perim diff: ,1.06715, Perim diff Contribution: ,0,Frontier diff: ,0, Frontier diff Contribution ,0,Inverse Area ratio: ,0.945572, Inv Area Ratio Contribution: ,0,Inverse Perim ratio: ,1.06947, Inv Perim Contribution: ,0, Final Score: ,-167.305
Point: ,102,136,Repeat score:,1, Repeat contribution: ,-1,Dist:,32.8024, Dist contribution: ,-164.012, New scanned ratio: ,0.0176703, New Scanned Cells Contribution: ,0,Area ratio: ,0.916544, Area ratio Contribution: ,0,Perim diff: ,1.06201, Perim diff Contribution: ,0,Frontier diff: ,0, Frontier diff Contribution ,0,Inverse Area ratio: ,0.946328, Inv Area Ratio Contribution: ,0,Inverse Perim ratio: ,1.06443, Inv Perim Contribution: ,0, Final Score: ,-165.012
Point: ,97,136,Repeat score:,1, Repeat contribution: ,-1,Dist:,36.0694, Dist contribution: ,-180.347, New scanned ratio: ,0.017697, New Scanned Cells Contribution: ,0,Area ratio: ,0.917548, Area ratio Contribution: ,0,Perim diff: ,1.06533, Perim diff Contribution: ,0,Frontier diff: ,0, Frontier diff Contribution ,0,Inverse Area ratio: ,0.9463, Inv Area Ratio Contribution: ,0,Inverse Perim ratio: ,1.06743, Inv Perim Contribution: ,0, Final Score: ,-181.347
Point: ,94,134,Repeat score:,1, Repeat contribution: ,-1,Dist:,36.4905, Dist contribution: ,-182.453, New scanned ratio: ,0.0156417, New Scanned Cells Contribution: ,0,Area ratio: ,0.92294, Area ratio Contribution: ,0,Perim diff: ,1.06257, Perim diff Contribution: ,0,Frontier diff: ,0, Frontier diff Contribution ,0,Inverse Area ratio: ,0.947737, Inv Area Ratio Contribution: ,0,Inverse Perim ratio: ,1.06398, Inv Perim Contribution: ,0, Final Score: ,-183.453
Point: ,90,136,Repeat score:,1, Repeat contribution: ,-1,Dist:,41.2311, Dist contribution: ,-206.155, New scanned ratio: ,0.017697, New Scanned Cells Contribution: ,0,Area ratio: ,0.918932, Area ratio Contribution: ,0,Perim diff: ,1.06537, Perim diff Contribution: ,0,Frontier diff: ,0, Frontier diff Contribution ,0,Inverse Area ratio: ,0.946309, Inv Area Ratio Contribution: ,0,Inverse Perim ratio: ,1.06749, Inv Perim Contribution: ,0, Final Score: ,-207.155
BEST Point:,142,117, Score: ,-101.211
COUNT COMMAND: 1
Total frontiers: ,103, Prioritised frontiers: ,23
At: ,141,116,
Point: ,180,118,Repeat score:,1, Repeat contribution: ,-1,Dist:,39.0866, Dist contribution: ,-195.433, New scanned ratio: ,0.0186639, New Scanned Cells Contribution: ,0,Area ratio: ,0.967699, Area ratio Contribution: ,0,Perim diff: ,1.05727, Perim diff Contribution: ,0,Frontier diff: ,0, Frontier diff Contribution ,0,Inverse Area ratio: ,0.951818, Inv Area Ratio Contribution: ,0,Inverse Perim ratio: ,1.05564, Inv Perim Contribution: ,0, Final Score: ,-196.433
Point: ,179,117,Repeat score:,1, Repeat contribution: ,-1,Dist:,38.0222, Dist contribution: ,-190.111, New scanned ratio: ,0.0174743, New Scanned Cells Contribution: ,0,Area ratio: ,0.969608, Area ratio Contribution: ,0,Perim diff: ,1.05407, Perim diff Contribution: ,0,Frontier diff: ,0, Frontier diff Contribution ,0,Inverse Area ratio: ,0.952668, Inv Area Ratio Contribution: ,0,Inverse Perim ratio: ,1.05236, Inv Perim Contribution: ,0, Final Score: ,-191.111
Point: ,174,117,Repeat score:,1, Repeat contribution: ,-1,Dist:,33.0256, Dist contribution: ,-165.128, New scanned ratio: ,0.0162847, New Scanned Cells Contribution: ,0,Area ratio: ,0.969846, Area ratio Contribution: ,0,Perim diff: ,1.04798, Perim diff Contribution: ,0,Frontier diff: ,0, Frontier diff Contribution ,0,Inverse Area ratio: ,0.953564, Inv Area Ratio Contribution: ,0,Inverse Perim ratio: ,1.04686, Inv Perim Contribution: ,0, Final Score: ,-166.128
Point: ,171,115,Repeat score:,1, Repeat contribution: ,-1,Dist:,30.0282, Dist contribution: ,-150.141, New scanned ratio: ,0.0133503, New Scanned Cells Contribution: ,0,Area ratio: ,0.972521, Area ratio Contribution: ,0,Perim diff: ,1.04651, Perim diff Contribution: ,0,Frontier diff: ,0, Frontier diff Contribution ,0,Inverse Area ratio: ,0.954897, Inv Area Ratio Contribution: ,0,Inverse Perim ratio: ,1.04513, Inv Perim Contribution: ,0, Final Score: ,-151.141
Point: ,169,115,Repeat score:,1, Repeat contribution: ,-1,Dist:,28.0302, Dist contribution: ,-140.151, New scanned ratio: ,0.0125572, New Scanned Cells Contribution: ,0,Area ratio: ,0.972275, Area ratio Contribution: ,0,Perim diff: ,1.04576, Perim diff Contribution: ,0,Frontier diff: ,0, Frontier diff Contribution ,0,Inverse Area ratio: ,0.952605, Inv Area Ratio Contribution: ,0,Inverse Perim ratio: ,1.04443, Inv Perim Contribution: ,0, Final Score: ,-141.151
Point: ,166,117,Repeat score:,1, Repeat contribution: ,-1,Dist:,25.0338, Dist contribution: ,-125.169, New scanned ratio: ,0.0130595, New Scanned Cells Contribution: ,0,Area ratio: ,0.968845, Area ratio Contribution: ,0,Perim diff: ,1.04607, Perim diff Contribution: ,0,Frontier diff: ,0, Frontier diff Contribution ,0,Inverse Area ratio: ,0.95204, Inv Area Ratio Contribution: ,0,Inverse Perim ratio: ,1.04505, Inv Perim Contribution: ,0, Final Score: ,-126.169
Point: ,161,117,Repeat score:,1, Repeat contribution: ,-1,Dist:,20.0422, Dist contribution: ,-100.211, New scanned ratio: ,0.0108653, New Scanned Cells Contribution: ,0,Area ratio: ,0.968072, Area ratio Contribution: ,0,Perim diff: ,1.04528, Perim diff Contribution: ,0,Frontier diff: ,0, Frontier diff Contribution ,0,Inverse Area ratio: ,0.953602, Inv Area Ratio Contribution: ,0,Inverse Perim ratio: ,1.04423, Inv Perim Contribution: ,0, Final Score: ,-101.211
Point: ,161,122,Repeat score:,1, Repeat contribution: ,-1,Dist:,21.4672, Dist contribution: ,-107.336, New scanned ratio: ,0.0151743, New Scanned Cells Contribution: ,0,Area ratio: ,0.956694, Area ratio Contribution: ,0,Perim diff: ,1.0521, Perim diff Contribution: ,0,Frontier diff: ,0, Frontier diff Contribution ,0,Inverse Area ratio: ,0.950486, Inv Area Ratio Contribution: ,0,Inverse Perim ratio: ,1.05147, Inv Perim Contribution: ,0, Final Score: ,-108.336
Point: ,158,128,Repeat score:,1, Repeat contribution: ,-1,Dist:,23.0729, Dist contribution: ,-115.365, New scanned ratio: ,0.0192191, New Scanned Cells Contribution: ,0,Area ratio: ,0.940941, Area ratio Contribution: ,0,Perim diff: ,1.06559, Perim diff Contribution: ,0,Frontier diff: ,0, Frontier diff Contribution ,0,Inverse Area ratio: ,0.94752, Inv Area Ratio Contribution: ,0,Inverse Perim ratio: ,1.06519, Inv Perim Contribution: ,0, Final Score: ,-116.365
Point: ,153,133,Repeat score:,1, Repeat contribution: ,-1,Dist:,25.1478, Dist contribution: ,-125.739, New scanned ratio: ,0.0209374, New Scanned Cells Contribution: ,0,Area ratio: ,0.927357, Area ratio Contribution: ,0,Perim diff: ,1.0831, Perim diff Contribution: ,0,Frontier diff: ,0, Frontier diff Contribution ,0,Inverse Area ratio: ,0.94159, Inv Area Ratio Contribution: ,0,Inverse Perim ratio: ,1.08267, Inv Perim Contribution: ,0, Final Score: ,-126.739
Point: ,147,136,Repeat score:,1, Repeat contribution: ,-1,Dist:,26.6833, Dist contribution: ,-133.417, New scanned ratio: ,0.0207788, New Scanned Cells Contribution: ,0,Area ratio: ,0.918972, Area ratio Contribution: ,0,Perim diff: ,1.08421, Perim diff Contribution: ,0,Frontier diff: ,0, Frontier diff Contribution ,0,Inverse Area ratio: ,0.941692, Inv Area Ratio Contribution: ,0,Inverse Perim ratio: ,1.08488, Inv Perim Contribution: ,0, Final Score: ,-134.417
Point: ,142,136,Repeat score:,1, Repeat contribution: ,-1,Dist:,26.0192, Dist contribution: ,-130.096, New scanned ratio: ,0.0190869, New Scanned Cells Contribution: ,0,Area ratio: ,0.918561, Area ratio Contribution: ,0,Perim diff: ,1.0769, Perim diff Contribution: ,0,Frontier diff: ,0, Frontier diff Contribution ,0,Inverse Area ratio: ,0.94295, Inv Area Ratio Contribution: ,0,Inverse Perim ratio: ,1.07825, Inv Perim Contribution: ,0, Final Score: ,-131.096
Point: ,141,137,Repeat score:,1, Repeat contribution: ,-1,Dist:,27.3, Dist contribution: ,-136.5, New scanned ratio: ,0.0198007, New Scanned Cells Contribution: ,0,Area ratio: ,0.916163, Area ratio Contribution: ,0,Perim diff: ,1.07895, Perim diff Contribution: ,0,Frontier diff: ,0, Frontier diff Contribution ,0,Inverse Area ratio: ,0.942432, Inv Area Ratio Contribution: ,0,Inverse Perim ratio: ,1.08054, Inv Perim Contribution: ,0, Final Score: ,-137.5
Point: ,140,136,Repeat score:,1, Repeat contribution: ,-1,Dist:,26.0192, Dist contribution: ,-130.096, New scanned ratio: ,0.0185846, New Scanned Cells Contribution: ,0,Area ratio: ,0.91857, Area ratio Contribution: ,0,Perim diff: ,1.07461, Perim diff Contribution: ,0,Frontier diff: ,0, Frontier diff Contribution ,0,Inverse Area ratio: ,0.94332, Inv Area Ratio Contribution: ,0,Inverse Perim ratio: ,1.07616, Inv Perim Contribution: ,0, Final Score: ,-131.096
Point: ,135,136,Repeat score:,1, Repeat contribution: ,-1,Dist:,26.6833, Dist contribution: ,-133.417, New scanned ratio: ,0.0177387, New Scanned Cells Contribution: ,0,Area ratio: ,0.918868, Area ratio Contribution: ,0,Perim diff: ,1.07182, Perim diff Contribution: ,0,Frontier diff: ,0, Frontier diff Contribution ,0,Inverse Area ratio: ,0.943922, Inv Area Ratio Contribution: ,0,Inverse Perim ratio: ,1.07361, Inv Perim Contribution: ,0, Final Score: ,-134.417
Point: ,132,134,Repeat score:,1, Repeat contribution: ,-1,Dist:,25.0711, Dist contribution: ,-125.355, New scanned ratio: ,0.015518, New Scanned Cells Contribution: ,0,Area ratio: ,0.924014, Area ratio Contribution: ,0,Perim diff: ,1.06536, Perim diff Contribution: ,0,Frontier diff: ,0, Frontier diff Contribution ,0,Inverse Area ratio: ,0.945542, Inv Area Ratio Contribution: ,0,Inverse Perim ratio: ,1.06704, Inv Perim Contribution: ,0, Final Score: ,-126.355
Point: ,128,136,Repeat score:,1, Repeat contribution: ,-1,Dist:,29.0689, Dist contribution: ,-145.344, New scanned ratio: ,0.0175272, New Scanned Cells Contribution: ,0,Area ratio: ,0.920158, Area ratio Contribution: ,0,Perim diff: ,1.06495, Perim diff Contribution: ,0,Frontier diff: ,0, Frontier diff Contribution ,0,Inverse Area ratio: ,0.944135, Inv Area Ratio Contribution: ,0,Inverse Perim ratio: ,1.06744, Inv Perim Contribution: ,0, Final Score: ,-146.344
Point: ,123,136,Repeat score:,1, Repeat contribution: ,-1,Dist:,31.6228, Dist contribution: ,-158.114, New scanned ratio: ,0.0175007, New Scanned Cells Contribution: ,0,Area ratio: ,0.92116, Area ratio Contribution: ,0,Perim diff: ,1.0617, Perim diff Contribution: ,0,Frontier diff: ,0, Frontier diff Contribution ,0,Inverse Area ratio: ,0.944144, Inv Area Ratio Contribution: ,0,Inverse Perim ratio: ,1.06439, Inv Perim Contribution: ,0, Final Score: ,-159.114
Point: ,122,137,Repeat score:,1, Repeat contribution: ,-1,Dist:,33.2609, Dist contribution: ,-166.305, New scanned ratio: ,0.0185317, New Scanned Cells Contribution: ,0,Area ratio: ,0.918965, Area ratio Contribution: ,0,Perim diff: ,1.06687, Perim diff Contribution: ,0,Frontier diff: ,0, Frontier diff Contribution ,0,Inverse Area ratio: ,0.943385, Inv Area Ratio Contribution: ,0,Inverse Perim ratio: ,1.06943, Inv Perim Contribution: ,0, Final Score: ,-167.305
Point: ,121,136,Repeat score:,1, Repeat contribution: ,-1,Dist:,32.8024, Dist contribution: ,-164.012, New scanned ratio: ,0.0175007, New Scanned Cells Contribution: ,0,Area ratio: ,0.921561, Area ratio Contribution: ,0,Perim diff: ,1.06173, Perim diff Contribution: ,0,Frontier diff: ,0, Frontier diff Contribution ,0,Inverse Area ratio: ,0.944144, Inv Area Ratio Contribution: ,0,Inverse Perim ratio: ,1.06439, Inv Perim Contribution: ,0, Final Score: ,-165.012
Point: ,116,136,Repeat score:,1, Repeat contribution: ,-1,Dist:,36.0694, Dist contribution: ,-180.347, New scanned ratio: ,0.0175272, New Scanned Cells Contribution: ,0,Area ratio: ,0.922566, Area ratio Contribution: ,0,Perim diff: ,1.06514, Perim diff Contribution: ,0,Frontier diff: ,0, Frontier diff Contribution ,0,Inverse Area ratio: ,0.944116, Inv Area Ratio Contribution: ,0,Inverse Perim ratio: ,1.06739, Inv Perim Contribution: ,0, Final Score: ,-181.347
Point: ,113,134,Repeat score:,1, Repeat contribution: ,-1,Dist:,36.4905, Dist contribution: ,-182.453, New scanned ratio: ,0.0154916, New Scanned Cells Contribution: ,0,Area ratio: ,0.927976, Area ratio Contribution: ,0,Perim diff: ,1.06238, Perim diff Contribution: ,0,Frontier diff: ,0, Frontier diff Contribution ,0,Inverse Area ratio: ,0.94556, Inv Area Ratio Contribution: ,0,Inverse Perim ratio: ,1.06394, Inv Perim Contribution: ,0, Final Score: ,-183.453
Point: ,109,136,Repeat score:,1, Repeat contribution: ,-1,Dist:,41.2311, Dist contribution: ,-206.155, New scanned ratio: ,0.0175272, New Scanned Cells Contribution: ,0,Area ratio: ,0.923952, Area ratio Contribution: ,0,Perim diff: ,1.06531, Perim diff Contribution: ,0,Frontier diff: ,0, Frontier diff Contribution ,0,Inverse Area ratio: ,0.944126, Inv Area Ratio Contribution: ,0,Inverse Perim ratio: ,1.06745, Inv Perim Contribution: ,0, Final Score: ,-207.155
BEST Point:,161,117, Score: ,-101.211
COUNT COMMAND: 1
Total frontiers: ,103, Prioritised frontiers: ,23
At: ,160,116,
Point: ,199,117,Repeat score:,1, Repeat contribution: ,-1,Dist:,39.0217, Dist contribution: ,-195.108, New scanned ratio: ,0.0174387, New Scanned Cells Contribution: ,0,Area ratio: ,0.973563, Area ratio Contribution: ,0,Perim diff: ,1.05472, Perim diff Contribution: ,0,Frontier diff: ,0, Frontier diff Contribution ,0,Inverse Area ratio: ,0.945739, Inv Area Ratio Contribution: ,0,Inverse Perim ratio: ,1.05351, Inv Perim Contribution: ,0, Final Score: ,-196.108
Point: ,194,117,Repeat score:,1, Repeat contribution: ,-1,Dist:,34.0248, Dist contribution: ,-170.124, New scanned ratio: ,0.0163913, New Scanned Cells Contribution: ,0,Area ratio: ,0.973945, Area ratio Contribution: ,0,Perim diff: ,1.04871, Perim diff Contribution: ,0,Frontier diff: ,0, Frontier diff Contribution ,0,Inverse Area ratio: ,0.946552, Inv Area Ratio Contribution: ,0,Inverse Perim ratio: ,1.0482, Inv Perim Contribution: ,0, Final Score: ,-171.124
Point: ,191,115,Repeat score:,1, Repeat contribution: ,-1,Dist:,31.0272, Dist contribution: ,-155.136, New scanned ratio: ,0.013511, New Scanned Cells Contribution: ,0,Area ratio: ,0.976417, Area ratio Contribution: ,0,Perim diff: ,1.04689, Perim diff Contribution: ,0,Frontier diff: ,0, Frontier diff Contribution ,0,Inverse Area ratio: ,0.948615, Inv Area Ratio Contribution: ,0,Inverse Perim ratio: ,1.04585, Inv Perim Contribution: ,0, Final Score: ,-156.136
Point: ,189,115,Repeat score:,1, Repeat contribution: ,-1,Dist:,29.0291, Dist contribution: ,-145.146, New scanned ratio: ,0.0127517, New Scanned Cells Contribution: ,0,Area ratio: ,0.976251, Area ratio Contribution: ,0,Perim diff: ,1.04652, Perim diff Contribution: ,0,Frontier diff: ,0, Frontier diff Contribution ,0,Inverse Area ratio: ,0.949138, Inv Area Ratio Contribution: ,0,Inverse Perim ratio: ,1.04548, Inv Perim Contribution: ,0, Final Score: ,-146.146
Point: ,186,117,Repeat score:,1, Repeat contribution: ,-1,Dist:,26.0325, Dist contribution: ,-130.162, New scanned ratio: ,0.0133277, New Scanned Cells Contribution: ,0,Area ratio: ,0.973048, Area ratio Contribution: ,0,Perim diff: ,1.04556, Perim diff Contribution: ,0,Frontier diff: ,0, Frontier diff Contribution ,0,Inverse Area ratio: ,0.948811, Inv Area Ratio Contribution: ,0,Inverse Perim ratio: ,1.04506, Inv Perim Contribution: ,0, Final Score: ,-131.162
Point: ,181,117,Repeat score:,1, Repeat contribution: ,-1,Dist:,21.0402, Dist contribution: ,-105.201, New scanned ratio: ,0.0111806, New Scanned Cells Contribution: ,0,Area ratio: ,0.972374, Area ratio Contribution: ,0,Perim diff: ,1.04452, Perim diff Contribution: ,0,Frontier diff: ,0, Frontier diff Contribution ,0,Inverse Area ratio: ,0.950315, Inv Area Ratio Contribution: ,0,Inverse Perim ratio: ,1.04397, Inv Perim Contribution: ,0, Final Score: ,-106.201
Point: ,180,118,Repeat score:,1, Repeat contribution: ,-1,Dist:,20.1683, Dist contribution: ,-100.841, New scanned ratio: ,0.0115734, New Scanned Cells Contribution: ,0,Area ratio: ,0.970187, Area ratio Contribution: ,0,Perim diff: ,1.04512, Perim diff Contribution: ,0,Frontier diff: ,0, Frontier diff Contribution ,0,Inverse Area ratio: ,0.950053, Inv Area Ratio Contribution: ,0,Inverse Perim ratio: ,1.04477, Inv Perim Contribution: ,0, Final Score: ,-101.841
Point: ,180,122,Repeat score:,1, Repeat contribution: ,-1,Dist:,21.4672, Dist contribution: ,-107.336, New scanned ratio: ,0.0150297, New Scanned Cells Contribution: ,0,Area ratio: ,0.961071, Area ratio Contribution: ,0,Perim diff: ,1.05063, Perim diff Contribution: ,0,Frontier diff: ,0, Frontier diff Contribution ,0,Inverse Area ratio: ,0.947513, Inv Area Ratio Contribution: ,0,Inverse Perim ratio: ,1.05074, Inv Perim Contribution: ,0, Final Score: ,-108.336
Point: ,177,128,Repeat score:,1, Repeat contribution: ,-1,Dist:,23.0729, Dist contribution: ,-115.365, New scanned ratio: ,0.0190097, New Scanned Cells Contribution: ,0,Area ratio: ,0.94549, Area ratio Contribution: ,0,Perim diff: ,1.0646, Perim diff Contribution: ,0,Frontier diff: ,0, Frontier diff Contribution ,0,Inverse Area ratio: ,0.944544, Inv Area Ratio Contribution: ,0,Inverse Perim ratio: ,1.06507, Inv Perim Contribution: ,0, Final Score: ,-116.365
Point: ,172,133,Repeat score:,1, Repeat contribution: ,-1,Dist:,25.1478, Dist contribution: ,-125.739, New scanned ratio: ,0.0207117, New Scanned Cells Contribution: ,0,Area ratio: ,0.931883, Area ratio Contribution: ,0,Perim diff: ,1.08179, Perim diff Contribution: ,0,Frontier diff: ,0, Frontier diff Contribution ,0,Inverse Area ratio: ,0.939391, Inv Area Ratio Contribution: ,0,Inverse Perim ratio: ,1.08245, Inv Perim Contribution: ,0, Final Score: ,-126.739
Point: ,166,136,Repeat score:,1, Repeat contribution: ,-1,Dist:,26.6833, Dist contribution: ,-133.417, New scanned ratio: ,0.0205808, New Scanned Cells Contribution: ,0,Area ratio: ,0.923545, Area ratio Contribution: ,0,Perim diff: ,1.08244, Perim diff Contribution: ,0,Frontier diff: ,0, Frontier diff Contribution ,0,Inverse Area ratio: ,0.939466, Inv Area Ratio Contribution: ,0,Inverse Perim ratio: ,1.08419, Inv Perim Contribution: ,0, Final Score: ,-134.417
Point: ,161,136,Repeat score:,1, Repeat contribution: ,-1,Dist:,26.0192, Dist contribution: ,-130.096, New scanned ratio: ,0.018905, New Scanned Cells Contribution: ,0,Area ratio: ,0.923141, Area ratio Contribution: ,0,Perim diff: ,1.07524, Perim diff Contribution: ,0,Frontier diff: ,0, Frontier diff Contribution ,0,Inverse Area ratio: ,0.940731, Inv Area Ratio Contribution: ,0,Inverse Perim ratio: ,1.07756, Inv Perim Contribution: ,0, Final Score: ,-131.096
Point: ,160,137,Repeat score:,1, Repeat contribution: ,-1,Dist:,27.3, Dist contribution: ,-136.5, New scanned ratio: ,0.019612, New Scanned Cells Contribution: ,0,Area ratio: ,0.92085, Area ratio Contribution: ,0,Perim diff: ,1.07728, Perim diff Contribution: ,0,Frontier diff: ,0, Frontier diff Contribution ,0,Inverse Area ratio: ,0.94021, Inv Area Ratio Contribution: ,0,Inverse Perim ratio: ,1.07985, Inv Perim Contribution: ,0, Final Score: ,-137.5
Point: ,159,136,Repeat score:,1, Repeat contribution: ,-1,Dist:,26.0192, Dist contribution: ,-130.096, New scanned ratio: ,0.0184075, New Scanned Cells Contribution: ,0,Area ratio: ,0.923153, Area ratio Contribution: ,0,Perim diff: ,1.07298, Perim diff Contribution: ,0,Frontier diff: ,0, Frontier diff Contribution ,0,Inverse Area ratio: ,0.941103, Inv Area Ratio Contribution: ,0,Inverse Perim ratio: ,1.07547, Inv Perim Contribution: ,0, Final Score: ,-131.096
Point: ,154,136,Repeat score:,1, Repeat contribution: ,-1,Dist:,26.6833, Dist contribution: ,-133.417, New scanned ratio: ,0.0175696, New Scanned Cells Contribution: ,0,Area ratio: ,0.923565, Area ratio Contribution: ,0,Perim diff: ,1.07029, Perim diff Contribution: ,0,Frontier diff: ,0, Frontier diff Contribution ,0,Inverse Area ratio: ,0.941707, Inv Area Ratio Contribution: ,0,Inverse Perim ratio: ,1.07292, Inv Perim Contribution: ,0, Final Score: ,-134.417
Point: ,151,134,Repeat score:,1, Repeat contribution: ,-1,Dist:,25.0711, Dist contribution: ,-125.355, New scanned ratio: ,0.0153701, New Scanned Cells Contribution: ,0,Area ratio: ,0.928612, Area ratio Contribution: ,0,Perim diff: ,1.06392, Perim diff Contribution: ,0,Frontier diff: ,0, Frontier diff Contribution ,0,Inverse Area ratio: ,0.943335, Inv Area Ratio Contribution: ,0,Inverse Perim ratio: ,1.06635, Inv Perim Contribution: ,0, Final Score: ,-126.355
Point: ,147,136,Repeat score:,1, Repeat contribution: ,-1,Dist:,29.0689, Dist contribution: ,-145.344, New scanned ratio: ,0.0173601, New Scanned Cells Contribution: ,0,Area ratio: ,0.925012, Area ratio Contribution: ,0,Perim diff: ,1.06355, Perim diff Contribution: ,0,Frontier diff: ,0, Frontier diff Contribution ,0,Inverse Area ratio: ,0.941921, Inv Area Ratio Contribution: ,0,Inverse Perim ratio: ,1.06675, Inv Perim Contribution: ,0, Final Score: ,-146.344
Point: ,142,136,Repeat score:,1, Repeat contribution: ,-1,Dist:,31.6228, Dist contribution: ,-158.114, New scanned ratio: ,0.0173339, New Scanned Cells Contribution: ,0,Area ratio: ,0.926127, Area ratio Contribution: ,0,Perim diff: ,1.06039, Perim diff Contribution: ,0,Frontier diff: ,0, Frontier diff Contribution ,0,Inverse Area ratio: ,0.94193, Inv Area Ratio Contribution: ,0,Inverse Perim ratio: ,1.0637, Inv Perim Contribution: ,0, Final Score: ,-159.114
Point: ,141,137,Repeat score:,1, Repeat contribution: ,-1,Dist:,33.2609, Dist contribution: ,-166.305, New scanned ratio: ,0.0183551, New Scanned Cells Contribution: ,0,Area ratio: ,0.923968, Area ratio Contribution: ,0,Perim diff: ,1.06556, Perim diff Contribution: ,0,Frontier diff: ,0, Frontier diff Contribution ,0,Inverse Area ratio: ,0.941168, Inv Area Ratio Contribution: ,0,Inverse Perim ratio: ,1.06874, Inv Perim Contribution: ,0, Final Score: ,-167.305
Point: ,140,136,Repeat score:,1, Repeat contribution: ,-1,Dist:,32.8024, Dist contribution: ,-164.012, New scanned ratio: ,0.0173339, New Scanned Cells Contribution: ,0,Area ratio: ,0.926573, Area ratio Contribution: ,0,Perim diff: ,1.06045, Perim diff Contribution: ,0,Frontier diff: ,0, Frontier diff Contribution ,0,Inverse Area ratio: ,0.94193, Inv Area Ratio Contribution: ,0,Inverse Perim ratio: ,1.0637, Inv Perim Contribution: ,0, Final Score: ,-165.012
Point: ,135,136,Repeat score:,1, Repeat contribution: ,-1,Dist:,36.0694, Dist contribution: ,-180.347, New scanned ratio: ,0.0173601, New Scanned Cells Contribution: ,0,Area ratio: ,0.927579, Area ratio Contribution: ,0,Perim diff: ,1.06393, Perim diff Contribution: ,0,Frontier diff: ,0, Frontier diff Contribution ,0,Inverse Area ratio: ,0.941902, Inv Area Ratio Contribution: ,0,Inverse Perim ratio: ,1.0667, Inv Perim Contribution: ,0, Final Score: ,-181.347
Point: ,132,134,Repeat score:,1, Repeat contribution: ,-1,Dist:,36.4905, Dist contribution: ,-182.453, New scanned ratio: ,0.0153439, New Scanned Cells Contribution: ,0,Area ratio: ,0.932915, Area ratio Contribution: ,0,Perim diff: ,1.06122, Perim diff Contribution: ,0,Frontier diff: ,0, Frontier diff Contribution ,0,Inverse Area ratio: ,0.943353, Inv Area Ratio Contribution: ,0,Inverse Perim ratio: ,1.06325, Inv Perim Contribution: ,0, Final Score: ,-183.453
Point: ,128,136,Repeat score:,1, Repeat contribution: ,-1,Dist:,41.2311, Dist contribution: ,-206.155, New scanned ratio: ,0.0173601, New Scanned Cells Contribution: ,0,Area ratio: ,0.928968, Area ratio Contribution: ,0,Perim diff: ,1.06422, Perim diff Contribution: ,0,Frontier diff: ,0, Frontier diff Contribution ,0,Inverse Area ratio: ,0.941912, Inv Area Ratio Contribution: ,0,Inverse Perim ratio: ,1.06676, Inv Perim Contribution: ,0, Final Score: ,-207.155
BEST Point:,180,118, Score: ,-101.841
COUNT COMMAND: 1
Total frontiers: ,103, Prioritised frontiers: ,24
At: ,179,117,
Point: ,219,117,Repeat score:,1, Repeat contribution: ,-1,Dist:,40, Dist contribution: ,-200, New scanned ratio: ,0.0172606, New Scanned Cells Contribution: ,0,Area ratio: ,0.977511, Area ratio Contribution: ,0,Perim diff: ,1.06569, Perim diff Contribution: ,0,Frontier diff: ,0, Frontier diff Contribution ,0,Inverse Area ratio: ,0.93826, Inv Area Ratio Contribution: ,0,Inverse Perim ratio: ,1.0641, Inv Perim Contribution: ,0, Final Score: ,-201
Point: ,214,117,Repeat score:,1, Repeat contribution: ,-1,Dist:,35, Dist contribution: ,-175, New scanned ratio: ,0.0164053, New Scanned Cells Contribution: ,0,Area ratio: ,0.978222, Area ratio Contribution: ,0,Perim diff: ,1.04854, Perim diff Contribution: ,0,Frontier diff: ,0, Frontier diff Contribution ,0,Inverse Area ratio: ,0.939054, Inv Area Ratio Contribution: ,0,Inverse Perim ratio: ,1.04904, Inv Perim Contribution: ,0, Final Score: ,-176
Point: ,211,115,Repeat score:,1, Repeat contribution: ,-1,Dist:,32.1055, Dist contribution: ,-160.527, New scanned ratio: ,0.0135804, New Scanned Cells Contribution: ,0,Area ratio: ,0.979115, Area ratio Contribution: ,0,Perim diff: ,1.04639, Perim diff Contribution: ,0,Frontier diff: ,0, Frontier diff Contribution ,0,Inverse Area ratio: ,0.941108, Inv Area Ratio Contribution: ,0,Inverse Perim ratio: ,1.04609, Inv Perim Contribution: ,0, Final Score: ,-161.527
Point: ,209,115,Repeat score:,1, Repeat contribution: ,-1,Dist:,30.1125, Dist contribution: ,-150.562, New scanned ratio: ,0.0128288, New Scanned Cells Contribution: ,0,Area ratio: ,0.978976, Area ratio Contribution: ,0,Perim diff: ,1.04605, Perim diff Contribution: ,0,Frontier diff: ,0, Frontier diff Contribution ,0,Inverse Area ratio: ,0.941631, Inv Area Ratio Contribution: ,0,Inverse Perim ratio: ,1.04571, Inv Perim Contribution: ,0, Final Score: ,-151.562
Point: ,206,117,Repeat score:,1, Repeat contribution: ,-1,Dist:,27, Dist contribution: ,-135, New scanned ratio: ,0.013399, New Scanned Cells Contribution: ,0,Area ratio: ,0.977514, Area ratio Contribution: ,0,Perim diff: ,1.04471, Perim diff Contribution: ,0,Frontier diff: ,0, Frontier diff Contribution ,0,Inverse Area ratio: ,0.941267, Inv Area Ratio Contribution: ,0,Inverse Perim ratio: ,1.04498, Inv Perim Contribution: ,0, Final Score: ,-136
Point: ,201,117,Repeat score:,1, Repeat contribution: ,-1,Dist:,22, Dist contribution: ,-110, New scanned ratio: ,0.0112479, New Scanned Cells Contribution: ,0,Area ratio: ,0.976811, Area ratio Contribution: ,0,Perim diff: ,1.04404, Perim diff Contribution: ,0,Frontier diff: ,0, Frontier diff Contribution ,0,Inverse Area ratio: ,0.942845, Inv Area Ratio Contribution: ,0,Inverse Perim ratio: ,1.04415, Inv Perim Contribution: ,0, Final Score: ,-111
Point: ,199,118,Repeat score:,1, Repeat contribution: ,-1,Dist:,20.0422, Dist contribution: ,-100.211, New scanned ratio: ,0.0111442, New Scanned Cells Contribution: ,0,Area ratio: ,0.97475, Area ratio Contribution: ,0,Perim diff: ,1.04402, Perim diff Contribution: ,0,Frontier diff: ,0, Frontier diff Contribution ,0,Inverse Area ratio: ,0.942901, Inv Area Ratio Contribution: ,0,Inverse Perim ratio: ,1.0473, Inv Perim Contribution: ,0, Final Score: ,-101.211
Point: ,199,123,Repeat score:,1, Repeat contribution: ,-1,Dist:,21.4672, Dist contribution: ,-107.336, New scanned ratio: ,0.0153687, New Scanned Cells Contribution: ,0,Area ratio: ,0.96338, Area ratio Contribution: ,0,Perim diff: ,1.05192, Perim diff Contribution: ,0,Frontier diff: ,0, Frontier diff Contribution ,0,Inverse Area ratio: ,0.939782, Inv Area Ratio Contribution: ,0,Inverse Perim ratio: ,1.05306, Inv Perim Contribution: ,0, Final Score: ,-108.336
Point: ,196,129,Repeat score:,1, Repeat contribution: ,-1,Dist:,23.0729, Dist contribution: ,-115.365, New scanned ratio: ,0.0190748, New Scanned Cells Contribution: ,0,Area ratio: ,0.947685, Area ratio Contribution: ,0,Perim diff: ,1.0667, Perim diff Contribution: ,0,Frontier diff: ,0, Frontier diff Contribution ,0,Inverse Area ratio: ,0.936925, Inv Area Ratio Contribution: ,0,Inverse Perim ratio: ,1.07146, Inv Perim Contribution: ,0, Final Score: ,-116.365
Point: ,191,134,Repeat score:,1, Repeat contribution: ,-1,Dist:,25.1478, Dist contribution: ,-125.739, New scanned ratio: ,0.020552, New Scanned Cells Contribution: ,0,Area ratio: ,0.933924, Area ratio Contribution: ,0,Perim diff: ,1.08474, Perim diff Contribution: ,0,Frontier diff: ,0, Frontier diff Contribution ,0,Inverse Area ratio: ,0.935729, Inv Area Ratio Contribution: ,0,Inverse Perim ratio: ,1.08702, Inv Perim Contribution: ,0, Final Score: ,-126.739
Point: ,185,137,Repeat score:,1, Repeat contribution: ,-1,Dist:,26.6833, Dist contribution: ,-133.417, New scanned ratio: ,0.0204484, New Scanned Cells Contribution: ,0,Area ratio: ,0.925681, Area ratio Contribution: ,0,Perim diff: ,1.08398, Perim diff Contribution: ,0,Frontier diff: ,0, Frontier diff Contribution ,0,Inverse Area ratio: ,0.935804, Inv Area Ratio Contribution: ,0,Inverse Perim ratio: ,1.08745, Inv Perim Contribution: ,0, Final Score: ,-134.417
Point: ,180,137,Repeat score:,1, Repeat contribution: ,-1,Dist:,26.0192, Dist contribution: ,-130.096, New scanned ratio: ,0.0189452, New Scanned Cells Contribution: ,0,Area ratio: ,0.925438, Area ratio Contribution: ,0,Perim diff: ,1.07502, Perim diff Contribution: ,0,Frontier diff: ,0, Frontier diff Contribution ,0,Inverse Area ratio: ,0.936981, Inv Area Ratio Contribution: ,0,Inverse Perim ratio: ,1.07916, Inv Perim Contribution: ,0, Final Score: ,-131.096
Point: ,179,138,Repeat score:,1, Repeat contribution: ,-1,Dist:,27.3, Dist contribution: ,-136.5, New scanned ratio: ,0.0196449, New Scanned Cells Contribution: ,0,Area ratio: ,0.923169, Area ratio Contribution: ,0,Perim diff: ,1.07708, Perim diff Contribution: ,0,Frontier diff: ,0, Frontier diff Contribution ,0,Inverse Area ratio: ,0.936439, Inv Area Ratio Contribution: ,0,Inverse Perim ratio: ,1.08144, Inv Perim Contribution: ,0, Final Score: ,-137.5
Point: ,178,137,Repeat score:,1, Repeat contribution: ,-1,Dist:,26.0192, Dist contribution: ,-130.096, New scanned ratio: ,0.0184787, New Scanned Cells Contribution: ,0,Area ratio: ,0.925462, Area ratio Contribution: ,0,Perim diff: ,1.07476, Perim diff Contribution: ,0,Frontier diff: ,0, Frontier diff Contribution ,0,Inverse Area ratio: ,0.937317, Inv Area Ratio Contribution: ,0,Inverse Perim ratio: ,1.07873, Inv Perim Contribution: ,0, Final Score: ,-131.096
Point: ,173,137,Repeat score:,1, Repeat contribution: ,-1,Dist:,26.6833, Dist contribution: ,-133.417, New scanned ratio: ,0.0177789, New Scanned Cells Contribution: ,0,Area ratio: ,0.926017, Area ratio Contribution: ,0,Perim diff: ,1.07033, Perim diff Contribution: ,0,Frontier diff: ,0, Frontier diff Contribution ,0,Inverse Area ratio: ,0.93783, Inv Area Ratio Contribution: ,0,Inverse Perim ratio: ,1.07452, Inv Perim Contribution: ,0, Final Score: ,-134.417
Point: ,170,135,Repeat score:,1, Repeat contribution: ,-1,Dist:,25.0711, Dist contribution: ,-125.355, New scanned ratio: ,0.0156797, New Scanned Cells Contribution: ,0,Area ratio: ,0.93115, Area ratio Contribution: ,0,Perim diff: ,1.06347, Perim diff Contribution: ,0,Frontier diff: ,0, Frontier diff Contribution ,0,Inverse Area ratio: ,0.939408, Inv Area Ratio Contribution: ,0,Inverse Perim ratio: ,1.07024, Inv Perim Contribution: ,0, Final Score: ,-126.355
Point: ,167,135,Repeat score:,1, Repeat contribution: ,-1,Dist:,26.2975, Dist contribution: ,-131.488, New scanned ratio: ,0.0156797, New Scanned Cells Contribution: ,0,Area ratio: ,0.931798, Area ratio Contribution: ,0,Perim diff: ,1.06043, Perim diff Contribution: ,0,Frontier diff: ,0, Frontier diff Contribution ,0,Inverse Area ratio: ,0.939427, Inv Area Ratio Contribution: ,0,Inverse Perim ratio: ,1.06419, Inv Perim Contribution: ,0, Final Score: ,-132.488
Point: ,166,136,Repeat score:,1, Repeat contribution: ,-1,Dist:,27.9122, Dist contribution: ,-139.561, New scanned ratio: ,0.0167423, New Scanned Cells Contribution: ,0,Area ratio: ,0.929833, Area ratio Contribution: ,0,Perim diff: ,1.06089, Perim diff Contribution: ,0,Frontier diff: ,0, Frontier diff Contribution ,0,Inverse Area ratio: ,0.93868, Inv Area Ratio Contribution: ,0,Inverse Perim ratio: ,1.06516, Inv Perim Contribution: ,0, Final Score: ,-140.561
Point: ,161,136,Repeat score:,1, Repeat contribution: ,-1,Dist:,30.5629, Dist contribution: ,-152.814, New scanned ratio: ,0.01682, New Scanned Cells Contribution: ,0,Area ratio: ,0.931056, Area ratio Contribution: ,0,Perim diff: ,1.05985, Perim diff Contribution: ,0,Frontier diff: ,0, Frontier diff Contribution ,0,Inverse Area ratio: ,0.938596, Inv Area Ratio Contribution: ,0,Inverse Perim ratio: ,1.064, Inv Perim Contribution: ,0, Final Score: ,-153.814
Point: ,160,137,Repeat score:,1, Repeat contribution: ,-1,Dist:,32.2025, Dist contribution: ,-161.012, New scanned ratio: ,0.0178826, New Scanned Cells Contribution: ,0,Area ratio: ,0.929074, Area ratio Contribution: ,0,Perim diff: ,1.06266, Perim diff Contribution: ,0,Frontier diff: ,0, Frontier diff Contribution ,0,Inverse Area ratio: ,0.937812, Inv Area Ratio Contribution: ,0,Inverse Perim ratio: ,1.06696, Inv Perim Contribution: ,0, Final Score: ,-162.012
Point: ,159,136,Repeat score:,1, Repeat contribution: ,-1,Dist:,31.7819, Dist contribution: ,-158.91, New scanned ratio: ,0.0168978, New Scanned Cells Contribution: ,0,Area ratio: ,0.931587, Area ratio Contribution: ,0,Perim diff: ,1.05926, Perim diff Contribution: ,0,Frontier diff: ,0, Frontier diff Contribution ,0,Inverse Area ratio: ,0.938549, Inv Area Ratio Contribution: ,0,Inverse Perim ratio: ,1.06339, Inv Perim Contribution: ,0, Final Score: ,-159.91
Point: ,154,136,Repeat score:,1, Repeat contribution: ,-1,Dist:,35.1438, Dist contribution: ,-175.719, New scanned ratio: ,0.0170273, New Scanned Cells Contribution: ,0,Area ratio: ,0.93279, Area ratio Contribution: ,0,Perim diff: ,1.06353, Perim diff Contribution: ,0,Frontier diff: ,0, Frontier diff Contribution ,0,Inverse Area ratio: ,0.938437, Inv Area Ratio Contribution: ,0,Inverse Perim ratio: ,1.067, Inv Perim Contribution: ,0, Final Score: ,-176.719
Point: ,151,134,Repeat score:,1, Repeat contribution: ,-1,Dist:,35.6709, Dist contribution: ,-178.354, New scanned ratio: ,0.0151354, New Scanned Cells Contribution: ,0,Area ratio: ,0.938138, Area ratio Contribution: ,0,Perim diff: ,1.06021, Perim diff Contribution: ,0,Frontier diff: ,0, Frontier diff Contribution ,0,Inverse Area ratio: ,0.939829, Inv Area Ratio Contribution: ,0,Inverse Perim ratio: ,1.06294, Inv Perim Contribution: ,0, Final Score: ,-179.354
Point: ,147,136,Repeat score:,1, Repeat contribution: ,-1,Dist:,40.4239, Dist contribution: ,-202.119, New scanned ratio: ,0.0171828, New Scanned Cells Contribution: ,0,Area ratio: ,0.934482, Area ratio Contribution: ,0,Perim diff: ,1.06424, Perim diff Contribution: ,0,Frontier diff: ,0, Frontier diff Contribution ,0,Inverse Area ratio: ,0.938335, Inv Area Ratio Contribution: ,0,Inverse Perim ratio: ,1.06733, Inv Perim Contribution: ,0, Final Score: ,-203.119
BEST Point:,199,118, Score: ,-101.211
COUNT COMMAND: 1
Total frontiers: ,104, Prioritised frontiers: ,25
At: ,198,117,
Point: ,234,117,Repeat score:,1, Repeat contribution: ,-1,Dist:,36, Dist contribution: ,-180, New scanned ratio: ,0.0164755, New Scanned Cells Contribution: ,0,Area ratio: ,0.982407, Area ratio Contribution: ,0,Perim diff: ,1.04969, Perim diff Contribution: ,0,Frontier diff: ,0, Frontier diff Contribution ,0,Inverse Area ratio: ,0.931714, Inv Area Ratio Contribution: ,0,Inverse Perim ratio: ,1.05133, Inv Perim Contribution: ,0, Final Score: ,-181
Point: ,231,115,Repeat score:,1, Repeat contribution: ,-1,Dist:,33.1023, Dist contribution: ,-165.511, New scanned ratio: ,0.0137296, New Scanned Cells Contribution: ,0,Area ratio: ,0.982891, Area ratio Contribution: ,0,Perim diff: ,1.04647, Perim diff Contribution: ,0,Frontier diff: ,0, Frontier diff Contribution ,0,Inverse Area ratio: ,0.93374, Inv Area Ratio Contribution: ,0,Inverse Perim ratio: ,1.04742, Inv Perim Contribution: ,0, Final Score: ,-166.511
Point: ,229,115,Repeat score:,1, Repeat contribution: ,-1,Dist:,31.1088, Dist contribution: ,-155.544, New scanned ratio: ,0.0130367, New Scanned Cells Contribution: ,0,Area ratio: ,0.982806, Area ratio Contribution: ,0,Perim diff: ,1.04474, Perim diff Contribution: ,0,Frontier diff: ,0, Frontier diff Contribution ,0,Inverse Area ratio: ,0.934235, Inv Area Ratio Contribution: ,0,Inverse Perim ratio: ,1.04557, Inv Perim Contribution: ,0, Final Score: ,-156.544
Point: ,226,117,Repeat score:,1, Repeat contribution: ,-1,Dist:,28, Dist contribution: ,-140, New scanned ratio: ,0.0136526, New Scanned Cells Contribution: ,0,Area ratio: ,0.981889, Area ratio Contribution: ,0,Perim diff: ,1.04456, Perim diff Contribution: ,0,Frontier diff: ,0, Frontier diff Contribution ,0,Inverse Area ratio: ,0.933815, Inv Area Ratio Contribution: ,0,Inverse Perim ratio: ,1.04595, Inv Perim Contribution: ,0, Final Score: ,-141
Point: ,221,117,Repeat score:,1, Repeat contribution: ,-1,Dist:,23, Dist contribution: ,-115, New scanned ratio: ,0.0115739, New Scanned Cells Contribution: ,0,Area ratio: ,0.98126, Area ratio Contribution: ,0,Perim diff: ,1.04265, Perim diff Contribution: ,0,Frontier diff: ,0, Frontier diff Contribution ,0,Inverse Area ratio: ,0.935347, Inv Area Ratio Contribution: ,0,Inverse Perim ratio: ,1.04388, Inv Perim Contribution: ,0, Final Score: ,-116
Point: ,220,118,Repeat score:,1, Repeat contribution: ,-1,Dist:,22.0384, Dist contribution: ,-110.192, New scanned ratio: ,0.0119588, New Scanned Cells Contribution: ,0,Area ratio: ,0.979578, Area ratio Contribution: ,0,Perim diff: ,1.04309, Perim diff Contribution: ,0,Frontier diff: ,0, Frontier diff Contribution ,0,Inverse Area ratio: ,0.935094, Inv Area Ratio Contribution: ,0,Inverse Perim ratio: ,1.04463, Inv Perim Contribution: ,0, Final Score: ,-111.192
Point: ,219,117,Repeat score:,1, Repeat contribution: ,-1,Dist:,21, Dist contribution: ,-105, New scanned ratio: ,0.010727, New Scanned Cells Contribution: ,0,Area ratio: ,0.980959, Area ratio Contribution: ,0,Perim diff: ,1.04213, Perim diff Contribution: ,0,Frontier diff: ,0, Frontier diff Contribution ,0,Inverse Area ratio: ,0.936, Inv Area Ratio Contribution: ,0,Inverse Perim ratio: ,1.04335, Inv Perim Contribution: ,0, Final Score: ,-106
Point: ,218,118,Repeat score:,1, Repeat contribution: ,-1,Dist:,20.0422, Dist contribution: ,-100.211, New scanned ratio: ,0.011035, New Scanned Cells Contribution: ,0,Area ratio: ,0.979215, Area ratio Contribution: ,0,Perim diff: ,1.04595, Perim diff Contribution: ,0,Frontier diff: ,0, Frontier diff Contribution ,0,Inverse Area ratio: ,0.935739, Inv Area Ratio Contribution: ,0,Inverse Perim ratio: ,1.04697, Inv Perim Contribution: ,0, Final Score: ,-101.211
Point: ,218,123,Repeat score:,1, Repeat contribution: ,-1,Dist:,21.4672, Dist contribution: ,-107.336, New scanned ratio: ,0.015218, New Scanned Cells Contribution: ,0,Area ratio: ,0.968111, Area ratio Contribution: ,0,Perim diff: ,1.05003, Perim diff Contribution: ,0,Frontier diff: ,0, Frontier diff Contribution ,0,Inverse Area ratio: ,0.93262, Inv Area Ratio Contribution: ,0,Inverse Perim ratio: ,1.05273, Inv Perim Contribution: ,0, Final Score: ,-108.336
Point: ,215,129,Repeat score:,1, Repeat contribution: ,-1,Dist:,23.0729, Dist contribution: ,-115.365, New scanned ratio: ,0.0188365, New Scanned Cells Contribution: ,0,Area ratio: ,0.952488, Area ratio Contribution: ,0,Perim diff: ,1.06773, Perim diff Contribution: ,0,Frontier diff: ,0, Frontier diff Contribution ,0,Inverse Area ratio: ,0.929791, Inv Area Ratio Contribution: ,0,Inverse Perim ratio: ,1.07118, Inv Perim Contribution: ,0, Final Score: ,-116.365
Point: ,210,134,Repeat score:,1, Repeat contribution: ,-1,Dist:,25.1478, Dist contribution: ,-125.739, New scanned ratio: ,0.0203506, New Scanned Cells Contribution: ,0,Area ratio: ,0.938427, Area ratio Contribution: ,0,Perim diff: ,1.08232, Perim diff Contribution: ,0,Frontier diff: ,0, Frontier diff Contribution ,0,Inverse Area ratio: ,0.928577, Inv Area Ratio Contribution: ,0,Inverse Perim ratio: ,1.08688, Inv Perim Contribution: ,0, Final Score: ,-126.739
Point: ,204,137,Repeat score:,1, Repeat contribution: ,-1,Dist:,26.6833, Dist contribution: ,-133.417, New scanned ratio: ,0.0201709, New Scanned Cells Contribution: ,0,Area ratio: ,0.930115, Area ratio Contribution: ,0,Perim diff: ,1.07993, Perim diff Contribution: ,0,Frontier diff: ,0, Frontier diff Contribution ,0,Inverse Area ratio: ,0.928736, Inv Area Ratio Contribution: ,0,Inverse Perim ratio: ,1.08578, Inv Perim Contribution: ,0, Final Score: ,-134.417
Point: ,199,137,Repeat score:,1, Repeat contribution: ,-1,Dist:,26.0192, Dist contribution: ,-130.096, New scanned ratio: ,0.0185285, New Scanned Cells Contribution: ,0,Area ratio: ,0.930054, Area ratio Contribution: ,0,Perim diff: ,1.07315, Perim diff Contribution: ,0,Frontier diff: ,0, Frontier diff Contribution ,0,Inverse Area ratio: ,0.930005, Inv Area Ratio Contribution: ,0,Inverse Perim ratio: ,1.07915, Inv Perim Contribution: ,0, Final Score: ,-131.096
Point: ,198,138,Repeat score:,1, Repeat contribution: ,-1,Dist:,27.3, Dist contribution: ,-136.5, New scanned ratio: ,0.0192214, New Scanned Cells Contribution: ,0,Area ratio: ,0.927704, Area ratio Contribution: ,0,Perim diff: ,1.07513, Perim diff Contribution: ,0,Frontier diff: ,0, Frontier diff Contribution ,0,Inverse Area ratio: ,0.929483, Inv Area Ratio Contribution: ,0,Inverse Perim ratio: ,1.08144, Inv Perim Contribution: ,0, Final Score: ,-137.5
Point: ,197,137,Repeat score:,1, Repeat contribution: ,-1,Dist:,26.0192, Dist contribution: ,-130.096, New scanned ratio: ,0.0180409, New Scanned Cells Contribution: ,0,Area ratio: ,0.930135, Area ratio Contribution: ,0,Perim diff: ,1.07105, Perim diff Contribution: ,0,Frontier diff: ,0, Frontier diff Contribution ,0,Inverse Area ratio: ,0.930379, Inv Area Ratio Contribution: ,0,Inverse Perim ratio: ,1.07706, Inv Perim Contribution: ,0, Final Score: ,-131.096
Point: ,192,137,Repeat score:,1, Repeat contribution: ,-1,Dist:,26.6833, Dist contribution: ,-133.417, New scanned ratio: ,0.0172197, New Scanned Cells Contribution: ,0,Area ratio: ,0.93055, Area ratio Contribution: ,0,Perim diff: ,1.0687, Perim diff Contribution: ,0,Frontier diff: ,0, Frontier diff Contribution ,0,Inverse Area ratio: ,0.930986, Inv Area Ratio Contribution: ,0,Inverse Perim ratio: ,1.07451, Inv Perim Contribution: ,0, Final Score: ,-134.417
Point: ,189,135,Repeat score:,1, Repeat contribution: ,-1,Dist:,25.0711, Dist contribution: ,-125.355, New scanned ratio: ,0.015064, New Scanned Cells Contribution: ,0,Area ratio: ,0.935623, Area ratio Contribution: ,0,Perim diff: ,1.0631, Perim diff Contribution: ,0,Frontier diff: ,0, Frontier diff Contribution ,0,Inverse Area ratio: ,0.932592, Inv Area Ratio Contribution: ,0,Inverse Perim ratio: ,1.06824, Inv Perim Contribution: ,0, Final Score: ,-126.355
Point: ,185,137,Repeat score:,1, Repeat contribution: ,-1,Dist:,29.0689, Dist contribution: ,-145.344, New scanned ratio: ,0.0170914, New Scanned Cells Contribution: ,0,Area ratio: ,0.932063, Area ratio Contribution: ,0,Perim diff: ,1.0653, Perim diff Contribution: ,0,Frontier diff: ,0, Frontier diff Contribution ,0,Inverse Area ratio: ,0.931107, Inv Area Ratio Contribution: ,0,Inverse Perim ratio: ,1.07092, Inv Perim Contribution: ,0, Final Score: ,-146.344
Point: ,180,137,Repeat score:,1, Repeat contribution: ,-1,Dist:,31.6228, Dist contribution: ,-158.114, New scanned ratio: ,0.0172197, New Scanned Cells Contribution: ,0,Area ratio: ,0.933326, Area ratio Contribution: ,0,Perim diff: ,1.06047, Perim diff Contribution: ,0,Frontier diff: ,0, Frontier diff Contribution ,0,Inverse Area ratio: ,0.931023, Inv Area Ratio Contribution: ,0,Inverse Perim ratio: ,1.06621, Inv Perim Contribution: ,0, Final Score: ,-159.114
Point: ,179,138,Repeat score:,1, Repeat contribution: ,-1,Dist:,33.2609, Dist contribution: ,-166.305, New scanned ratio: ,0.0182205, New Scanned Cells Contribution: ,0,Area ratio: ,0.931293, Area ratio Contribution: ,0,Perim diff: ,1.06565, Perim diff Contribution: ,0,Frontier diff: ,0, Frontier diff Contribution ,0,Inverse Area ratio: ,0.930239, Inv Area Ratio Contribution: ,0,Inverse Perim ratio: ,1.07125, Inv Perim Contribution: ,0, Final Score: ,-167.305
Point: ,178,137,Repeat score:,1, Repeat contribution: ,-1,Dist:,32.8024, Dist contribution: ,-164.012, New scanned ratio: ,0.0172454, New Scanned Cells Contribution: ,0,Area ratio: ,0.933782, Area ratio Contribution: ,0,Perim diff: ,1.06256, Perim diff Contribution: ,0,Frontier diff: ,0, Frontier diff Contribution ,0,Inverse Area ratio: ,0.930986, Inv Area Ratio Contribution: ,0,Inverse Perim ratio: ,1.06787, Inv Perim Contribution: ,0, Final Score: ,-165.012
Point: ,173,137,Repeat score:,1, Repeat contribution: ,-1,Dist:,36.0694, Dist contribution: ,-180.347, New scanned ratio: ,0.0173993, New Scanned Cells Contribution: ,0,Area ratio: ,0.935038, Area ratio Contribution: ,0,Perim diff: ,1.06439, Perim diff Contribution: ,0,Frontier diff: ,0, Frontier diff Contribution ,0,Inverse Area ratio: ,0.930864, Inv Area Ratio Contribution: ,0,Inverse Perim ratio: ,1.06921, Inv Perim Contribution: ,0, Final Score: ,-181.347
Point: ,170,135,Repeat score:,1, Repeat contribution: ,-1,Dist:,36.4905, Dist contribution: ,-182.453, New scanned ratio: ,0.0155003, New Scanned Cells Contribution: ,0,Area ratio: ,0.94036, Area ratio Contribution: ,0,Perim diff: ,1.06126, Perim diff Contribution: ,0,Frontier diff: ,0, Frontier diff Contribution ,0,Inverse Area ratio: ,0.932265, Inv Area Ratio Contribution: ,0,Inverse Perim ratio: ,1.06806, Inv Perim Contribution: ,0, Final Score: ,-183.453
Point: ,167,135,Repeat score:,1, Repeat contribution: ,-1,Dist:,38.8402, Dist contribution: ,-194.201, New scanned ratio: ,0.015526, New Scanned Cells Contribution: ,0,Area ratio: ,0.941038, Area ratio Contribution: ,0,Perim diff: ,1.06144, Perim diff Contribution: ,0,Frontier diff: ,0, Frontier diff Contribution ,0,Inverse Area ratio: ,0.932256, Inv Area Ratio Contribution: ,0,Inverse Perim ratio: ,1.06515, Inv Perim Contribution: ,0, Final Score: ,-195.201
Point: ,166,136,Repeat score:,1, Repeat contribution: ,-1,Dist:,40.4239, Dist contribution: ,-202.119, New scanned ratio: ,0.0165781, New Scanned Cells Contribution: ,0,Area ratio: ,0.939044, Area ratio Contribution: ,0,Perim diff: ,1.0619, Perim diff Contribution: ,0,Frontier diff: ,0, Frontier diff Contribution ,0,Inverse Area ratio: ,0.93149, Inv Area Ratio Contribution: ,0,Inverse Perim ratio: ,1.06601, Inv Perim Contribution: ,0, Final Score: ,-203.119
BEST Point:,218,118, Score: ,-101.211
COUNT COMMAND: 1
Total frontiers: ,103, Prioritised frontiers: ,24
At: ,217,117,
Point: ,254,117,Repeat score:,1, Repeat contribution: ,-1,Dist:,37, Dist contribution: ,-185, New scanned ratio: ,0.0166205, New Scanned Cells Contribution: ,0,Area ratio: ,0.985404, Area ratio Contribution: ,0,Perim diff: ,1.04849, Perim diff Contribution: ,0,Frontier diff: ,0, Frontier diff Contribution ,0,Inverse Area ratio: ,0.924319, Inv Area Ratio Contribution: ,0,Inverse Perim ratio: ,1.05348, Inv Perim Contribution: ,0, Final Score: ,-186
Point: ,251,115,Repeat score:,1, Repeat contribution: ,-1,Dist:,34.0993, Dist contribution: ,-170.496, New scanned ratio: ,0.0138758, New Scanned Cells Contribution: ,0,Area ratio: ,0.985993, Area ratio Contribution: ,0,Perim diff: ,1.04371, Perim diff Contribution: ,0,Frontier diff: ,0, Frontier diff Contribution ,0,Inverse Area ratio: ,0.926364, Inv Area Ratio Contribution: ,0,Inverse Perim ratio: ,1.0502, Inv Perim Contribution: ,0, Final Score: ,-171.496
Point: ,249,115,Repeat score:,1, Repeat contribution: ,-1,Dist:,32.1055, Dist contribution: ,-160.527, New scanned ratio: ,0.0132151, New Scanned Cells Contribution: ,0,Area ratio: ,0.98602, Area ratio Contribution: ,0,Perim diff: ,1.04356, Perim diff Contribution: ,0,Frontier diff: ,0, Frontier diff Contribution ,0,Inverse Area ratio: ,0.926877, Inv Area Ratio Contribution: ,0,Inverse Perim ratio: ,1.04664, Inv Perim Contribution: ,0, Final Score: ,-161.527
Point: ,246,117,Repeat score:,1, Repeat contribution: ,-1,Dist:,29, Dist contribution: ,-145, New scanned ratio: ,0.0139012, New Scanned Cells Contribution: ,0,Area ratio: ,0.985573, Area ratio Contribution: ,0,Perim diff: ,1.04163, Perim diff Contribution: ,0,Frontier diff: ,0, Frontier diff Contribution ,0,Inverse Area ratio: ,0.926401, Inv Area Ratio Contribution: ,0,Inverse Perim ratio: ,1.04557, Inv Perim Contribution: ,0, Final Score: ,-146
Point: ,241,117,Repeat score:,1, Repeat contribution: ,-1,Dist:,24, Dist contribution: ,-120, New scanned ratio: ,0.0118936, New Scanned Cells Contribution: ,0,Area ratio: ,0.98536, Area ratio Contribution: ,0,Perim diff: ,1.04057, Perim diff Contribution: ,0,Frontier diff: ,0, Frontier diff Contribution ,0,Inverse Area ratio: ,0.927904, Inv Area Ratio Contribution: ,0,Inverse Perim ratio: ,1.04387, Inv Perim Contribution: ,0, Final Score: ,-121
Point: ,240,118,Repeat score:,1, Repeat contribution: ,-1,Dist:,23.0367, Dist contribution: ,-115.184, New scanned ratio: ,0.0123002, New Scanned Cells Contribution: ,0,Area ratio: ,0.983914, Area ratio Contribution: ,0,Perim diff: ,1.04078, Perim diff Contribution: ,0,Frontier diff: ,0, Frontier diff Contribution ,0,Inverse Area ratio: ,0.927606, Inv Area Ratio Contribution: ,0,Inverse Perim ratio: ,1.04449, Inv Perim Contribution: ,0, Final Score: ,-116.184
Point: ,238,117,Repeat score:,1, Repeat contribution: ,-1,Dist:,21, Dist contribution: ,-105, New scanned ratio: ,0.0106229, New Scanned Cells Contribution: ,0,Area ratio: ,0.985181, Area ratio Contribution: ,0,Perim diff: ,1.04144, Perim diff Contribution: ,0,Frontier diff: ,0, Frontier diff Contribution ,0,Inverse Area ratio: ,0.928838, Inv Area Ratio Contribution: ,0,Inverse Perim ratio: ,1.04426, Inv Perim Contribution: ,0, Final Score: ,-106
Point: ,237,118,Repeat score:,1, Repeat contribution: ,-1,Dist:,20.0422, Dist contribution: ,-100.211, New scanned ratio: ,0.0109279, New Scanned Cells Contribution: ,0,Area ratio: ,0.983585, Area ratio Contribution: ,0,Perim diff: ,1.04413, Perim diff Contribution: ,0,Frontier diff: ,0, Frontier diff Contribution ,0,Inverse Area ratio: ,0.928595, Inv Area Ratio Contribution: ,0,Inverse Perim ratio: ,1.04702, Inv Perim Contribution: ,0, Final Score: ,-101.211
Point: ,237,123,Repeat score:,1, Repeat contribution: ,-1,Dist:,21.4672, Dist contribution: ,-107.336, New scanned ratio: ,0.0150703, New Scanned Cells Contribution: ,0,Area ratio: ,0.971981, Area ratio Contribution: ,0,Perim diff: ,1.04743, Perim diff Contribution: ,0,Frontier diff: ,0, Frontier diff Contribution ,0,Inverse Area ratio: ,0.925477, Inv Area Ratio Contribution: ,0,Inverse Perim ratio: ,1.05278, Inv Perim Contribution: ,0, Final Score: ,-108.336
Point: ,234,129,Repeat score:,1, Repeat contribution: ,-1,Dist:,23.0729, Dist contribution: ,-115.365, New scanned ratio: ,0.0186028, New Scanned Cells Contribution: ,0,Area ratio: ,0.955977, Area ratio Contribution: ,0,Perim diff: ,1.06438, Perim diff Contribution: ,0,Frontier diff: ,0, Frontier diff Contribution ,0,Inverse Area ratio: ,0.922694, Inv Area Ratio Contribution: ,0,Inverse Perim ratio: ,1.07118, Inv Perim Contribution: ,0, Final Score: ,-116.365
Point: ,229,134,Repeat score:,1, Repeat contribution: ,-1,Dist:,25.1478, Dist contribution: ,-125.739, New scanned ratio: ,0.0201784, New Scanned Cells Contribution: ,0,Area ratio: ,0.942048, Area ratio Contribution: ,0,Perim diff: ,1.07639, Perim diff Contribution: ,0,Frontier diff: ,0, Frontier diff Contribution ,0,Inverse Area ratio: ,0.921424, Inv Area Ratio Contribution: ,0,Inverse Perim ratio: ,1.08465, Inv Perim Contribution: ,0, Final Score: ,-126.739
Point: ,223,137,Repeat score:,1, Repeat contribution: ,-1,Dist:,26.6833, Dist contribution: ,-133.417, New scanned ratio: ,0.0199751, New Scanned Cells Contribution: ,0,Area ratio: ,0.93373, Area ratio Contribution: ,0,Perim diff: ,1.0761, Perim diff Contribution: ,0,Frontier diff: ,0, Frontier diff Contribution ,0,Inverse Area ratio: ,0.921574, Inv Area Ratio Contribution: ,0,Inverse Perim ratio: ,1.08545, Inv Perim Contribution: ,0, Final Score: ,-134.417
Point: ,218,137,Repeat score:,1, Repeat contribution: ,-1,Dist:,26.0192, Dist contribution: ,-130.096, New scanned ratio: ,0.0183486, New Scanned Cells Contribution: ,0,Area ratio: ,0.933676, Area ratio Contribution: ,0,Perim diff: ,1.06974, Perim diff Contribution: ,0,Frontier diff: ,0, Frontier diff Contribution ,0,Inverse Area ratio: ,0.922843, Inv Area Ratio Contribution: ,0,Inverse Perim ratio: ,1.07883, Inv Perim Contribution: ,0, Final Score: ,-131.096
Point: ,217,138,Repeat score:,1, Repeat contribution: ,-1,Dist:,27.3, Dist contribution: ,-136.5, New scanned ratio: ,0.0190348, New Scanned Cells Contribution: ,0,Area ratio: ,0.931327, Area ratio Contribution: ,0,Perim diff: ,1.07167, Perim diff Contribution: ,0,Frontier diff: ,0, Frontier diff Contribution ,0,Inverse Area ratio: ,0.922321, Inv Area Ratio Contribution: ,0,Inverse Perim ratio: ,1.08111, Inv Perim Contribution: ,0, Final Score: ,-137.5
Point: ,216,137,Repeat score:,1, Repeat contribution: ,-1,Dist:,26.0192, Dist contribution: ,-130.096, New scanned ratio: ,0.0178658, New Scanned Cells Contribution: ,0,Area ratio: ,0.933823, Area ratio Contribution: ,0,Perim diff: ,1.06779, Perim diff Contribution: ,0,Frontier diff: ,0, Frontier diff Contribution ,0,Inverse Area ratio: ,0.923217, Inv Area Ratio Contribution: ,0,Inverse Perim ratio: ,1.07674, Inv Perim Contribution: ,0, Final Score: ,-131.096
Point: ,211,137,Repeat score:,1, Repeat contribution: ,-1,Dist:,26.6833, Dist contribution: ,-133.417, New scanned ratio: ,0.0170525, New Scanned Cells Contribution: ,0,Area ratio: ,0.934571, Area ratio Contribution: ,0,Perim diff: ,1.06576, Perim diff Contribution: ,0,Frontier diff: ,0, Frontier diff Contribution ,0,Inverse Area ratio: ,0.923824, Inv Area Ratio Contribution: ,0,Inverse Perim ratio: ,1.07419, Inv Perim Contribution: ,0, Final Score: ,-134.417
Point: ,208,135,Repeat score:,1, Repeat contribution: ,-1,Dist:,25.0711, Dist contribution: ,-125.355, New scanned ratio: ,0.0149178, New Scanned Cells Contribution: ,0,Area ratio: ,0.94008, Area ratio Contribution: ,0,Perim diff: ,1.06018, Perim diff Contribution: ,0,Frontier diff: ,0, Frontier diff Contribution ,0,Inverse Area ratio: ,0.925458, Inv Area Ratio Contribution: ,0,Inverse Perim ratio: ,1.06761, Inv Perim Contribution: ,0, Final Score: ,-126.355
Point: ,204,137,Repeat score:,1, Repeat contribution: ,-1,Dist:,29.0689, Dist contribution: ,-145.344, New scanned ratio: ,0.0168492, New Scanned Cells Contribution: ,0,Area ratio: ,0.936476, Area ratio Contribution: ,0,Perim diff: ,1.05985, Perim diff Contribution: ,0,Frontier diff: ,0, Frontier diff Contribution ,0,Inverse Area ratio: ,0.924039, Inv Area Ratio Contribution: ,0,Inverse Perim ratio: ,1.06801, Inv Perim Contribution: ,0, Final Score: ,-146.344
Point: ,199,137,Repeat score:,1, Repeat contribution: ,-1,Dist:,31.6228, Dist contribution: ,-158.114, New scanned ratio: ,0.0168238, New Scanned Cells Contribution: ,0,Area ratio: ,0.937918, Area ratio Contribution: ,0,Perim diff: ,1.05718, Perim diff Contribution: ,0,Frontier diff: ,0, Frontier diff Contribution ,0,Inverse Area ratio: ,0.924048, Inv Area Ratio Contribution: ,0,Inverse Perim ratio: ,1.06496, Inv Perim Contribution: ,0, Final Score: ,-159.114
Point: ,198,138,Repeat score:,1, Repeat contribution: ,-1,Dist:,33.2609, Dist contribution: ,-166.305, New scanned ratio: ,0.0178149, New Scanned Cells Contribution: ,0,Area ratio: ,0.935802, Area ratio Contribution: ,0,Perim diff: ,1.06227, Perim diff Contribution: ,0,Frontier diff: ,0, Frontier diff Contribution ,0,Inverse Area ratio: ,0.923282, Inv Area Ratio Contribution: ,0,Inverse Perim ratio: ,1.07001, Inv Perim Contribution: ,0, Final Score: ,-167.305
Point: ,197,137,Repeat score:,1, Repeat contribution: ,-1,Dist:,32.8024, Dist contribution: ,-164.012, New scanned ratio: ,0.0168238, New Scanned Cells Contribution: ,0,Area ratio: ,0.938429, Area ratio Contribution: ,0,Perim diff: ,1.05743, Perim diff Contribution: ,0,Frontier diff: ,0, Frontier diff Contribution ,0,Inverse Area ratio: ,0.924048, Inv Area Ratio Contribution: ,0,Inverse Perim ratio: ,1.06496, Inv Perim Contribution: ,0, Final Score: ,-165.012
Point: ,192,137,Repeat score:,1, Repeat contribution: ,-1,Dist:,36.0694, Dist contribution: ,-180.347, New scanned ratio: ,0.0168492, New Scanned Cells Contribution: ,0,Area ratio: ,0.939543, Area ratio Contribution: ,0,Perim diff: ,1.06132, Perim diff Contribution: ,0,Frontier diff: ,0, Frontier diff Contribution ,0,Inverse Area ratio: ,0.92402, Inv Area Ratio Contribution: ,0,Inverse Perim ratio: ,1.06796, Inv Perim Contribution: ,0, Final Score: ,-181.347
Point: ,188,135,Repeat score:,1, Repeat contribution: ,-1,Dist:,37.2634, Dist contribution: ,-186.317, New scanned ratio: ,0.0149178, New Scanned Cells Contribution: ,0,Area ratio: ,0.945028, Area ratio Contribution: ,0,Perim diff: ,1.05996, Perim diff Contribution: ,0,Frontier diff: ,0, Frontier diff Contribution ,0,Inverse Area ratio: ,0.925449, Inv Area Ratio Contribution: ,0,Inverse Perim ratio: ,1.06519, Inv Perim Contribution: ,0, Final Score: ,-187.317
Point: ,185,137,Repeat score:,1, Repeat contribution: ,-1,Dist:,41.2311, Dist contribution: ,-206.155, New scanned ratio: ,0.0169255, New Scanned Cells Contribution: ,0,Area ratio: ,0.941153, Area ratio Contribution: ,0,Perim diff: ,1.06505, Perim diff Contribution: ,0,Frontier diff: ,0, Frontier diff Contribution ,0,Inverse Area ratio: ,0.923936, Inv Area Ratio Contribution: ,0,Inverse Perim ratio: ,1.07061, Inv Perim Contribution: ,0, Final Score: ,-207.155
BEST Point:,237,118, Score: ,-101.211
COUNT COMMAND: 1
Total frontiers: ,103, Prioritised frontiers: ,24
At: ,236,117,
Point: ,274,116,Repeat score:,1, Repeat contribution: ,-1,Dist:,38.0222, Dist contribution: ,-190.111, New scanned ratio: ,0.0163349, New Scanned Cells Contribution: ,0,Area ratio: ,0.98634, Area ratio Contribution: ,0,Perim diff: ,1.04631, Perim diff Contribution: ,0,Frontier diff: ,0, Frontier diff Contribution ,0,Inverse Area ratio: ,0.917222, Inv Area Ratio Contribution: ,0,Inverse Perim ratio: ,1.05878, Inv Perim Contribution: ,0, Final Score: ,-191.111
Point: ,271,114,Repeat score:,1, Repeat contribution: ,-1,Dist:,35.2166, Dist contribution: ,-176.083, New scanned ratio: ,0.0135662, New Scanned Cells Contribution: ,0,Area ratio: ,0.987245, Area ratio Contribution: ,0,Perim diff: ,1.04211, Perim diff Contribution: ,0,Frontier diff: ,0, Frontier diff Contribution ,0,Inverse Area ratio: ,0.919361, Inv Area Ratio Contribution: ,0,Inverse Perim ratio: ,1.0516, Inv Perim Contribution: ,0, Final Score: ,-177.083
Point: ,266,117,Repeat score:,1, Repeat contribution: ,-1,Dist:,30, Dist contribution: ,-150, New scanned ratio: ,0.0144975, New Scanned Cells Contribution: ,0,Area ratio: ,0.987636, Area ratio Contribution: ,0,Perim diff: ,1.03871, Perim diff Contribution: ,0,Frontier diff: ,0, Frontier diff Contribution ,0,Inverse Area ratio: ,0.91866, Inv Area Ratio Contribution: ,0,Inverse Perim ratio: ,1.04835, Inv Perim Contribution: ,0, Final Score: ,-151
Point: ,261,117,Repeat score:,1, Repeat contribution: ,-1,Dist:,25, Dist contribution: ,-125, New scanned ratio: ,0.0124588, New Scanned Cells Contribution: ,0,Area ratio: ,0.987978, Area ratio Contribution: ,0,Perim diff: ,1.03813, Perim diff Contribution: ,0,Frontier diff: ,0, Frontier diff Contribution ,0,Inverse Area ratio: ,0.920229, Inv Area Ratio Contribution: ,0,Inverse Perim ratio: ,1.04601, Inv Perim Contribution: ,0, Final Score: ,-126
Point: ,260,118,Repeat score:,1, Repeat contribution: ,-1,Dist:,24.0352, Dist contribution: ,-120.176, New scanned ratio: ,0.0128363, New Scanned Cells Contribution: ,0,Area ratio: ,0.986758, Area ratio Contribution: ,0,Perim diff: ,1.03838, Perim diff Contribution: ,0,Frontier diff: ,0, Frontier diff Contribution ,0,Inverse Area ratio: ,0.919949, Inv Area Ratio Contribution: ,0,Inverse Perim ratio: ,1.04669, Inv Perim Contribution: ,0, Final Score: ,-121.176
Point: ,259,117,Repeat score:,1, Repeat contribution: ,-1,Dist:,23, Dist contribution: ,-115, New scanned ratio: ,0.0115779, New Scanned Cells Contribution: ,0,Area ratio: ,0.988091, Area ratio Contribution: ,0,Perim diff: ,1.03635, Perim diff Contribution: ,0,Frontier diff: ,0, Frontier diff Contribution ,0,Inverse Area ratio: ,0.920855, Inv Area Ratio Contribution: ,0,Inverse Perim ratio: ,1.04675, Inv Perim Contribution: ,0, Final Score: ,-116
Point: ,257,117,Repeat score:,1, Repeat contribution: ,-1,Dist:,21, Dist contribution: ,-105, New scanned ratio: ,0.0106718, New Scanned Cells Contribution: ,0,Area ratio: ,0.987944, Area ratio Contribution: ,0,Perim diff: ,1.03995, Perim diff Contribution: ,0,Frontier diff: ,0, Frontier diff Contribution ,0,Inverse Area ratio: ,0.921555, Inv Area Ratio Contribution: ,0,Inverse Perim ratio: ,1.04641, Inv Perim Contribution: ,0, Final Score: ,-106
Point: ,256,118,Repeat score:,1, Repeat contribution: ,-1,Dist:,20.0422, Dist contribution: ,-100.211, New scanned ratio: ,0.0109486, New Scanned Cells Contribution: ,0,Area ratio: ,0.986575, Area ratio Contribution: ,0,Perim diff: ,1.04068, Perim diff Contribution: ,0,Frontier diff: ,0, Frontier diff Contribution ,0,Inverse Area ratio: ,0.921331, Inv Area Ratio Contribution: ,0,Inverse Perim ratio: ,1.0475, Inv Perim Contribution: ,0, Final Score: ,-101.211
Point: ,256,123,Repeat score:,1, Repeat contribution: ,-1,Dist:,21.4672, Dist contribution: ,-107.336, New scanned ratio: ,0.0150261, New Scanned Cells Contribution: ,0,Area ratio: ,0.974702, Area ratio Contribution: ,0,Perim diff: ,1.0446, Perim diff Contribution: ,0,Frontier diff: ,0, Frontier diff Contribution ,0,Inverse Area ratio: ,0.918231, Inv Area Ratio Contribution: ,0,Inverse Perim ratio: ,1.05493, Inv Perim Contribution: ,0, Final Score: ,-108.336
Point: ,253,129,Repeat score:,1, Repeat contribution: ,-1,Dist:,23.0729, Dist contribution: ,-115.365, New scanned ratio: ,0.0183987, New Scanned Cells Contribution: ,0,Area ratio: ,0.958438, Area ratio Contribution: ,0,Perim diff: ,1.05623, Perim diff Contribution: ,0,Frontier diff: ,0, Frontier diff Contribution ,0,Inverse Area ratio: ,0.915569, Inv Area Ratio Contribution: ,0,Inverse Perim ratio: ,1.06939, Inv Perim Contribution: ,0, Final Score: ,-116.365
Point: ,248,134,Repeat score:,1, Repeat contribution: ,-1,Dist:,25.1478, Dist contribution: ,-125.739, New scanned ratio: ,0.0199844, New Scanned Cells Contribution: ,0,Area ratio: ,0.944604, Area ratio Contribution: ,0,Perim diff: ,1.06821, Perim diff Contribution: ,0,Frontier diff: ,-1, Frontier diff Contribution ,-0,Inverse Area ratio: ,0.914262, Inv Area Ratio Contribution: ,0,Inverse Perim ratio: ,1.08304, Inv Perim Contribution: ,0, Final Score: ,-126.739
Point: ,242,137,Repeat score:,1, Repeat contribution: ,-1,Dist:,26.6833, Dist contribution: ,-133.417, New scanned ratio: ,0.019783, New Scanned Cells Contribution: ,0,Area ratio: ,0.936558, Area ratio Contribution: ,0,Perim diff: ,1.07047, Perim diff Contribution: ,0,Frontier diff: ,0, Frontier diff Contribution ,0,Inverse Area ratio: ,0.91443, Inv Area Ratio Contribution: ,0,Inverse Perim ratio: ,1.0855, Inv Perim Contribution: ,0, Final Score: ,-134.417
Point: ,237,137,Repeat score:,1, Repeat contribution: ,-1,Dist:,26.0192, Dist contribution: ,-130.096, New scanned ratio: ,0.0181722, New Scanned Cells Contribution: ,0,Area ratio: ,0.936891, Area ratio Contribution: ,0,Perim diff: ,1.06484, Perim diff Contribution: ,0,Frontier diff: ,0, Frontier diff Contribution ,0,Inverse Area ratio: ,0.9157, Inv Area Ratio Contribution: ,0,Inverse Perim ratio: ,1.07887, Inv Perim Contribution: ,0, Final Score: ,-131.096
Point: ,236,138,Repeat score:,1, Repeat contribution: ,-1,Dist:,27.3, Dist contribution: ,-136.5, New scanned ratio: ,0.0188518, New Scanned Cells Contribution: ,0,Area ratio: ,0.934536, Area ratio Contribution: ,0,Perim diff: ,1.06675, Perim diff Contribution: ,0,Frontier diff: ,0, Frontier diff Contribution ,0,Inverse Area ratio: ,0.915177, Inv Area Ratio Contribution: ,0,Inverse Perim ratio: ,1.08116, Inv Perim Contribution: ,0, Final Score: ,-137.5
Point: ,235,137,Repeat score:,1, Repeat contribution: ,-1,Dist:,26.0192, Dist contribution: ,-130.096, New scanned ratio: ,0.017694, New Scanned Cells Contribution: ,0,Area ratio: ,0.93715, Area ratio Contribution: ,0,Perim diff: ,1.06315, Perim diff Contribution: ,0,Frontier diff: ,0, Frontier diff Contribution ,0,Inverse Area ratio: ,0.916074, Inv Area Ratio Contribution: ,0,Inverse Perim ratio: ,1.07678, Inv Perim Contribution: ,0, Final Score: ,-131.096
Point: ,230,137,Repeat score:,1, Repeat contribution: ,-1,Dist:,26.6833, Dist contribution: ,-133.417, New scanned ratio: ,0.0168886, New Scanned Cells Contribution: ,0,Area ratio: ,0.93813, Area ratio Contribution: ,0,Perim diff: ,1.06172, Perim diff Contribution: ,0,Frontier diff: ,0, Frontier diff Contribution ,0,Inverse Area ratio: ,0.916681, Inv Area Ratio Contribution: ,0,Inverse Perim ratio: ,1.07423, Inv Perim Contribution: ,0, Final Score: ,-134.417
Point: ,227,135,Repeat score:,1, Repeat contribution: ,-1,Dist:,25.0711, Dist contribution: ,-125.355, New scanned ratio: ,0.0147744, New Scanned Cells Contribution: ,0,Area ratio: ,0.943634, Area ratio Contribution: ,0,Perim diff: ,1.05673, Perim diff Contribution: ,0,Frontier diff: ,0, Frontier diff Contribution ,0,Inverse Area ratio: ,0.918315, Inv Area Ratio Contribution: ,0,Inverse Perim ratio: ,1.06766, Inv Perim Contribution: ,0, Final Score: ,-126.355
Point: ,223,137,Repeat score:,1, Repeat contribution: ,-1,Dist:,29.0689, Dist contribution: ,-145.344, New scanned ratio: ,0.0166872, New Scanned Cells Contribution: ,0,Area ratio: ,0.940031, Area ratio Contribution: ,0,Perim diff: ,1.05649, Perim diff Contribution: ,0,Frontier diff: ,0, Frontier diff Contribution ,0,Inverse Area ratio: ,0.916895, Inv Area Ratio Contribution: ,0,Inverse Perim ratio: ,1.06806, Inv Perim Contribution: ,0, Final Score: ,-146.344
Point: ,218,137,Repeat score:,1, Repeat contribution: ,-1,Dist:,31.6228, Dist contribution: ,-158.114, New scanned ratio: ,0.0166621, New Scanned Cells Contribution: ,0,Area ratio: ,0.94147, Area ratio Contribution: ,0,Perim diff: ,1.05424, Perim diff Contribution: ,0,Frontier diff: ,0, Frontier diff Contribution ,0,Inverse Area ratio: ,0.916905, Inv Area Ratio Contribution: ,0,Inverse Perim ratio: ,1.06501, Inv Perim Contribution: ,0, Final Score: ,-159.114
Point: ,217,138,Repeat score:,1, Repeat contribution: ,-1,Dist:,33.2609, Dist contribution: ,-166.305, New scanned ratio: ,0.0176437, New Scanned Cells Contribution: ,0,Area ratio: ,0.939355, Area ratio Contribution: ,0,Perim diff: ,1.05927, Perim diff Contribution: ,0,Frontier diff: ,0, Frontier diff Contribution ,0,Inverse Area ratio: ,0.916139, Inv Area Ratio Contribution: ,0,Inverse Perim ratio: ,1.07005, Inv Perim Contribution: ,0, Final Score: ,-167.305
Point: ,216,137,Repeat score:,1, Repeat contribution: ,-1,Dist:,32.8024, Dist contribution: ,-164.012, New scanned ratio: ,0.0166621, New Scanned Cells Contribution: ,0,Area ratio: ,0.942047, Area ratio Contribution: ,0,Perim diff: ,1.05462, Perim diff Contribution: ,0,Frontier diff: ,0, Frontier diff Contribution ,0,Inverse Area ratio: ,0.916905, Inv Area Ratio Contribution: ,0,Inverse Perim ratio: ,1.06501, Inv Perim Contribution: ,0, Final Score: ,-165.012
Point: ,211,137,Repeat score:,1, Repeat contribution: ,-1,Dist:,36.0694, Dist contribution: ,-180.347, New scanned ratio: ,0.0166872, New Scanned Cells Contribution: ,0,Area ratio: ,0.943492, Area ratio Contribution: ,0,Perim diff: ,1.05883, Perim diff Contribution: ,0,Frontier diff: ,0, Frontier diff Contribution ,0,Inverse Area ratio: ,0.916877, Inv Area Ratio Contribution: ,0,Inverse Perim ratio: ,1.06801, Inv Perim Contribution: ,0, Final Score: ,-181.347
Point: ,208,135,Repeat score:,1, Repeat contribution: ,-1,Dist:,36.4905, Dist contribution: ,-182.453, New scanned ratio: ,0.0147492, New Scanned Cells Contribution: ,0,Area ratio: ,0.949191, Area ratio Contribution: ,0,Perim diff: ,1.05696, Perim diff Contribution: ,0,Frontier diff: ,0, Frontier diff Contribution ,0,Inverse Area ratio: ,0.918333, Inv Area Ratio Contribution: ,0,Inverse Perim ratio: ,1.06456, Inv Perim Contribution: ,0, Final Score: ,-183.453
Point: ,204,137,Repeat score:,1, Repeat contribution: ,-1,Dist:,41.2311, Dist contribution: ,-206.155, New scanned ratio: ,0.0166872, New Scanned Cells Contribution: ,0,Area ratio: ,0.945499, Area ratio Contribution: ,0,Perim diff: ,1.06002, Perim diff Contribution: ,0,Frontier diff: ,0, Frontier diff Contribution ,0,Inverse Area ratio: ,0.916886, Inv Area Ratio Contribution: ,0,Inverse Perim ratio: ,1.06807, Inv Perim Contribution: ,0, Final Score: ,-207.155
BEST Point:,256,118, Score: ,-101.211
COUNT COMMAND: 1
Total frontiers: ,104, Prioritised frontiers: ,24
At: ,255,117,
Point: ,292,113,Repeat score:,1, Repeat contribution: ,-1,Dist:,37.3636, Dist contribution: ,-186.818, New scanned ratio: ,0.0109679, New Scanned Cells Contribution: ,0,Area ratio: ,0.987065, Area ratio Contribution: ,0,Perim diff: ,1.04119, Perim diff Contribution: ,0,Frontier diff: ,0, Frontier diff Contribution ,0,Inverse Area ratio: ,0.960095, Inv Area Ratio Contribution: ,0,Inverse Perim ratio: ,1.03798, Inv Perim Contribution: ,0, Final Score: ,-187.818
Point: ,286,116,Repeat score:,1, Repeat contribution: ,-1,Dist:,31.0272, Dist contribution: ,-155.136, New scanned ratio: ,0.0137598, New Scanned Cells Contribution: ,0,Area ratio: ,0.988507, Area ratio Contribution: ,0,Perim diff: ,1.03519, Perim diff Contribution: ,0,Frontier diff: ,0, Frontier diff Contribution ,0,Inverse Area ratio: ,0.975138, Inv Area Ratio Contribution: ,0,Inverse Perim ratio: ,1.03414, Inv Perim Contribution: ,0, Final Score: ,-156.136
Point: ,281,116,Repeat score:,1, Repeat contribution: ,-1,Dist:,26.0325, Dist contribution: ,-130.162, New scanned ratio: ,0.0133858, New Scanned Cells Contribution: ,0,Area ratio: ,0.989171, Area ratio Contribution: ,0,Perim diff: ,1.03346, Perim diff Contribution: ,0,Frontier diff: ,-1, Frontier diff Contribution ,-0,Inverse Area ratio: ,0.961283, Inv Area Ratio Contribution: ,0,Inverse Perim ratio: ,1.03542, Inv Perim Contribution: ,0, Final Score: ,-131.162
Point: ,280,117,Repeat score:,1, Repeat contribution: ,-1,Dist:,25, Dist contribution: ,-125, New scanned ratio: ,0.0138345, New Scanned Cells Contribution: ,0,Area ratio: ,0.989188, Area ratio Contribution: ,0,Perim diff: ,1.03391, Perim diff Contribution: ,0,Frontier diff: ,-1, Frontier diff Contribution ,-0,Inverse Area ratio: ,0.958014, Inv Area Ratio Contribution: ,0,Inverse Perim ratio: ,1.03615, Inv Perim Contribution: ,0, Final Score: ,-126
Point: ,279,116,Repeat score:,1, Repeat contribution: ,-1,Dist:,24.0352, Dist contribution: ,-120.176, New scanned ratio: ,0.0124635, New Scanned Cells Contribution: ,0,Area ratio: ,0.989089, Area ratio Contribution: ,0,Perim diff: ,1.03467, Perim diff Contribution: ,0,Frontier diff: ,-1, Frontier diff Contribution ,-0,Inverse Area ratio: ,0.939415, Inv Area Ratio Contribution: ,0,Inverse Perim ratio: ,1.04213, Inv Perim Contribution: ,0, Final Score: ,-121.176
Point: ,275,116,Repeat score:,1, Repeat contribution: ,-1,Dist:,20.0422, Dist contribution: ,-100.211, New scanned ratio: ,0.0100207, New Scanned Cells Contribution: ,0,Area ratio: ,0.988965, Area ratio Contribution: ,0,Perim diff: ,1.03671, Perim diff Contribution: ,0,Frontier diff: ,0, Frontier diff Contribution ,0,Inverse Area ratio: ,0.91472, Inv Area Ratio Contribution: ,0,Inverse Perim ratio: ,1.05096, Inv Perim Contribution: ,0, Final Score: ,-101.211
Point: ,276,117,Repeat score:,1, Repeat contribution: ,-1,Dist:,21, Dist contribution: ,-105, New scanned ratio: ,0.0113418, New Scanned Cells Contribution: ,0,Area ratio: ,0.98893, Area ratio Contribution: ,0,Perim diff: ,1.03723, Perim diff Contribution: ,0,Frontier diff: ,0, Frontier diff Contribution ,0,Inverse Area ratio: ,0.913711, Inv Area Ratio Contribution: ,0,Inverse Perim ratio: ,1.05324, Inv Perim Contribution: ,0, Final Score: ,-106
Point: ,275,118,Repeat score:,1, Repeat contribution: ,-1,Dist:,20.0422, Dist contribution: ,-100.211, New scanned ratio: ,0.0114665, New Scanned Cells Contribution: ,0,Area ratio: ,0.987679, Area ratio Contribution: ,0,Perim diff: ,1.0377, Perim diff Contribution: ,0,Frontier diff: ,0, Frontier diff Contribution ,0,Inverse Area ratio: ,0.913618, Inv Area Ratio Contribution: ,0,Inverse Perim ratio: ,1.05391, Inv Perim Contribution: ,0, Final Score: ,-101.211
Point: ,275,123,Repeat score:,1, Repeat contribution: ,-1,Dist:,21.4672, Dist contribution: ,-107.336, New scanned ratio: ,0.0153302, New Scanned Cells Contribution: ,0,Area ratio: ,0.975655, Area ratio Contribution: ,0,Perim diff: ,1.03891, Perim diff Contribution: ,0,Frontier diff: ,0, Frontier diff Contribution ,0,Inverse Area ratio: ,0.910649, Inv Area Ratio Contribution: ,0,Inverse Perim ratio: ,1.06031, Inv Perim Contribution: ,0, Final Score: ,-108.336
Point: ,272,129,Repeat score:,1, Repeat contribution: ,-1,Dist:,23.0729, Dist contribution: ,-115.365, New scanned ratio: ,0.0184959, New Scanned Cells Contribution: ,0,Area ratio: ,0.959684, Area ratio Contribution: ,0,Perim diff: ,1.04614, Perim diff Contribution: ,0,Frontier diff: ,0, Frontier diff Contribution ,0,Inverse Area ratio: ,0.908155, Inv Area Ratio Contribution: ,0,Inverse Perim ratio: ,1.07096, Inv Perim Contribution: ,0, Final Score: ,-116.365
Point: ,267,134,Repeat score:,1, Repeat contribution: ,-1,Dist:,25.1478, Dist contribution: ,-125.739, New scanned ratio: ,0.019817, New Scanned Cells Contribution: ,0,Area ratio: ,0.945763, Area ratio Contribution: ,0,Perim diff: ,1.06661, Perim diff Contribution: ,0,Frontier diff: ,0, Frontier diff Contribution ,0,Inverse Area ratio: ,0.90697, Inv Area Ratio Contribution: ,0,Inverse Perim ratio: ,1.09144, Inv Perim Contribution: ,0, Final Score: ,-126.739
Point: ,261,137,Repeat score:,1, Repeat contribution: ,-1,Dist:,26.6833, Dist contribution: ,-133.417, New scanned ratio: ,0.0195927, New Scanned Cells Contribution: ,0,Area ratio: ,0.93808, Area ratio Contribution: ,0,Perim diff: ,1.0632, Perim diff Contribution: ,0,Frontier diff: ,0, Frontier diff Contribution ,0,Inverse Area ratio: ,0.907184, Inv Area Ratio Contribution: ,0,Inverse Perim ratio: ,1.08765, Inv Perim Contribution: ,0, Final Score: ,-134.417
Point: ,256,137,Repeat score:,1, Repeat contribution: ,-1,Dist:,26.0192, Dist contribution: ,-130.096, New scanned ratio: ,0.0179974, New Scanned Cells Contribution: ,0,Area ratio: ,0.938578, Area ratio Contribution: ,0,Perim diff: ,1.05894, Perim diff Contribution: ,0,Frontier diff: ,0, Frontier diff Contribution ,0,Inverse Area ratio: ,0.908454, Inv Area Ratio Contribution: ,0,Inverse Perim ratio: ,1.08102, Inv Perim Contribution: ,0, Final Score: ,-131.096
Point: ,255,138,Repeat score:,1, Repeat contribution: ,-1,Dist:,27.3, Dist contribution: ,-136.5, New scanned ratio: ,0.0186704, New Scanned Cells Contribution: ,0,Area ratio: ,0.936235, Area ratio Contribution: ,0,Perim diff: ,1.06089, Perim diff Contribution: ,0,Frontier diff: ,0, Frontier diff Contribution ,0,Inverse Area ratio: ,0.907931, Inv Area Ratio Contribution: ,0,Inverse Perim ratio: ,1.08331, Inv Perim Contribution: ,0, Final Score: ,-137.5
Point: ,254,137,Repeat score:,1, Repeat contribution: ,-1,Dist:,26.0192, Dist contribution: ,-130.096, New scanned ratio: ,0.0175237, New Scanned Cells Contribution: ,0,Area ratio: ,0.938945, Area ratio Contribution: ,0,Perim diff: ,1.05773, Perim diff Contribution: ,0,Frontier diff: ,0, Frontier diff Contribution ,0,Inverse Area ratio: ,0.908828, Inv Area Ratio Contribution: ,0,Inverse Perim ratio: ,1.07893, Inv Perim Contribution: ,0, Final Score: ,-131.096
Point: ,249,137,Repeat score:,1, Repeat contribution: ,-1,Dist:,26.6833, Dist contribution: ,-133.417, New scanned ratio: ,0.0167261, New Scanned Cells Contribution: ,0,Area ratio: ,0.940237, Area ratio Contribution: ,0,Perim diff: ,1.05733, Perim diff Contribution: ,0,Frontier diff: ,0, Frontier diff Contribution ,0,Inverse Area ratio: ,0.909435, Inv Area Ratio Contribution: ,0,Inverse Perim ratio: ,1.07638, Inv Perim Contribution: ,0, Final Score: ,-134.417
Point: ,246,135,Repeat score:,1, Repeat contribution: ,-1,Dist:,25.0711, Dist contribution: ,-125.355, New scanned ratio: ,0.0146322, New Scanned Cells Contribution: ,0,Area ratio: ,0.946295, Area ratio Contribution: ,0,Perim diff: ,1.05324, Perim diff Contribution: ,0,Frontier diff: ,0, Frontier diff Contribution ,0,Inverse Area ratio: ,0.911069, Inv Area Ratio Contribution: ,0,Inverse Perim ratio: ,1.0698, Inv Perim Contribution: ,0, Final Score: ,-126.355
Point: ,242,137,Repeat score:,1, Repeat contribution: ,-1,Dist:,29.0689, Dist contribution: ,-145.344, New scanned ratio: ,0.0165267, New Scanned Cells Contribution: ,0,Area ratio: ,0.9429, Area ratio Contribution: ,0,Perim diff: ,1.05331, Perim diff Contribution: ,0,Frontier diff: ,0, Frontier diff Contribution ,0,Inverse Area ratio: ,0.909649, Inv Area Ratio Contribution: ,0,Inverse Perim ratio: ,1.07021, Inv Perim Contribution: ,0, Final Score: ,-146.344
Point: ,237,137,Repeat score:,1, Repeat contribution: ,-1,Dist:,31.6228, Dist contribution: ,-158.114, New scanned ratio: ,0.0165017, New Scanned Cells Contribution: ,0,Area ratio: ,0.94472, Area ratio Contribution: ,0,Perim diff: ,1.05176, Perim diff Contribution: ,0,Frontier diff: ,0, Frontier diff Contribution ,0,Inverse Area ratio: ,0.909659, Inv Area Ratio Contribution: ,0,Inverse Perim ratio: ,1.06716, Inv Perim Contribution: ,0, Final Score: ,-159.114
Point: ,236,138,Repeat score:,1, Repeat contribution: ,-1,Dist:,33.2609, Dist contribution: ,-166.305, New scanned ratio: ,0.0174739, New Scanned Cells Contribution: ,0,Area ratio: ,0.942597, Area ratio Contribution: ,0,Perim diff: ,1.05675, Perim diff Contribution: ,0,Frontier diff: ,0, Frontier diff Contribution ,0,Inverse Area ratio: ,0.908893, Inv Area Ratio Contribution: ,0,Inverse Perim ratio: ,1.0722, Inv Perim Contribution: ,0, Final Score: ,-167.305
Point: ,235,137,Repeat score:,1, Repeat contribution: ,-1,Dist:,32.8024, Dist contribution: ,-164.012, New scanned ratio: ,0.0165017, New Scanned Cells Contribution: ,0,Area ratio: ,0.945406, Area ratio Contribution: ,0,Perim diff: ,1.05239, Perim diff Contribution: ,0,Frontier diff: ,0, Frontier diff Contribution ,0,Inverse Area ratio: ,0.909659, Inv Area Ratio Contribution: ,0,Inverse Perim ratio: ,1.06716, Inv Perim Contribution: ,0, Final Score: ,-165.012
Point: ,230,137,Repeat score:,1, Repeat contribution: ,-1,Dist:,36.0694, Dist contribution: ,-180.347, New scanned ratio: ,0.0165267, New Scanned Cells Contribution: ,0,Area ratio: ,0.946792, Area ratio Contribution: ,0,Perim diff: ,1.05715, Perim diff Contribution: ,0,Frontier diff: ,0, Frontier diff Contribution ,0,Inverse Area ratio: ,0.909631, Inv Area Ratio Contribution: ,0,Inverse Perim ratio: ,1.07016, Inv Perim Contribution: ,0, Final Score: ,-181.347
Point: ,227,135,Repeat score:,1, Repeat contribution: ,-1,Dist:,36.4905, Dist contribution: ,-182.453, New scanned ratio: ,0.0146073, New Scanned Cells Contribution: ,0,Area ratio: ,0.951211, Area ratio Contribution: ,0,Perim diff: ,1.05571, Perim diff Contribution: ,0,Frontier diff: ,0, Frontier diff Contribution ,0,Inverse Area ratio: ,0.911087, Inv Area Ratio Contribution: ,0,Inverse Perim ratio: ,1.06671, Inv Perim Contribution: ,0, Final Score: ,-183.453
Point: ,223,137,Repeat score:,1, Repeat contribution: ,-1,Dist:,41.2311, Dist contribution: ,-206.155, New scanned ratio: ,0.0165267, New Scanned Cells Contribution: ,0,Area ratio: ,0.947157, Area ratio Contribution: ,0,Perim diff: ,1.05881, Perim diff Contribution: ,0,Frontier diff: ,0, Frontier diff Contribution ,0,Inverse Area ratio: ,0.90964, Inv Area Ratio Contribution: ,0,Inverse Perim ratio: ,1.07022, Inv Perim Contribution: ,0, Final Score: ,-207.155
BEST Point:,275,116, Score: ,-101.211
COUNT COMMAND: 1
Total frontiers: ,107, Prioritised frontiers: ,25
At: ,274,116,
Point: ,299,107,Repeat score:,1, Repeat contribution: ,-1,Dist:,27.6024, Dist contribution: ,-138.012, New scanned ratio: ,0.00283979, New Scanned Cells Contribution: ,0,Area ratio: ,0.989001, Area ratio Contribution: ,0,Perim diff: ,1.03514, Perim diff Contribution: ,0,Frontier diff: ,0, Frontier diff Contribution ,0,Inverse Area ratio: ,0.964635, Inv Area Ratio Contribution: ,0,Inverse Perim ratio: ,1.03397, Inv Perim Contribution: ,0, Final Score: ,-139.012
Point: ,298,108,Repeat score:,1, Repeat contribution: ,-1,Dist:,26.1565, Dist contribution: ,-130.782, New scanned ratio: ,0.00306203, New Scanned Cells Contribution: ,0,Area ratio: ,0.989125, Area ratio Contribution: ,0,Perim diff: ,1.03511, Perim diff Contribution: ,0,Frontier diff: ,0, Frontier diff Contribution ,0,Inverse Area ratio: ,0.96732, Inv Area Ratio Contribution: ,0,Inverse Perim ratio: ,1.03467, Inv Perim Contribution: ,0, Final Score: ,-131.782
Point: ,297,107,Repeat score:,1, Repeat contribution: ,-1,Dist:,25.8048, Dist contribution: ,-129.024, New scanned ratio: ,0.00286448, New Scanned Cells Contribution: ,0,Area ratio: ,0.989306, Area ratio Contribution: ,0,Perim diff: ,1.0341, Perim diff Contribution: ,0,Frontier diff: ,0, Frontier diff Contribution ,0,Inverse Area ratio: ,0.967382, Inv Area Ratio Contribution: ,0,Inverse Perim ratio: ,1.03406, Inv Perim Contribution: ,0, Final Score: ,-130.024
Point: ,297,108,Repeat score:,1, Repeat contribution: ,-1,Dist:,25.242, Dist contribution: ,-126.21, New scanned ratio: ,0.00308672, New Scanned Cells Contribution: ,0,Area ratio: ,0.989259, Area ratio Contribution: ,0,Perim diff: ,1.03359, Perim diff Contribution: ,0,Frontier diff: ,0, Frontier diff Contribution ,0,Inverse Area ratio: ,0.97017, Inv Area Ratio Contribution: ,0,Inverse Perim ratio: ,1.03305, Inv Perim Contribution: ,0, Final Score: ,-127.21
Point: ,294,111,Repeat score:,1, Repeat contribution: ,-1,Dist:,21.0297, Dist contribution: ,-105.149, New scanned ratio: ,0.00382754, New Scanned Cells Contribution: ,0,Area ratio: ,0.989291, Area ratio Contribution: ,0,Perim diff: ,1.0334, Perim diff Contribution: ,0,Frontier diff: ,0, Frontier diff Contribution ,0,Inverse Area ratio: ,0.978496, Inv Area Ratio Contribution: ,0,Inverse Perim ratio: ,1.03206, Inv Perim Contribution: ,0, Final Score: ,-106.149
Point: ,294,115,Repeat score:,1, Repeat contribution: ,-1,Dist:,20.0422, Dist contribution: ,-100.211, New scanned ratio: ,0.00508692, New Scanned Cells Contribution: ,0,Area ratio: ,0.989182, Area ratio Contribution: ,0,Perim diff: ,1.03386, Perim diff Contribution: ,0,Frontier diff: ,0, Frontier diff Contribution ,0,Inverse Area ratio: ,0.983928, Inv Area Ratio Contribution: ,0,Inverse Perim ratio: ,1.03194, Inv Perim Contribution: ,0, Final Score: ,-101.211
Point: ,295,116,Repeat score:,1, Repeat contribution: ,-1,Dist:,21, Dist contribution: ,-105, New scanned ratio: ,0.00540794, New Scanned Cells Contribution: ,0,Area ratio: ,0.98887, Area ratio Contribution: ,0,Perim diff: ,1.03358, Perim diff Contribution: ,0,Frontier diff: ,0, Frontier diff Contribution ,0,Inverse Area ratio: ,0.986399, Inv Area Ratio Contribution: ,0,Inverse Perim ratio: ,1.03171, Inv Perim Contribution: ,0, Final Score: ,-106
Point: ,294,117,Repeat score:,1, Repeat contribution: ,-1,Dist:,20.0422, Dist contribution: ,-100.211, New scanned ratio: ,0.00585243, New Scanned Cells Contribution: ,0,Area ratio: ,0.988729, Area ratio Contribution: ,0,Perim diff: ,1.03384, Perim diff Contribution: ,0,Frontier diff: ,0, Frontier diff Contribution ,0,Inverse Area ratio: ,0.986295, Inv Area Ratio Contribution: ,0,Inverse Perim ratio: ,1.03185, Inv Perim Contribution: ,0, Final Score: ,-101.211
Point: ,294,122,Repeat score:,1, Repeat contribution: ,-1,Dist:,21.4672, Dist contribution: ,-107.336, New scanned ratio: ,0.00814895, New Scanned Cells Contribution: ,0,Area ratio: ,0.978031, Area ratio Contribution: ,0,Perim diff: ,1.03415, Perim diff Contribution: ,0,Frontier diff: ,0, Frontier diff Contribution ,0,Inverse Area ratio: ,0.988782, Inv Area Ratio Contribution: ,0,Inverse Perim ratio: ,1.03185, Inv Perim Contribution: ,0, Final Score: ,-108.336
Point: ,291,128,Repeat score:,1, Repeat contribution: ,-1,Dist:,23.0729, Dist contribution: ,-115.365, New scanned ratio: ,0.0121247, New Scanned Cells Contribution: ,0,Area ratio: ,0.962116, Area ratio Contribution: ,0,Perim diff: ,1.04221, Perim diff Contribution: ,0,Frontier diff: ,-1, Frontier diff Contribution ,-0,Inverse Area ratio: ,0.987196, Inv Area Ratio Contribution: ,0,Inverse Perim ratio: ,1.03411, Inv Perim Contribution: ,0, Final Score: ,-116.365
Point: ,286,133,Repeat score:,1, Repeat contribution: ,-1,Dist:,25.1478, Dist contribution: ,-125.739, New scanned ratio: ,0.0163473, New Scanned Cells Contribution: ,0,Area ratio: ,0.948747, Area ratio Contribution: ,0,Perim diff: ,1.05008, Perim diff Contribution: ,0,Frontier diff: ,-1, Frontier diff Contribution ,-0,Inverse Area ratio: ,0.983935, Inv Area Ratio Contribution: ,0,Inverse Perim ratio: ,1.03911, Inv Perim Contribution: ,0, Final Score: ,-126.739
Point: ,280,136,Repeat score:,1, Repeat contribution: ,-1,Dist:,26.6833, Dist contribution: ,-133.417, New scanned ratio: ,0.0192365, New Scanned Cells Contribution: ,0,Area ratio: ,0.941318, Area ratio Contribution: ,0,Perim diff: ,1.0497, Perim diff Contribution: ,0,Frontier diff: ,-1, Frontier diff Contribution ,-0,Inverse Area ratio: ,0.980011, Inv Area Ratio Contribution: ,0,Inverse Perim ratio: ,1.04709, Inv Perim Contribution: ,0, Final Score: ,-134.417
Point: ,275,136,Repeat score:,1, Repeat contribution: ,-1,Dist:,26.0192, Dist contribution: ,-130.096, New scanned ratio: ,0.017582, New Scanned Cells Contribution: ,0,Area ratio: ,0.942023, Area ratio Contribution: ,0,Perim diff: ,1.04829, Perim diff Contribution: ,0,Frontier diff: ,0, Frontier diff Contribution ,0,Inverse Area ratio: ,0.901544, Inv Area Ratio Contribution: ,0,Inverse Perim ratio: ,1.08367, Inv Perim Contribution: ,0, Final Score: ,-131.096
Point: ,274,137,Repeat score:,1, Repeat contribution: ,-1,Dist:,27.3, Dist contribution: ,-136.5, New scanned ratio: ,0.018224, New Scanned Cells Contribution: ,0,Area ratio: ,0.939758, Area ratio Contribution: ,0,Perim diff: ,1.04891, Perim diff Contribution: ,0,Frontier diff: ,0, Frontier diff Contribution ,0,Inverse Area ratio: ,0.90105, Inv Area Ratio Contribution: ,0,Inverse Perim ratio: ,1.08448, Inv Perim Contribution: ,0, Final Score: ,-137.5
Point: ,273,136,Repeat score:,1, Repeat contribution: ,-1,Dist:,26.0192, Dist contribution: ,-130.096, New scanned ratio: ,0.0170387, New Scanned Cells Contribution: ,0,Area ratio: ,0.942506, Area ratio Contribution: ,0,Perim diff: ,1.04867, Perim diff Contribution: ,0,Frontier diff: ,0, Frontier diff Contribution ,0,Inverse Area ratio: ,0.901965, Inv Area Ratio Contribution: ,0,Inverse Perim ratio: ,1.0822, Inv Perim Contribution: ,0, Final Score: ,-131.096
Point: ,268,136,Repeat score:,1, Repeat contribution: ,-1,Dist:,26.6833, Dist contribution: ,-133.417, New scanned ratio: ,0.0161497, New Scanned Cells Contribution: ,0,Area ratio: ,0.944058, Area ratio Contribution: ,0,Perim diff: ,1.04824, Perim diff Contribution: ,0,Frontier diff: ,0, Frontier diff Contribution ,0,Inverse Area ratio: ,0.902656, Inv Area Ratio Contribution: ,0,Inverse Perim ratio: ,1.07774, Inv Perim Contribution: ,0, Final Score: ,-134.417
Point: ,267,135,Repeat score:,1, Repeat contribution: ,-1,Dist:,25.6727, Dist contribution: ,-128.364, New scanned ratio: ,0.0150632, New Scanned Cells Contribution: ,0,Area ratio: ,0.946924, Area ratio Contribution: ,0,Perim diff: ,1.04798, Perim diff Contribution: ,0,Frontier diff: ,0, Frontier diff Contribution ,0,Inverse Area ratio: ,0.903496, Inv Area Ratio Contribution: ,0,Inverse Perim ratio: ,1.07565, Inv Perim Contribution: ,0, Final Score: ,-129.364
Point: ,264,135,Repeat score:,1, Repeat contribution: ,-1,Dist:,26.6475, Dist contribution: ,-133.238, New scanned ratio: ,0.0149151, New Scanned Cells Contribution: ,0,Area ratio: ,0.947589, Area ratio Contribution: ,0,Perim diff: ,1.04771, Perim diff Contribution: ,0,Frontier diff: ,0, Frontier diff Contribution ,0,Inverse Area ratio: ,0.903627, Inv Area Ratio Contribution: ,0,Inverse Perim ratio: ,1.07356, Inv Perim Contribution: ,0, Final Score: ,-134.238
Point: ,261,137,Repeat score:,1, Repeat contribution: ,-1,Dist:,30.2372, Dist contribution: ,-151.186, New scanned ratio: ,0.0167424, New Scanned Cells Contribution: ,0,Area ratio: ,0.943273, Area ratio Contribution: ,0,Perim diff: ,1.04854, Perim diff Contribution: ,0,Frontier diff: ,0, Frontier diff Contribution ,0,Inverse Area ratio: ,0.902245, Inv Area Ratio Contribution: ,0,Inverse Perim ratio: ,1.07476, Inv Perim Contribution: ,0, Final Score: ,-152.186
Point: ,256,137,Repeat score:,1, Repeat contribution: ,-1,Dist:,32.7, Dist contribution: ,-163.5, New scanned ratio: ,0.0165942, New Scanned Cells Contribution: ,0,Area ratio: ,0.943899, Area ratio Contribution: ,0,Perim diff: ,1.04955, Perim diff Contribution: ,0,Frontier diff: ,0, Frontier diff Contribution ,0,Inverse Area ratio: ,0.902347, Inv Area Ratio Contribution: ,0,Inverse Perim ratio: ,1.07338, Inv Perim Contribution: ,0, Final Score: ,-164.5
Point: ,255,138,Repeat score:,1, Repeat contribution: ,-1,Dist:,34.336, Dist contribution: ,-171.68, New scanned ratio: ,0.0175326, New Scanned Cells Contribution: ,0,Area ratio: ,0.941659, Area ratio Contribution: ,0,Perim diff: ,1.05268, Perim diff Contribution: ,0,Frontier diff: ,0, Frontier diff Contribution ,0,Inverse Area ratio: ,0.9016, Inv Area Ratio Contribution: ,0,Inverse Perim ratio: ,1.07676, Inv Perim Contribution: ,0, Final Score: ,-172.68
Point: ,254,137,Repeat score:,1, Repeat contribution: ,-1,Dist:,33.8421, Dist contribution: ,-169.211, New scanned ratio: ,0.0165695, New Scanned Cells Contribution: ,0,Area ratio: ,0.944193, Area ratio Contribution: ,0,Perim diff: ,1.04845, Perim diff Contribution: ,0,Frontier diff: ,0, Frontier diff Contribution ,0,Inverse Area ratio: ,0.902385, Inv Area Ratio Contribution: ,0,Inverse Perim ratio: ,1.07171, Inv Perim Contribution: ,0, Final Score: ,-170.211
Point: ,249,137,Repeat score:,1, Repeat contribution: ,-1,Dist:,37.0174, Dist contribution: ,-185.087, New scanned ratio: ,0.0164461, New Scanned Cells Contribution: ,0,Area ratio: ,0.944459, Area ratio Contribution: ,0,Perim diff: ,1.05524, Perim diff Contribution: ,0,Frontier diff: ,0, Frontier diff Contribution ,0,Inverse Area ratio: ,0.90245, Inv Area Ratio Contribution: ,0,Inverse Perim ratio: ,1.07638, Inv Perim Contribution: ,0, Final Score: ,-186.087
Point: ,245,135,Repeat score:,1, Repeat contribution: ,-1,Dist:,38.0932, Dist contribution: ,-190.466, New scanned ratio: ,0.0144706, New Scanned Cells Contribution: ,0,Area ratio: ,0.949296, Area ratio Contribution: ,0,Perim diff: ,1.05156, Perim diff Contribution: ,0,Frontier diff: ,0, Frontier diff Contribution ,0,Inverse Area ratio: ,0.903972, Inv Area Ratio Contribution: ,0,Inverse Perim ratio: ,1.07066, Inv Perim Contribution: ,0, Final Score: ,-191.466
Point: ,242,137,Repeat score:,1, Repeat contribution: ,-1,Dist:,42.0629, Dist contribution: ,-210.315, New scanned ratio: ,0.016372, New Scanned Cells Contribution: ,0,Area ratio: ,0.944849, Area ratio Contribution: ,0,Perim diff: ,1.05402, Perim diff Contribution: ,0,Frontier diff: ,0, Frontier diff Contribution ,0,Inverse Area ratio: ,0.902544, Inv Area Ratio Contribution: ,0,Inverse Perim ratio: ,1.0738, Inv Perim Contribution: ,0, Final Score: ,-211.315
BEST Point:,294,115, Score: ,-101.211
COUNT COMMAND: 1
Total frontiers: ,103, Prioritised frontiers: ,15
At: ,293,115,
Point: ,299,135,Repeat score:,1, Repeat contribution: ,-1,Dist:,26.6833, Dist contribution: ,-133.417, New scanned ratio: ,0.00825472, New Scanned Cells Contribution: ,0,Area ratio: ,0.941796, Area ratio Contribution: ,0,Perim diff: ,1.04327, Perim diff Contribution: ,0,Frontier diff: ,0, Frontier diff Contribution ,0,Inverse Area ratio: ,0.987274, Inv Area Ratio Contribution: ,0,Inverse Perim ratio: ,1.03396, Inv Perim Contribution: ,0, Final Score: ,-134.417
Point: ,294,135,Repeat score:,1, Repeat contribution: ,-1,Dist:,26.0192, Dist contribution: ,-130.096, New scanned ratio: ,0.0105886, New Scanned Cells Contribution: ,0,Area ratio: ,0.942929, Area ratio Contribution: ,0,Perim diff: ,1.04206, Perim diff Contribution: ,0,Frontier diff: ,0, Frontier diff Contribution ,0,Inverse Area ratio: ,0.986344, Inv Area Ratio Contribution: ,0,Inverse Perim ratio: ,1.03514, Inv Perim Contribution: ,0, Final Score: ,-131.096
Point: ,293,136,Repeat score:,1, Repeat contribution: ,-1,Dist:,27.3, Dist contribution: ,-136.5, New scanned ratio: ,0.0116942, New Scanned Cells Contribution: ,0,Area ratio: ,0.940495, Area ratio Contribution: ,0,Perim diff: ,1.04307, Perim diff Contribution: ,0,Frontier diff: ,0, Frontier diff Contribution ,0,Inverse Area ratio: ,0.98598, Inv Area Ratio Contribution: ,0,Inverse Perim ratio: ,1.03546, Inv Perim Contribution: ,0, Final Score: ,-137.5
Point: ,292,135,Repeat score:,1, Repeat contribution: ,-1,Dist:,26.0192, Dist contribution: ,-130.096, New scanned ratio: ,0.0114731, New Scanned Cells Contribution: ,0,Area ratio: ,0.943348, Area ratio Contribution: ,0,Perim diff: ,1.04276, Perim diff Contribution: ,0,Frontier diff: ,0, Frontier diff Contribution ,0,Inverse Area ratio: ,0.9856, Inv Area Ratio Contribution: ,0,Inverse Perim ratio: ,1.03668, Inv Perim Contribution: ,0, Final Score: ,-131.096
Point: ,287,135,Repeat score:,1, Repeat contribution: ,-1,Dist:,26.6833, Dist contribution: ,-133.417, New scanned ratio: ,0.0135613, New Scanned Cells Contribution: ,0,Area ratio: ,0.944521, Area ratio Contribution: ,0,Perim diff: ,1.04283, Perim diff Contribution: ,0,Frontier diff: ,0, Frontier diff Contribution ,0,Inverse Area ratio: ,0.983917, Inv Area Ratio Contribution: ,0,Inverse Perim ratio: ,1.03888, Inv Perim Contribution: ,0, Final Score: ,-134.417
Point: ,286,134,Repeat score:,1, Repeat contribution: ,-1,Dist:,25.6727, Dist contribution: ,-128.364, New scanned ratio: ,0.0131191, New Scanned Cells Contribution: ,0,Area ratio: ,0.947326, Area ratio Contribution: ,0,Perim diff: ,1.04252, Perim diff Contribution: ,0,Frontier diff: ,0, Frontier diff Contribution ,0,Inverse Area ratio: ,0.983632, Inv Area Ratio Contribution: ,0,Inverse Perim ratio: ,1.03972, Inv Perim Contribution: ,0, Final Score: ,-129.364
Point: ,283,134,Repeat score:,1, Repeat contribution: ,-1,Dist:,26.6475, Dist contribution: ,-133.238, New scanned ratio: ,0.0140772, New Scanned Cells Contribution: ,0,Area ratio: ,0.94806, Area ratio Contribution: ,0,Perim diff: ,1.04104, Perim diff Contribution: ,0,Frontier diff: ,0, Frontier diff Contribution ,0,Inverse Area ratio: ,0.982877, Inv Area Ratio Contribution: ,0,Inverse Perim ratio: ,1.04131, Inv Perim Contribution: ,0, Final Score: ,-134.238
Point: ,280,136,Repeat score:,1, Repeat contribution: ,-1,Dist:,30.2372, Dist contribution: ,-151.186, New scanned ratio: ,0.0164849, New Scanned Cells Contribution: ,0,Area ratio: ,0.943634, Area ratio Contribution: ,0,Perim diff: ,1.04173, Perim diff Contribution: ,0,Frontier diff: ,0, Frontier diff Contribution ,0,Inverse Area ratio: ,0.98014, Inv Area Ratio Contribution: ,0,Inverse Perim ratio: ,1.04729, Inv Perim Contribution: ,0, Final Score: ,-152.186
Point: ,275,136,Repeat score:,1, Repeat contribution: ,-1,Dist:,32.7, Dist contribution: ,-163.5, New scanned ratio: ,0.0162638, New Scanned Cells Contribution: ,0,Area ratio: ,0.944146, Area ratio Contribution: ,0,Perim diff: ,1.04464, Perim diff Contribution: ,0,Frontier diff: ,0, Frontier diff Contribution ,0,Inverse Area ratio: ,0.975147, Inv Area Ratio Contribution: ,0,Inverse Perim ratio: ,1.05483, Inv Perim Contribution: ,0, Final Score: ,-164.5
Point: ,274,137,Repeat score:,1, Repeat contribution: ,-1,Dist:,34.336, Dist contribution: ,-171.68, New scanned ratio: ,0.0171728, New Scanned Cells Contribution: ,0,Area ratio: ,0.941741, Area ratio Contribution: ,0,Perim diff: ,1.04617, Perim diff Contribution: ,0,Frontier diff: ,0, Frontier diff Contribution ,0,Inverse Area ratio: ,0.974368, Inv Area Ratio Contribution: ,0,Inverse Perim ratio: ,1.05679, Inv Perim Contribution: ,0, Final Score: ,-172.68
Point: ,273,136,Repeat score:,1, Repeat contribution: ,-1,Dist:,33.8421, Dist contribution: ,-169.211, New scanned ratio: ,0.0161655, New Scanned Cells Contribution: ,0,Area ratio: ,0.944228, Area ratio Contribution: ,0,Perim diff: ,1.04452, Perim diff Contribution: ,0,Frontier diff: ,0, Frontier diff Contribution ,0,Inverse Area ratio: ,0.975239, Inv Area Ratio Contribution: ,0,Inverse Perim ratio: ,1.05374, Inv Perim Contribution: ,0, Final Score: ,-170.211
Point: ,268,136,Repeat score:,1, Repeat contribution: ,-1,Dist:,37.0174, Dist contribution: ,-185.087, New scanned ratio: ,0.0159444, New Scanned Cells Contribution: ,0,Area ratio: ,0.944401, Area ratio Contribution: ,0,Perim diff: ,1.0496, Perim diff Contribution: ,0,Frontier diff: ,0, Frontier diff Contribution ,0,Inverse Area ratio: ,0.975401, Inv Area Ratio Contribution: ,0,Inverse Perim ratio: ,1.05659, Inv Perim Contribution: ,0, Final Score: ,-186.087
Point: ,267,135,Repeat score:,1, Repeat contribution: ,-1,Dist:,36.7696, Dist contribution: ,-183.848, New scanned ratio: ,0.0149371, New Scanned Cells Contribution: ,0,Area ratio: ,0.946832, Area ratio Contribution: ,0,Perim diff: ,1.04757, Perim diff Contribution: ,0,Frontier diff: ,0, Frontier diff Contribution ,0,Inverse Area ratio: ,0.976251, Inv Area Ratio Contribution: ,0,Inverse Perim ratio: ,1.05354, Inv Perim Contribution: ,0, Final Score: ,-184.848
Point: ,264,135,Repeat score:,1, Repeat contribution: ,-1,Dist:,38.9487, Dist contribution: ,-194.743, New scanned ratio: ,0.0148388, New Scanned Cells Contribution: ,0,Area ratio: ,0.946836, Area ratio Contribution: ,0,Perim diff: ,1.05083, Perim diff Contribution: ,0,Frontier diff: ,0, Frontier diff Contribution ,0,Inverse Area ratio: ,0.973984, Inv Area Ratio Contribution: ,0,Inverse Perim ratio: ,1.05585, Inv Perim Contribution: ,0, Final Score: ,-195.743
Point: ,261,137,Repeat score:,1, Repeat contribution: ,-1,Dist:,42.9181, Dist contribution: ,-214.59, New scanned ratio: ,0.0166568, New Scanned Cells Contribution: ,0,Area ratio: ,0.942058, Area ratio Contribution: ,0,Perim diff: ,1.05125, Perim diff Contribution: ,0,Frontier diff: ,0, Frontier diff Contribution ,0,Inverse Area ratio: ,0.972489, Inv Area Ratio Contribution: ,0,Inverse Perim ratio: ,1.05719, Inv Perim Contribution: ,0, Final Score: ,-215.59
BEST Point:,286,134, Score: ,-129.364
COUNT COMMAND: 1
Total frontiers: ,100, Prioritised frontiers: ,16
At: ,286,133,
Point: ,299,149,Repeat score:,1, Repeat contribution: ,-1,Dist:,24.5284, Dist contribution: ,-122.642, New scanned ratio: ,0.00652833, New Scanned Cells Contribution: ,0,Area ratio: ,0.908776, Area ratio Contribution: ,0,Perim diff: ,1.04863, Perim diff Contribution: ,0,Frontier diff: ,0, Frontier diff Contribution ,0,Inverse Area ratio: ,0.985572, Inv Area Ratio Contribution: ,0,Inverse Perim ratio: ,1.03439, Inv Perim Contribution: ,0, Final Score: ,-123.642
Point: ,292,153,Repeat score:,1, Repeat contribution: ,-1,Dist:,26.6833, Dist contribution: ,-133.417, New scanned ratio: ,0.0122558, New Scanned Cells Contribution: ,0,Area ratio: ,0.899633, Area ratio Contribution: ,0,Perim diff: ,1.05672, Perim diff Contribution: ,0,Frontier diff: ,0, Frontier diff Contribution ,0,Inverse Area ratio: ,0.981335, Inv Area Ratio Contribution: ,0,Inverse Perim ratio: ,1.04209, Inv Perim Contribution: ,0, Final Score: ,-134.417
Point: ,287,153,Repeat score:,1, Repeat contribution: ,-1,Dist:,26.0192, Dist contribution: ,-130.096, New scanned ratio: ,0.0151923, New Scanned Cells Contribution: ,0,Area ratio: ,0.900589, Area ratio Contribution: ,0,Perim diff: ,1.06174, Perim diff Contribution: ,0,Frontier diff: ,0, Frontier diff Contribution ,0,Inverse Area ratio: ,0.978118, Inv Area Ratio Contribution: ,0,Inverse Perim ratio: ,1.04895, Inv Perim Contribution: ,0, Final Score: ,-131.096
Point: ,286,154,Repeat score:,1, Repeat contribution: ,-1,Dist:,27.3, Dist contribution: ,-136.5, New scanned ratio: ,0.0165514, New Scanned Cells Contribution: ,0,Area ratio: ,0.898517, Area ratio Contribution: ,0,Perim diff: ,1.06351, Perim diff Contribution: ,0,Frontier diff: ,0, Frontier diff Contribution ,0,Inverse Area ratio: ,0.976979, Inv Area Ratio Contribution: ,0,Inverse Perim ratio: ,1.05129, Inv Perim Contribution: ,0, Final Score: ,-137.5
Point: ,285,153,Repeat score:,1, Repeat contribution: ,-1,Dist:,26.0192, Dist contribution: ,-130.096, New scanned ratio: ,0.0164058, New Scanned Cells Contribution: ,0,Area ratio: ,0.901108, Area ratio Contribution: ,0,Perim diff: ,1.06402, Perim diff Contribution: ,0,Frontier diff: ,0, Frontier diff Contribution ,0,Inverse Area ratio: ,0.97639, Inv Area Ratio Contribution: ,0,Inverse Perim ratio: ,1.05361, Inv Perim Contribution: ,0, Final Score: ,-131.096
Point: ,280,153,Repeat score:,1, Repeat contribution: ,-1,Dist:,26.6833, Dist contribution: ,-133.417, New scanned ratio: ,0.0192452, New Scanned Cells Contribution: ,0,Area ratio: ,0.902726, Area ratio Contribution: ,0,Perim diff: ,1.07034, Perim diff Contribution: ,0,Frontier diff: ,0, Frontier diff Contribution ,0,Inverse Area ratio: ,0.97117, Inv Area Ratio Contribution: ,0,Inverse Perim ratio: ,1.07036, Inv Perim Contribution: ,0, Final Score: ,-134.417
Point: ,274,150,Repeat score:,1, Repeat contribution: ,-1,Dist:,25.1478, Dist contribution: ,-125.739, New scanned ratio: ,0.0189783, New Scanned Cells Contribution: ,0,Area ratio: ,0.911676, Area ratio Contribution: ,0,Perim diff: ,1.06333, Perim diff Contribution: ,0,Frontier diff: ,0, Frontier diff Contribution ,0,Inverse Area ratio: ,0.970074, Inv Area Ratio Contribution: ,0,Inverse Perim ratio: ,1.07348, Inv Perim Contribution: ,0, Final Score: ,-126.739
Point: ,269,145,Repeat score:,1, Repeat contribution: ,-1,Dist:,23.0729, Dist contribution: ,-115.365, New scanned ratio: ,0.0165029, New Scanned Cells Contribution: ,0,Area ratio: ,0.924646, Area ratio Contribution: ,0,Perim diff: ,1.05344, Perim diff Contribution: ,0,Frontier diff: ,0, Frontier diff Contribution ,0,Inverse Area ratio: ,0.972925, Inv Area Ratio Contribution: ,0,Inverse Perim ratio: ,1.05741, Inv Perim Contribution: ,0, Final Score: ,-116.365
Point: ,266,139,Repeat score:,1, Repeat contribution: ,-1,Dist:,21.4672, Dist contribution: ,-107.336, New scanned ratio: ,0.0124742, New Scanned Cells Contribution: ,0,Area ratio: ,0.939121, Area ratio Contribution: ,0,Perim diff: ,1.0484, Perim diff Contribution: ,0,Frontier diff: ,0, Frontier diff Contribution ,0,Inverse Area ratio: ,0.976398, Inv Area Ratio Contribution: ,0,Inverse Perim ratio: ,1.04847, Inv Perim Contribution: ,0, Final Score: ,-108.336
Point: ,266,135,Repeat score:,1, Repeat contribution: ,-1,Dist:,20.1683, Dist contribution: ,-100.841, New scanned ratio: ,0.00927072, New Scanned Cells Contribution: ,0,Area ratio: ,0.948458, Area ratio Contribution: ,0,Perim diff: ,1.04296, Perim diff Contribution: ,0,Frontier diff: ,0, Frontier diff Contribution ,0,Inverse Area ratio: ,0.979346, Inv Area Ratio Contribution: ,0,Inverse Perim ratio: ,1.04198, Inv Perim Contribution: ,0, Final Score: ,-101.841
Point: ,264,135,Repeat score:,1, Repeat contribution: ,-1,Dist:,22.1531, Dist contribution: ,-110.766, New scanned ratio: ,0.0100473, New Scanned Cells Contribution: ,0,Area ratio: ,0.948792, Area ratio Contribution: ,0,Perim diff: ,1.04255, Perim diff Contribution: ,0,Frontier diff: ,0, Frontier diff Contribution ,0,Inverse Area ratio: ,0.979723, Inv Area Ratio Contribution: ,0,Inverse Perim ratio: ,1.04185, Inv Perim Contribution: ,0, Final Score: ,-111.766
Point: ,261,137,Repeat score:,1, Repeat contribution: ,-1,Dist:,25.5351, Dist contribution: ,-127.675, New scanned ratio: ,0.0127654, New Scanned Cells Contribution: ,0,Area ratio: ,0.944748, Area ratio Contribution: ,0,Perim diff: ,1.04312, Perim diff Contribution: ,0,Frontier diff: ,0, Frontier diff Contribution ,0,Inverse Area ratio: ,0.978672, Inv Area Ratio Contribution: ,0,Inverse Perim ratio: ,1.04308, Inv Perim Contribution: ,0, Final Score: ,-128.675
Point: ,256,137,Repeat score:,1, Repeat contribution: ,-1,Dist:,30.4473, Dist contribution: ,-152.237, New scanned ratio: ,0.0143187, New Scanned Cells Contribution: ,0,Area ratio: ,0.945162, Area ratio Contribution: ,0,Perim diff: ,1.04383, Perim diff Contribution: ,0,Frontier diff: ,0, Frontier diff Contribution ,0,Inverse Area ratio: ,0.977763, Inv Area Ratio Contribution: ,0,Inverse Perim ratio: ,1.04374, Inv Perim Contribution: ,0, Final Score: ,-153.237
Point: ,255,138,Repeat score:,1, Repeat contribution: ,-1,Dist:,31.6741, Dist contribution: ,-158.371, New scanned ratio: ,0.0154836, New Scanned Cells Contribution: ,0,Area ratio: ,0.943081, Area ratio Contribution: ,0,Perim diff: ,1.04709, Perim diff Contribution: ,0,Frontier diff: ,0, Frontier diff Contribution ,0,Inverse Area ratio: ,0.976708, Inv Area Ratio Contribution: ,0,Inverse Perim ratio: ,1.04734, Inv Perim Contribution: ,0, Final Score: ,-159.371
Point: ,254,137,Repeat score:,1, Repeat contribution: ,-1,Dist:,32.4197, Dist contribution: ,-162.099, New scanned ratio: ,0.0148526, New Scanned Cells Contribution: ,0,Area ratio: ,0.945277, Area ratio Contribution: ,0,Perim diff: ,1.04504, Perim diff Contribution: ,0,Frontier diff: ,0, Frontier diff Contribution ,0,Inverse Area ratio: ,0.977281, Inv Area Ratio Contribution: ,0,Inverse Perim ratio: ,1.04509, Inv Perim Contribution: ,0, Final Score: ,-163.099
Point: ,249,137,Repeat score:,1, Repeat contribution: ,-1,Dist:,37.3636, Dist contribution: ,-186.818, New scanned ratio: ,0.0158719, New Scanned Cells Contribution: ,0,Area ratio: ,0.945199, Area ratio Contribution: ,0,Perim diff: ,1.05274, Perim diff Contribution: ,0,Frontier diff: ,0, Frontier diff Contribution ,0,Inverse Area ratio: ,0.97637, Inv Area Ratio Contribution: ,0,Inverse Perim ratio: ,1.05264, Inv Perim Contribution: ,0, Final Score: ,-187.818
BEST Point:,266,135, Score: ,-101.841
COUNT COMMAND: 1
Total frontiers: ,99, Prioritised frontiers: ,22
At: ,266,134,
Point: ,299,149,Repeat score:,1, Repeat contribution: ,-1,Dist:,38.3308, Dist contribution: ,-191.654, New scanned ratio: ,0.00647335, New Scanned Cells Contribution: ,0,Area ratio: ,0.916516, Area ratio Contribution: ,0,Perim diff: ,1.04999, Perim diff Contribution: ,0,Frontier diff: ,0, Frontier diff Contribution ,0,Inverse Area ratio: ,0.983041, Inv Area Ratio Contribution: ,0,Inverse Perim ratio: ,1.04035, Inv Perim Contribution: ,0, Final Score: ,-192.654
Point: ,292,153,Repeat score:,1, Repeat contribution: ,-1,Dist:,35.8621, Dist contribution: ,-179.31, New scanned ratio: ,0.0118879, New Scanned Cells Contribution: ,0,Area ratio: ,0.907111, Area ratio Contribution: ,0,Perim diff: ,1.05064, Perim diff Contribution: ,0,Frontier diff: ,0, Frontier diff Contribution ,0,Inverse Area ratio: ,0.982057, Inv Area Ratio Contribution: ,0,Inverse Perim ratio: ,1.04169, Inv Perim Contribution: ,0, Final Score: ,-180.31
Point: ,287,153,Repeat score:,1, Repeat contribution: ,-1,Dist:,32.4205, Dist contribution: ,-162.103, New scanned ratio: ,0.0139093, New Scanned Cells Contribution: ,0,Area ratio: ,0.907335, Area ratio Contribution: ,0,Perim diff: ,1.05068, Perim diff Contribution: ,0,Frontier diff: ,0, Frontier diff Contribution ,0,Inverse Area ratio: ,0.979194, Inv Area Ratio Contribution: ,0,Inverse Perim ratio: ,1.04322, Inv Perim Contribution: ,0, Final Score: ,-163.103
Point: ,286,154,Repeat score:,1, Repeat contribution: ,-1,Dist:,32.8024, Dist contribution: ,-164.012, New scanned ratio: ,0.0150644, New Scanned Cells Contribution: ,0,Area ratio: ,0.905087, Area ratio Contribution: ,0,Perim diff: ,1.05003, Perim diff Contribution: ,0,Frontier diff: ,0, Frontier diff Contribution ,0,Inverse Area ratio: ,0.978234, Inv Area Ratio Contribution: ,0,Inverse Perim ratio: ,1.04316, Inv Perim Contribution: ,0, Final Score: ,-165.012
Point: ,285,153,Repeat score:,1, Repeat contribution: ,-1,Dist:,31.1623, Dist contribution: ,-155.812, New scanned ratio: ,0.0145831, New Scanned Cells Contribution: ,0,Area ratio: ,0.907394, Area ratio Contribution: ,0,Perim diff: ,1.0498, Perim diff Contribution: ,0,Frontier diff: ,0, Frontier diff Contribution ,0,Inverse Area ratio: ,0.977525, Inv Area Ratio Contribution: ,0,Inverse Perim ratio: ,1.04437, Inv Perim Contribution: ,0, Final Score: ,-156.812
Point: ,280,153,Repeat score:,1, Repeat contribution: ,-1,Dist:,28.3917, Dist contribution: ,-141.959, New scanned ratio: ,0.0157622, New Scanned Cells Contribution: ,0,Area ratio: ,0.907517, Area ratio Contribution: ,0,Perim diff: ,1.05004, Perim diff Contribution: ,0,Frontier diff: ,0, Frontier diff Contribution ,0,Inverse Area ratio: ,0.972147, Inv Area Ratio Contribution: ,0,Inverse Perim ratio: ,1.05348, Inv Perim Contribution: ,0, Final Score: ,-142.959
Point: ,277,151,Repeat score:,1, Repeat contribution: ,-1,Dist:,24.6862, Dist contribution: ,-123.431, New scanned ratio: ,0.0136446, New Scanned Cells Contribution: ,0,Area ratio: ,0.911811, Area ratio Contribution: ,0,Perim diff: ,1.05193, Perim diff Contribution: ,0,Frontier diff: ,0, Frontier diff Contribution ,0,Inverse Area ratio: ,0.967982, Inv Area Ratio Contribution: ,0,Inverse Perim ratio: ,1.06575, Inv Perim Contribution: ,0, Final Score: ,-124.431
Point: ,272,154,Repeat score:,1, Repeat contribution: ,-1,Dist:,26.6833, Dist contribution: ,-133.417, New scanned ratio: ,0.0165564, New Scanned Cells Contribution: ,0,Area ratio: ,0.905014, Area ratio Contribution: ,0,Perim diff: ,1.05917, Perim diff Contribution: ,0,Frontier diff: ,0, Frontier diff Contribution ,0,Inverse Area ratio: ,0.965439, Inv Area Ratio Contribution: ,0,Inverse Perim ratio: ,1.07303, Inv Perim Contribution: ,0, Final Score: ,-134.417
Point: ,267,154,Repeat score:,1, Repeat contribution: ,-1,Dist:,26.0192, Dist contribution: ,-130.096, New scanned ratio: ,0.0172061, New Scanned Cells Contribution: ,0,Area ratio: ,0.90525, Area ratio Contribution: ,0,Perim diff: ,1.06646, Perim diff Contribution: ,0,Frontier diff: ,0, Frontier diff Contribution ,0,Inverse Area ratio: ,0.964867, Inv Area Ratio Contribution: ,0,Inverse Perim ratio: ,1.07793, Inv Perim Contribution: ,0, Final Score: ,-131.096
Point: ,266,155,Repeat score:,1, Repeat contribution: ,-1,Dist:,27.3, Dist contribution: ,-136.5, New scanned ratio: ,0.0183131, New Scanned Cells Contribution: ,0,Area ratio: ,0.903165, Area ratio Contribution: ,0,Perim diff: ,1.06822, Perim diff Contribution: ,0,Frontier diff: ,0, Frontier diff Contribution ,0,Inverse Area ratio: ,0.963907, Inv Area Ratio Contribution: ,0,Inverse Perim ratio: ,1.08032, Inv Perim Contribution: ,0, Final Score: ,-137.5
Point: ,265,154,Repeat score:,1, Repeat contribution: ,-1,Dist:,26.0192, Dist contribution: ,-130.096, New scanned ratio: ,0.0176393, New Scanned Cells Contribution: ,0,Area ratio: ,0.905544, Area ratio Contribution: ,0,Perim diff: ,1.06718, Perim diff Contribution: ,0,Frontier diff: ,0, Frontier diff Contribution ,0,Inverse Area ratio: ,0.964479, Inv Area Ratio Contribution: ,0,Inverse Perim ratio: ,1.08102, Inv Perim Contribution: ,0, Final Score: ,-131.096
Point: ,260,154,Repeat score:,1, Repeat contribution: ,-1,Dist:,26.6833, Dist contribution: ,-133.417, New scanned ratio: ,0.019035, New Scanned Cells Contribution: ,0,Area ratio: ,0.906244, Area ratio Contribution: ,0,Perim diff: ,1.07802, Perim diff Contribution: ,0,Frontier diff: ,0, Frontier diff Contribution ,0,Inverse Area ratio: ,0.963213, Inv Area Ratio Contribution: ,0,Inverse Perim ratio: ,1.08704, Inv Perim Contribution: ,0, Final Score: ,-134.417
Point: ,254,151,Repeat score:,1, Repeat contribution: ,-1,Dist:,25.1478, Dist contribution: ,-125.739, New scanned ratio: ,0.0189388, New Scanned Cells Contribution: ,0,Area ratio: ,0.914619, Area ratio Contribution: ,0,Perim diff: ,1.07117, Perim diff Contribution: ,0,Frontier diff: ,0, Frontier diff Contribution ,0,Inverse Area ratio: ,0.965982, Inv Area Ratio Contribution: ,0,Inverse Perim ratio: ,1.0772, Inv Perim Contribution: ,0, Final Score: ,-126.739
Point: ,249,146,Repeat score:,1, Repeat contribution: ,-1,Dist:,23.0729, Dist contribution: ,-115.365, New scanned ratio: ,0.0166767, New Scanned Cells Contribution: ,0,Area ratio: ,0.92659, Area ratio Contribution: ,0,Perim diff: ,1.05814, Perim diff Contribution: ,0,Frontier diff: ,0, Frontier diff Contribution ,0,Inverse Area ratio: ,0.968339, Inv Area Ratio Contribution: ,0,Inverse Perim ratio: ,1.06093, Inv Perim Contribution: ,0, Final Score: ,-116.365
Point: ,246,140,Repeat score:,1, Repeat contribution: ,-1,Dist:,21.4672, Dist contribution: ,-107.336, New scanned ratio: ,0.0128504, New Scanned Cells Contribution: ,0,Area ratio: ,0.940739, Area ratio Contribution: ,0,Perim diff: ,1.05017, Perim diff Contribution: ,0,Frontier diff: ,0, Frontier diff Contribution ,0,Inverse Area ratio: ,0.971848, Inv Area Ratio Contribution: ,0,Inverse Perim ratio: ,1.05066, Inv Perim Contribution: ,0, Final Score: ,-108.336
Point: ,246,135,Repeat score:,1, Repeat contribution: ,-1,Dist:,20.0422, Dist contribution: ,-100.211, New scanned ratio: ,0.00892793, New Scanned Cells Contribution: ,0,Area ratio: ,0.952079, Area ratio Contribution: ,0,Perim diff: ,1.04287, Perim diff Contribution: ,0,Frontier diff: ,0, Frontier diff Contribution ,0,Inverse Area ratio: ,0.97641, Inv Area Ratio Contribution: ,0,Inverse Perim ratio: ,1.04261, Inv Perim Contribution: ,0, Final Score: ,-101.211
Point: ,242,137,Repeat score:,1, Repeat contribution: ,-1,Dist:,24.3148, Dist contribution: ,-121.574, New scanned ratio: ,0.0120322, New Scanned Cells Contribution: ,0,Area ratio: ,0.948221, Area ratio Contribution: ,0,Perim diff: ,1.04312, Perim diff Contribution: ,0,Frontier diff: ,0, Frontier diff Contribution ,0,Inverse Area ratio: ,0.975284, Inv Area Ratio Contribution: ,0,Inverse Perim ratio: ,1.04335, Inv Perim Contribution: ,0, Final Score: ,-122.574
Point: ,237,137,Repeat score:,1, Repeat contribution: ,-1,Dist:,29.2611, Dist contribution: ,-146.305, New scanned ratio: ,0.0136927, New Scanned Cells Contribution: ,0,Area ratio: ,0.948743, Area ratio Contribution: ,0,Perim diff: ,1.04378, Perim diff Contribution: ,0,Frontier diff: ,0, Frontier diff Contribution ,0,Inverse Area ratio: ,0.973886, Inv Area Ratio Contribution: ,0,Inverse Perim ratio: ,1.04399, Inv Perim Contribution: ,0, Final Score: ,-147.305
Point: ,236,138,Repeat score:,1, Repeat contribution: ,-1,Dist:,30.4473, Dist contribution: ,-152.237, New scanned ratio: ,0.0148719, New Scanned Cells Contribution: ,0,Area ratio: ,0.946637, Area ratio Contribution: ,0,Perim diff: ,1.04676, Perim diff Contribution: ,0,Frontier diff: ,0, Frontier diff Contribution ,0,Inverse Area ratio: ,0.972859, Inv Area Ratio Contribution: ,0,Inverse Perim ratio: ,1.04709, Inv Perim Contribution: ,0, Final Score: ,-153.237
Point: ,235,137,Repeat score:,1, Repeat contribution: ,-1,Dist:,31.2444, Dist contribution: ,-156.222, New scanned ratio: ,0.0142943, New Scanned Cells Contribution: ,0,Area ratio: ,0.948936, Area ratio Contribution: ,0,Perim diff: ,1.04479, Perim diff Contribution: ,0,Frontier diff: ,0, Frontier diff Contribution ,0,Inverse Area ratio: ,0.973342, Inv Area Ratio Contribution: ,0,Inverse Perim ratio: ,1.04497, Inv Perim Contribution: ,0, Final Score: ,-157.222
Point: ,230,137,Repeat score:,1, Repeat contribution: ,-1,Dist:,36.2106, Dist contribution: ,-181.053, New scanned ratio: ,0.0154735, New Scanned Cells Contribution: ,0,Area ratio: ,0.94898, Area ratio Contribution: ,0,Perim diff: ,1.05231, Perim diff Contribution: ,0,Frontier diff: ,0, Frontier diff Contribution ,0,Inverse Area ratio: ,0.972274, Inv Area Ratio Contribution: ,0,Inverse Perim ratio: ,1.05235, Inv Perim Contribution: ,0, Final Score: ,-182.053
Point: ,227,135,Repeat score:,1, Repeat contribution: ,-1,Dist:,39.0217, Dist contribution: ,-195.108, New scanned ratio: ,0.0141018, New Scanned Cells Contribution: ,0,Area ratio: ,0.952869, Area ratio Contribution: ,0,Perim diff: ,1.05336, Perim diff Contribution: ,0,Frontier diff: ,0, Frontier diff Contribution ,0,Inverse Area ratio: ,0.974305, Inv Area Ratio Contribution: ,0,Inverse Perim ratio: ,1.05303, Inv Perim Contribution: ,0, Final Score: ,-196.108
BEST Point:,246,135, Score: ,-101.211
COUNT COMMAND: 1
Total frontiers: ,100, Prioritised frontiers: ,24
At: ,246,134,
Point: ,280,153,Repeat score:,1, Repeat contribution: ,-1,Dist:,42.0249, Dist contribution: ,-210.124, New scanned ratio: ,0.0156343, New Scanned Cells Contribution: ,0,Area ratio: ,0.914903, Area ratio Contribution: ,0,Perim diff: ,1.05016, Perim diff Contribution: ,0,Frontier diff: ,0, Frontier diff Contribution ,0,Inverse Area ratio: ,0.970375, Inv Area Ratio Contribution: ,0,Inverse Perim ratio: ,1.05537, Inv Perim Contribution: ,0, Final Score: ,-211.124
Point: ,277,151,Repeat score:,1, Repeat contribution: ,-1,Dist:,38.0711, Dist contribution: ,-190.356, New scanned ratio: ,0.0135338, New Scanned Cells Contribution: ,0,Area ratio: ,0.919215, Area ratio Contribution: ,0,Perim diff: ,1.05228, Perim diff Contribution: ,0,Frontier diff: ,0, Frontier diff Contribution ,0,Inverse Area ratio: ,0.964001, Inv Area Ratio Contribution: ,0,Inverse Perim ratio: ,1.06655, Inv Perim Contribution: ,0, Final Score: ,-191.356
Point: ,272,154,Repeat score:,1, Repeat contribution: ,-1,Dist:,36.7696, Dist contribution: ,-183.848, New scanned ratio: ,0.0162788, New Scanned Cells Contribution: ,0,Area ratio: ,0.912299, Area ratio Contribution: ,0,Perim diff: ,1.05266, Perim diff Contribution: ,0,Frontier diff: ,0, Frontier diff Contribution ,0,Inverse Area ratio: ,0.961635, Inv Area Ratio Contribution: ,0,Inverse Perim ratio: ,1.06724, Inv Perim Contribution: ,0, Final Score: ,-184.848
Point: ,267,154,Repeat score:,1, Repeat contribution: ,-1,Dist:,33.4215, Dist contribution: ,-167.108, New scanned ratio: ,0.0161594, New Scanned Cells Contribution: ,0,Area ratio: ,0.911927, Area ratio Contribution: ,0,Perim diff: ,1.05372, Perim diff Contribution: ,0,Frontier diff: ,0, Frontier diff Contribution ,0,Inverse Area ratio: ,0.961747, Inv Area Ratio Contribution: ,0,Inverse Perim ratio: ,1.06614, Inv Perim Contribution: ,0, Final Score: ,-168.108
Point: ,266,155,Repeat score:,1, Repeat contribution: ,-1,Dist:,33.8421, Dist contribution: ,-169.211, New scanned ratio: ,0.0170903, New Scanned Cells Contribution: ,0,Area ratio: ,0.909679, Area ratio Contribution: ,0,Perim diff: ,1.05462, Perim diff Contribution: ,0,Frontier diff: ,0, Frontier diff Contribution ,0,Inverse Area ratio: ,0.960938, Inv Area Ratio Contribution: ,0,Inverse Perim ratio: ,1.06768, Inv Perim Contribution: ,0, Final Score: ,-170.211
Point: ,265,154,Repeat score:,1, Repeat contribution: ,-1,Dist:,32.2025, Dist contribution: ,-161.012, New scanned ratio: ,0.0161117, New Scanned Cells Contribution: ,0,Area ratio: ,0.911809, Area ratio Contribution: ,0,Perim diff: ,1.05244, Perim diff Contribution: ,0,Frontier diff: ,0, Frontier diff Contribution ,0,Inverse Area ratio: ,0.961778, Inv Area Ratio Contribution: ,0,Inverse Perim ratio: ,1.06724, Inv Perim Contribution: ,0, Final Score: ,-162.012
Point: ,260,154,Repeat score:,1, Repeat contribution: ,-1,Dist:,29.5296, Dist contribution: ,-147.648, New scanned ratio: ,0.0159924, New Scanned Cells Contribution: ,0,Area ratio: ,0.911143, Area ratio Contribution: ,0,Perim diff: ,1.05752, Perim diff Contribution: ,0,Frontier diff: ,0, Frontier diff Contribution ,0,Inverse Area ratio: ,0.961911, Inv Area Ratio Contribution: ,0,Inverse Perim ratio: ,1.06778, Inv Perim Contribution: ,0, Final Score: ,-148.648
Point: ,257,152,Repeat score:,1, Repeat contribution: ,-1,Dist:,25.8565, Dist contribution: ,-129.283, New scanned ratio: ,0.0140112, New Scanned Cells Contribution: ,0,Area ratio: ,0.91508, Area ratio Contribution: ,0,Perim diff: ,1.05641, Perim diff Contribution: ,0,Frontier diff: ,0, Frontier diff Contribution ,0,Inverse Area ratio: ,0.963643, Inv Area Ratio Contribution: ,0,Inverse Perim ratio: ,1.06728, Inv Perim Contribution: ,0, Final Score: ,-130.283
Point: ,255,152,Repeat score:,1, Repeat contribution: ,-1,Dist:,25.0711, Dist contribution: ,-125.355, New scanned ratio: ,0.0140112, New Scanned Cells Contribution: ,0,Area ratio: ,0.914848, Area ratio Contribution: ,0,Perim diff: ,1.06, Perim diff Contribution: ,0,Frontier diff: ,0, Frontier diff Contribution ,0,Inverse Area ratio: ,0.963612, Inv Area Ratio Contribution: ,0,Inverse Perim ratio: ,1.06758, Inv Perim Contribution: ,0, Final Score: ,-126.355
Point: ,252,154,Repeat score:,1, Repeat contribution: ,-1,Dist:,26.6833, Dist contribution: ,-133.417, New scanned ratio: ,0.016064, New Scanned Cells Contribution: ,0,Area ratio: ,0.910333, Area ratio Contribution: ,0,Perim diff: ,1.06357, Perim diff Contribution: ,0,Frontier diff: ,0, Frontier diff Contribution ,0,Inverse Area ratio: ,0.961829, Inv Area Ratio Contribution: ,0,Inverse Perim ratio: ,1.07201, Inv Perim Contribution: ,0, Final Score: ,-134.417
Point: ,247,154,Repeat score:,1, Repeat contribution: ,-1,Dist:,26.0192, Dist contribution: ,-130.096, New scanned ratio: ,0.0168278, New Scanned Cells Contribution: ,0,Area ratio: ,0.9104, Area ratio Contribution: ,0,Perim diff: ,1.0689, Perim diff Contribution: ,0,Frontier diff: ,0, Frontier diff Contribution ,0,Inverse Area ratio: ,0.961133, Inv Area Ratio Contribution: ,0,Inverse Perim ratio: ,1.0764, Inv Perim Contribution: ,0, Final Score: ,-131.096
Point: ,246,155,Repeat score:,1, Repeat contribution: ,-1,Dist:,27.3, Dist contribution: ,-136.5, New scanned ratio: ,0.0179496, New Scanned Cells Contribution: ,0,Area ratio: ,0.908206, Area ratio Contribution: ,0,Perim diff: ,1.07112, Perim diff Contribution: ,0,Frontier diff: ,0, Frontier diff Contribution ,0,Inverse Area ratio: ,0.960149, Inv Area Ratio Contribution: ,0,Inverse Perim ratio: ,1.07924, Inv Perim Contribution: ,0, Final Score: ,-137.5
Point: ,245,154,Repeat score:,1, Repeat contribution: ,-1,Dist:,26.0192, Dist contribution: ,-130.096, New scanned ratio: ,0.0173052, New Scanned Cells Contribution: ,0,Area ratio: ,0.910496, Area ratio Contribution: ,0,Perim diff: ,1.07115, Perim diff Contribution: ,0,Frontier diff: ,0, Frontier diff Contribution ,0,Inverse Area ratio: ,0.960713, Inv Area Ratio Contribution: ,0,Inverse Perim ratio: ,1.07839, Inv Perim Contribution: ,0, Final Score: ,-131.096
Point: ,240,154,Repeat score:,1, Repeat contribution: ,-1,Dist:,26.6833, Dist contribution: ,-133.417, New scanned ratio: ,0.0188089, New Scanned Cells Contribution: ,0,Area ratio: ,0.91093, Area ratio Contribution: ,0,Perim diff: ,1.07906, Perim diff Contribution: ,0,Frontier diff: ,0, Frontier diff Contribution ,0,Inverse Area ratio: ,0.95933, Inv Area Ratio Contribution: ,0,Inverse Perim ratio: ,1.08551, Inv Perim Contribution: ,0, Final Score: ,-134.417
Point: ,234,151,Repeat score:,1, Repeat contribution: ,-1,Dist:,25.1478, Dist contribution: ,-125.739, New scanned ratio: ,0.0187373, New Scanned Cells Contribution: ,0,Area ratio: ,0.918718, Area ratio Contribution: ,0,Perim diff: ,1.07287, Perim diff Contribution: ,0,Frontier diff: ,0, Frontier diff Contribution ,0,Inverse Area ratio: ,0.962114, Inv Area Ratio Contribution: ,0,Inverse Perim ratio: ,1.07752, Inv Perim Contribution: ,0, Final Score: ,-126.739
Point: ,229,146,Repeat score:,1, Repeat contribution: ,-1,Dist:,23.0729, Dist contribution: ,-115.365, New scanned ratio: ,0.0164936, New Scanned Cells Contribution: ,0,Area ratio: ,0.930564, Area ratio Contribution: ,0,Perim diff: ,1.05916, Perim diff Contribution: ,0,Frontier diff: ,0, Frontier diff Contribution ,0,Inverse Area ratio: ,0.96423, Inv Area Ratio Contribution: ,0,Inverse Perim ratio: ,1.06154, Inv Perim Contribution: ,0, Final Score: ,-116.365
Point: ,226,140,Repeat score:,1, Repeat contribution: ,-1,Dist:,21.4672, Dist contribution: ,-107.336, New scanned ratio: ,0.0127462, New Scanned Cells Contribution: ,0,Area ratio: ,0.944408, Area ratio Contribution: ,0,Perim diff: ,1.04886, Perim diff Contribution: ,0,Frontier diff: ,0, Frontier diff Contribution ,0,Inverse Area ratio: ,0.969182, Inv Area Ratio Contribution: ,0,Inverse Perim ratio: ,1.04976, Inv Perim Contribution: ,0, Final Score: ,-108.336
Point: ,226,135,Repeat score:,1, Repeat contribution: ,-1,Dist:,20.0422, Dist contribution: ,-100.211, New scanned ratio: ,0.0088316, New Scanned Cells Contribution: ,0,Area ratio: ,0.955461, Area ratio Contribution: ,0,Perim diff: ,1.04273, Perim diff Contribution: ,0,Frontier diff: ,0, Frontier diff Contribution ,0,Inverse Area ratio: ,0.972639, Inv Area Ratio Contribution: ,0,Inverse Perim ratio: ,1.04283, Inv Perim Contribution: ,0, Final Score: ,-101.211
Point: ,223,137,Repeat score:,1, Repeat contribution: ,-1,Dist:,23.3283, Dist contribution: ,-116.642, New scanned ratio: ,0.0115288, New Scanned Cells Contribution: ,0,Area ratio: ,0.95162, Area ratio Contribution: ,0,Perim diff: ,1.04337, Perim diff Contribution: ,0,Frontier diff: ,0, Frontier diff Contribution ,0,Inverse Area ratio: ,0.971533, Inv Area Ratio Contribution: ,0,Inverse Perim ratio: ,1.04385, Inv Perim Contribution: ,0, Final Score: ,-117.642
Point: ,218,137,Repeat score:,1, Repeat contribution: ,-1,Dist:,28.2703, Dist contribution: ,-141.352, New scanned ratio: ,0.0132235, New Scanned Cells Contribution: ,0,Area ratio: ,0.952205, Area ratio Contribution: ,0,Perim diff: ,1.04313, Perim diff Contribution: ,0,Frontier diff: ,0, Frontier diff Contribution ,0,Inverse Area ratio: ,0.97007, Inv Area Ratio Contribution: ,0,Inverse Perim ratio: ,1.04364, Inv Perim Contribution: ,0, Final Score: ,-142.352
Point: ,217,138,Repeat score:,1, Repeat contribution: ,-1,Dist:,29.4625, Dist contribution: ,-147.313, New scanned ratio: ,0.0143931, New Scanned Cells Contribution: ,0,Area ratio: ,0.950095, Area ratio Contribution: ,0,Perim diff: ,1.04613, Perim diff Contribution: ,0,Frontier diff: ,0, Frontier diff Contribution ,0,Inverse Area ratio: ,0.969039, Inv Area Ratio Contribution: ,0,Inverse Perim ratio: ,1.04673, Inv Perim Contribution: ,0, Final Score: ,-148.313
Point: ,216,137,Repeat score:,1, Repeat contribution: ,-1,Dist:,30.2524, Dist contribution: ,-151.262, New scanned ratio: ,0.0138441, New Scanned Cells Contribution: ,0,Area ratio: ,0.952429, Area ratio Contribution: ,0,Perim diff: ,1.04372, Perim diff Contribution: ,0,Frontier diff: ,0, Frontier diff Contribution ,0,Inverse Area ratio: ,0.969493, Inv Area Ratio Contribution: ,0,Inverse Perim ratio: ,1.04422, Inv Perim Contribution: ,0, Final Score: ,-152.262
Point: ,211,137,Repeat score:,1, Repeat contribution: ,-1,Dist:,35.2166, Dist contribution: ,-176.083, New scanned ratio: ,0.0151092, New Scanned Cells Contribution: ,0,Area ratio: ,0.952571, Area ratio Contribution: ,0,Perim diff: ,1.05085, Perim diff Contribution: ,0,Frontier diff: ,0, Frontier diff Contribution ,0,Inverse Area ratio: ,0.96838, Inv Area Ratio Contribution: ,0,Inverse Perim ratio: ,1.05127, Inv Perim Contribution: ,0, Final Score: ,-177.083
Point: ,208,135,Repeat score:,1, Repeat contribution: ,-1,Dist:,38.0222, Dist contribution: ,-190.111, New scanned ratio: ,0.0138441, New Scanned Cells Contribution: ,0,Area ratio: ,0.956337, Area ratio Contribution: ,0,Perim diff: ,1.05201, Perim diff Contribution: ,0,Frontier diff: ,0, Frontier diff Contribution ,0,Inverse Area ratio: ,0.971092, Inv Area Ratio Contribution: ,0,Inverse Perim ratio: ,1.052, Inv Perim Contribution: ,0, Final Score: ,-191.111
BEST Point:,226,135, Score: ,-101.211
COUNT COMMAND: 1
Total frontiers: ,101, Prioritised frontiers: ,25
At: ,226,134,
Point: ,260,154,Repeat score:,1, Repeat contribution: ,-1,Dist:,42.8019, Dist contribution: ,-214.009, New scanned ratio: ,0.0158636, New Scanned Cells Contribution: ,0,Area ratio: ,0.918518, Area ratio Contribution: ,0,Perim diff: ,1.05601, Perim diff Contribution: ,0,Frontier diff: ,0, Frontier diff Contribution ,0,Inverse Area ratio: ,0.95916, Inv Area Ratio Contribution: ,0,Inverse Perim ratio: ,1.06672, Inv Perim Contribution: ,0, Final Score: ,-215.009
Point: ,257,152,Repeat score:,1, Repeat contribution: ,-1,Dist:,38.8402, Dist contribution: ,-194.201, New scanned ratio: ,0.0138984, New Scanned Cells Contribution: ,0,Area ratio: ,0.922545, Area ratio Contribution: ,0,Perim diff: ,1.05482, Perim diff Contribution: ,0,Frontier diff: ,0, Frontier diff Contribution ,0,Inverse Area ratio: ,0.960857, Inv Area Ratio Contribution: ,0,Inverse Perim ratio: ,1.0662, Inv Perim Contribution: ,0, Final Score: ,-195.201
Point: ,255,152,Repeat score:,1, Repeat contribution: ,-1,Dist:,37.2634, Dist contribution: ,-186.317, New scanned ratio: ,0.0138984, New Scanned Cells Contribution: ,0,Area ratio: ,0.922289, Area ratio Contribution: ,0,Perim diff: ,1.05553, Perim diff Contribution: ,0,Frontier diff: ,0, Frontier diff Contribution ,0,Inverse Area ratio: ,0.960899, Inv Area Ratio Contribution: ,0,Inverse Perim ratio: ,1.0635, Inv Perim Contribution: ,0, Final Score: ,-187.317
Point: ,252,154,Repeat score:,1, Repeat contribution: ,-1,Dist:,36.7696, Dist contribution: ,-183.848, New scanned ratio: ,0.0157926, New Scanned Cells Contribution: ,0,Area ratio: ,0.917648, Area ratio Contribution: ,0,Perim diff: ,1.05533, Perim diff Contribution: ,0,Frontier diff: ,0, Frontier diff Contribution ,0,Inverse Area ratio: ,0.959273, Inv Area Ratio Contribution: ,0,Inverse Perim ratio: ,1.06446, Inv Perim Contribution: ,0, Final Score: ,-184.848
Point: ,247,154,Repeat score:,1, Repeat contribution: ,-1,Dist:,33.4215, Dist contribution: ,-167.108, New scanned ratio: ,0.0157926, New Scanned Cells Contribution: ,0,Area ratio: ,0.917106, Area ratio Contribution: ,0,Perim diff: ,1.05442, Perim diff Contribution: ,0,Frontier diff: ,0, Frontier diff Contribution ,0,Inverse Area ratio: ,0.959262, Inv Area Ratio Contribution: ,0,Inverse Perim ratio: ,1.06285, Inv Perim Contribution: ,0, Final Score: ,-168.108
Point: ,246,155,Repeat score:,1, Repeat contribution: ,-1,Dist:,33.8421, Dist contribution: ,-169.211, New scanned ratio: ,0.0167397, New Scanned Cells Contribution: ,0,Area ratio: ,0.914748, Area ratio Contribution: ,0,Perim diff: ,1.05577, Perim diff Contribution: ,0,Frontier diff: ,0, Frontier diff Contribution ,0,Inverse Area ratio: ,0.958429, Inv Area Ratio Contribution: ,0,Inverse Perim ratio: ,1.06484, Inv Perim Contribution: ,0, Final Score: ,-170.211
Point: ,245,154,Repeat score:,1, Repeat contribution: ,-1,Dist:,32.2025, Dist contribution: ,-161.012, New scanned ratio: ,0.0157926, New Scanned Cells Contribution: ,0,Area ratio: ,0.916789, Area ratio Contribution: ,0,Perim diff: ,1.05466, Perim diff Contribution: ,0,Frontier diff: ,0, Frontier diff Contribution ,0,Inverse Area ratio: ,0.959262, Inv Area Ratio Contribution: ,0,Inverse Perim ratio: ,1.06285, Inv Perim Contribution: ,0, Final Score: ,-162.012
Point: ,240,154,Repeat score:,1, Repeat contribution: ,-1,Dist:,29.5296, Dist contribution: ,-147.648, New scanned ratio: ,0.0157926, New Scanned Cells Contribution: ,0,Area ratio: ,0.915858, Area ratio Contribution: ,0,Perim diff: ,1.05681, Perim diff Contribution: ,0,Frontier diff: ,0, Frontier diff Contribution ,0,Inverse Area ratio: ,0.959283, Inv Area Ratio Contribution: ,0,Inverse Perim ratio: ,1.0645, Inv Perim Contribution: ,0, Final Score: ,-148.648
Point: ,237,152,Repeat score:,1, Repeat contribution: ,-1,Dist:,25.8565, Dist contribution: ,-129.283, New scanned ratio: ,0.0138984, New Scanned Cells Contribution: ,0,Area ratio: ,0.919515, Area ratio Contribution: ,0,Perim diff: ,1.05727, Perim diff Contribution: ,0,Frontier diff: ,0, Frontier diff Contribution ,0,Inverse Area ratio: ,0.96096, Inv Area Ratio Contribution: ,0,Inverse Perim ratio: ,1.06334, Inv Perim Contribution: ,0, Final Score: ,-130.283
Point: ,235,152,Repeat score:,1, Repeat contribution: ,-1,Dist:,25.0711, Dist contribution: ,-125.355, New scanned ratio: ,0.0138984, New Scanned Cells Contribution: ,0,Area ratio: ,0.919178, Area ratio Contribution: ,0,Perim diff: ,1.06029, Perim diff Contribution: ,0,Frontier diff: ,0, Frontier diff Contribution ,0,Inverse Area ratio: ,0.960888, Inv Area Ratio Contribution: ,0,Inverse Perim ratio: ,1.06633, Inv Perim Contribution: ,0, Final Score: ,-126.355
Point: ,232,154,Repeat score:,1, Repeat contribution: ,-1,Dist:,26.6833, Dist contribution: ,-133.417, New scanned ratio: ,0.0159347, New Scanned Cells Contribution: ,0,Area ratio: ,0.914392, Area ratio Contribution: ,0,Perim diff: ,1.06428, Perim diff Contribution: ,0,Frontier diff: ,0, Frontier diff Contribution ,0,Inverse Area ratio: ,0.959108, Inv Area Ratio Contribution: ,0,Inverse Perim ratio: ,1.0711, Inv Perim Contribution: ,0, Final Score: ,-134.417
Point: ,227,154,Repeat score:,1, Repeat contribution: ,-1,Dist:,26.0192, Dist contribution: ,-130.096, New scanned ratio: ,0.0166923, New Scanned Cells Contribution: ,0,Area ratio: ,0.914081, Area ratio Contribution: ,0,Perim diff: ,1.06916, Perim diff Contribution: ,0,Frontier diff: ,0, Frontier diff Contribution ,0,Inverse Area ratio: ,0.958419, Inv Area Ratio Contribution: ,0,Inverse Perim ratio: ,1.07551, Inv Perim Contribution: ,0, Final Score: ,-131.096
Point: ,226,155,Repeat score:,1, Repeat contribution: ,-1,Dist:,27.3, Dist contribution: ,-136.5, New scanned ratio: ,0.0178051, New Scanned Cells Contribution: ,0,Area ratio: ,0.911912, Area ratio Contribution: ,0,Perim diff: ,1.07146, Perim diff Contribution: ,0,Frontier diff: ,0, Frontier diff Contribution ,0,Inverse Area ratio: ,0.957431, Inv Area Ratio Contribution: ,0,Inverse Perim ratio: ,1.07835, Inv Perim Contribution: ,0, Final Score: ,-137.5
Point: ,225,154,Repeat score:,1, Repeat contribution: ,-1,Dist:,26.0192, Dist contribution: ,-130.096, New scanned ratio: ,0.0171659, New Scanned Cells Contribution: ,0,Area ratio: ,0.914116, Area ratio Contribution: ,0,Perim diff: ,1.07126, Perim diff Contribution: ,0,Frontier diff: ,0, Frontier diff Contribution ,0,Inverse Area ratio: ,0.957997, Inv Area Ratio Contribution: ,0,Inverse Perim ratio: ,1.0775, Inv Perim Contribution: ,0, Final Score: ,-131.096
Point: ,220,154,Repeat score:,1, Repeat contribution: ,-1,Dist:,26.6833, Dist contribution: ,-133.417, New scanned ratio: ,0.0186575, New Scanned Cells Contribution: ,0,Area ratio: ,0.914515, Area ratio Contribution: ,0,Perim diff: ,1.07887, Perim diff Contribution: ,0,Frontier diff: ,0, Frontier diff Contribution ,0,Inverse Area ratio: ,0.956608, Inv Area Ratio Contribution: ,0,Inverse Perim ratio: ,1.08463, Inv Perim Contribution: ,0, Final Score: ,-134.417
Point: ,214,151,Repeat score:,1, Repeat contribution: ,-1,Dist:,25.1478, Dist contribution: ,-125.739, New scanned ratio: ,0.0185391, New Scanned Cells Contribution: ,0,Area ratio: ,0.922317, Area ratio Contribution: ,0,Perim diff: ,1.07059, Perim diff Contribution: ,0,Frontier diff: ,0, Frontier diff Contribution ,0,Inverse Area ratio: ,0.958005, Inv Area Ratio Contribution: ,0,Inverse Perim ratio: ,1.07807, Inv Perim Contribution: ,0, Final Score: ,-126.739
Point: ,209,146,Repeat score:,1, Repeat contribution: ,-1,Dist:,23.0729, Dist contribution: ,-115.365, New scanned ratio: ,0.0163135, New Scanned Cells Contribution: ,0,Area ratio: ,0.934497, Area ratio Contribution: ,0,Perim diff: ,1.06002, Perim diff Contribution: ,0,Frontier diff: ,0, Frontier diff Contribution ,0,Inverse Area ratio: ,0.960117, Inv Area Ratio Contribution: ,0,Inverse Perim ratio: ,1.06258, Inv Perim Contribution: ,0, Final Score: ,-116.365
Point: ,206,140,Repeat score:,1, Repeat contribution: ,-1,Dist:,21.4672, Dist contribution: ,-107.336, New scanned ratio: ,0.0126199, New Scanned Cells Contribution: ,0,Area ratio: ,0.947948, Area ratio Contribution: ,0,Perim diff: ,1.04915, Perim diff Contribution: ,0,Frontier diff: ,0, Frontier diff Contribution ,0,Inverse Area ratio: ,0.965375, Inv Area Ratio Contribution: ,0,Inverse Perim ratio: ,1.05027, Inv Perim Contribution: ,0, Final Score: ,-108.336
Point: ,206,136,Repeat score:,1, Repeat contribution: ,-1,Dist:,20.1683, Dist contribution: ,-100.841, New scanned ratio: ,0.0094945, New Scanned Cells Contribution: ,0,Area ratio: ,0.956711, Area ratio Contribution: ,0,Perim diff: ,1.04212, Perim diff Contribution: ,0,Frontier diff: ,0, Frontier diff Contribution ,0,Inverse Area ratio: ,0.969134, Inv Area Ratio Contribution: ,0,Inverse Perim ratio: ,1.04269, Inv Perim Contribution: ,0, Final Score: ,-101.841
Point: ,204,137,Repeat score:,1, Repeat contribution: ,-1,Dist:,22.343, Dist contribution: ,-111.715, New scanned ratio: ,0.0110335, New Scanned Cells Contribution: ,0,Area ratio: ,0.954959, Area ratio Contribution: ,0,Perim diff: ,1.04266, Perim diff Contribution: ,0,Frontier diff: ,0, Frontier diff Contribution ,0,Inverse Area ratio: ,0.96779, Inv Area Ratio Contribution: ,0,Inverse Perim ratio: ,1.0434, Inv Perim Contribution: ,0, Final Score: ,-112.715
Point: ,199,137,Repeat score:,1, Repeat contribution: ,-1,Dist:,27.2802, Dist contribution: ,-136.401, New scanned ratio: ,0.0127383, New Scanned Cells Contribution: ,0,Area ratio: ,0.955574, Area ratio Contribution: ,0,Perim diff: ,1.04303, Perim diff Contribution: ,0,Frontier diff: ,0, Frontier diff Contribution ,0,Inverse Area ratio: ,0.96624, Inv Area Ratio Contribution: ,0,Inverse Perim ratio: ,1.04379, Inv Perim Contribution: ,0, Final Score: ,-137.401
Point: ,198,138,Repeat score:,1, Repeat contribution: ,-1,Dist:,28.4788, Dist contribution: ,-142.394, New scanned ratio: ,0.0138984, New Scanned Cells Contribution: ,0,Area ratio: ,0.953537, Area ratio Contribution: ,0,Perim diff: ,1.04603, Perim diff Contribution: ,0,Frontier diff: ,0, Frontier diff Contribution ,0,Inverse Area ratio: ,0.965207, Inv Area Ratio Contribution: ,0,Inverse Perim ratio: ,1.04688, Inv Perim Contribution: ,0, Final Score: ,-143.394
Point: ,197,137,Repeat score:,1, Repeat contribution: ,-1,Dist:,29.2611, Dist contribution: ,-146.305, New scanned ratio: ,0.0133775, New Scanned Cells Contribution: ,0,Area ratio: ,0.955718, Area ratio Contribution: ,0,Perim diff: ,1.04389, Perim diff Contribution: ,0,Frontier diff: ,0, Frontier diff Contribution ,0,Inverse Area ratio: ,0.965713, Inv Area Ratio Contribution: ,0,Inverse Perim ratio: ,1.04463, Inv Perim Contribution: ,0, Final Score: ,-147.305
Point: ,192,137,Repeat score:,1, Repeat contribution: ,-1,Dist:,34.2229, Dist contribution: ,-171.115, New scanned ratio: ,0.0147271, New Scanned Cells Contribution: ,0,Area ratio: ,0.955904, Area ratio Contribution: ,0,Perim diff: ,1.04937, Perim diff Contribution: ,0,Frontier diff: ,0, Frontier diff Contribution ,0,Inverse Area ratio: ,0.964473, Inv Area Ratio Contribution: ,0,Inverse Perim ratio: ,1.05009, Inv Perim Contribution: ,0, Final Score: ,-172.115
Point: ,188,135,Repeat score:,1, Repeat contribution: ,-1,Dist:,38.0222, Dist contribution: ,-190.111, New scanned ratio: ,0.0137327, New Scanned Cells Contribution: ,0,Area ratio: ,0.959705, Area ratio Contribution: ,0,Perim diff: ,1.05256, Perim diff Contribution: ,0,Frontier diff: ,0, Frontier diff Contribution ,0,Inverse Area ratio: ,0.965749, Inv Area Ratio Contribution: ,0,Inverse Perim ratio: ,1.05271, Inv Perim Contribution: ,0, Final Score: ,-191.111
BEST Point:,206,136, Score: ,-101.841
COUNT COMMAND: 1
Total frontiers: ,101, Prioritised frontiers: ,25
At: ,206,135,
Point: ,240,154,Repeat score:,1, Repeat contribution: ,-1,Dist:,42.0249, Dist contribution: ,-210.124, New scanned ratio: ,0.0156558, New Scanned Cells Contribution: ,0,Area ratio: ,0.923773, Area ratio Contribution: ,0,Perim diff: ,1.05854, Perim diff Contribution: ,0,Frontier diff: ,0, Frontier diff Contribution ,0,Inverse Area ratio: ,0.954794, Inv Area Ratio Contribution: ,0,Inverse Perim ratio: ,1.06629, Inv Perim Contribution: ,0, Final Score: ,-211.124
Point: ,237,152,Repeat score:,1, Repeat contribution: ,-1,Dist:,38.0711, Dist contribution: ,-190.356, New scanned ratio: ,0.013778, New Scanned Cells Contribution: ,0,Area ratio: ,0.92752, Area ratio Contribution: ,0,Perim diff: ,1.05823, Perim diff Contribution: ,0,Frontier diff: ,0, Frontier diff Contribution ,0,Inverse Area ratio: ,0.956435, Inv Area Ratio Contribution: ,0,Inverse Perim ratio: ,1.06444, Inv Perim Contribution: ,0, Final Score: ,-191.356
Point: ,235,152,Repeat score:,1, Repeat contribution: ,-1,Dist:,36.4611, Dist contribution: ,-182.305, New scanned ratio: ,0.0137311, New Scanned Cells Contribution: ,0,Area ratio: ,0.927136, Area ratio Contribution: ,0,Perim diff: ,1.05889, Perim diff Contribution: ,0,Frontier diff: ,0, Frontier diff Contribution ,0,Inverse Area ratio: ,0.956456, Inv Area Ratio Contribution: ,0,Inverse Perim ratio: ,1.06495, Inv Perim Contribution: ,0, Final Score: ,-183.305
Point: ,232,154,Repeat score:,1, Repeat contribution: ,-1,Dist:,35.8621, Dist contribution: ,-179.31, New scanned ratio: ,0.0155384, New Scanned Cells Contribution: ,0,Area ratio: ,0.922154, Area ratio Contribution: ,0,Perim diff: ,1.05843, Perim diff Contribution: ,0,Frontier diff: ,0, Frontier diff Contribution ,0,Inverse Area ratio: ,0.954897, Inv Area Ratio Contribution: ,0,Inverse Perim ratio: ,1.06559, Inv Perim Contribution: ,0, Final Score: ,-180.31
Point: ,227,154,Repeat score:,1, Repeat contribution: ,-1,Dist:,32.4205, Dist contribution: ,-162.103, New scanned ratio: ,0.0154211, New Scanned Cells Contribution: ,0,Area ratio: ,0.921125, Area ratio Contribution: ,0,Perim diff: ,1.05825, Perim diff Contribution: ,0,Frontier diff: ,0, Frontier diff Contribution ,0,Inverse Area ratio: ,0.95499, Inv Area Ratio Contribution: ,0,Inverse Perim ratio: ,1.0651, Inv Perim Contribution: ,0, Final Score: ,-163.103
Point: ,226,155,Repeat score:,1, Repeat contribution: ,-1,Dist:,32.8024, Dist contribution: ,-164.012, New scanned ratio: ,0.0163365, New Scanned Cells Contribution: ,0,Area ratio: ,0.918782, Area ratio Contribution: ,0,Perim diff: ,1.05808, Perim diff Contribution: ,0,Frontier diff: ,0, Frontier diff Contribution ,0,Inverse Area ratio: ,0.954185, Inv Area Ratio Contribution: ,0,Inverse Perim ratio: ,1.06555, Inv Perim Contribution: ,0, Final Score: ,-165.012
Point: ,225,154,Repeat score:,1, Repeat contribution: ,-1,Dist:,31.1623, Dist contribution: ,-155.812, New scanned ratio: ,0.0153741, New Scanned Cells Contribution: ,0,Area ratio: ,0.920706, Area ratio Contribution: ,0,Perim diff: ,1.05716, Perim diff Contribution: ,0,Frontier diff: ,0, Frontier diff Contribution ,0,Inverse Area ratio: ,0.955041, Inv Area Ratio Contribution: ,0,Inverse Perim ratio: ,1.064, Inv Perim Contribution: ,0, Final Score: ,-156.812
Point: ,220,154,Repeat score:,1, Repeat contribution: ,-1,Dist:,28.3917, Dist contribution: ,-141.959, New scanned ratio: ,0.0152568, New Scanned Cells Contribution: ,0,Area ratio: ,0.919627, Area ratio Contribution: ,0,Perim diff: ,1.05864, Perim diff Contribution: ,0,Frontier diff: ,0, Frontier diff Contribution ,0,Inverse Area ratio: ,0.955134, Inv Area Ratio Contribution: ,0,Inverse Perim ratio: ,1.0651, Inv Perim Contribution: ,0, Final Score: ,-142.959
Point: ,217,152,Repeat score:,1, Repeat contribution: ,-1,Dist:,24.6862, Dist contribution: ,-123.431, New scanned ratio: ,0.0133086, New Scanned Cells Contribution: ,0,Area ratio: ,0.92329, Area ratio Contribution: ,0,Perim diff: ,1.05901, Perim diff Contribution: ,0,Frontier diff: ,0, Frontier diff Contribution ,0,Inverse Area ratio: ,0.956879, Inv Area Ratio Contribution: ,0,Inverse Perim ratio: ,1.0645, Inv Perim Contribution: ,0, Final Score: ,-124.431
Point: ,212,155,Repeat score:,1, Repeat contribution: ,-1,Dist:,26.6833, Dist contribution: ,-133.417, New scanned ratio: ,0.0161487, New Scanned Cells Contribution: ,0,Area ratio: ,0.915903, Area ratio Contribution: ,0,Perim diff: ,1.06824, Perim diff Contribution: ,0,Frontier diff: ,0, Frontier diff Contribution ,0,Inverse Area ratio: ,0.954298, Inv Area Ratio Contribution: ,0,Inverse Perim ratio: ,1.07485, Inv Perim Contribution: ,0, Final Score: ,-134.417
Point: ,207,155,Repeat score:,1, Repeat contribution: ,-1,Dist:,26.0192, Dist contribution: ,-130.096, New scanned ratio: ,0.0167825, New Scanned Cells Contribution: ,0,Area ratio: ,0.915454, Area ratio Contribution: ,0,Perim diff: ,1.07344, Perim diff Contribution: ,0,Frontier diff: ,0, Frontier diff Contribution ,0,Inverse Area ratio: ,0.95372, Inv Area Ratio Contribution: ,0,Inverse Perim ratio: ,1.07975, Inv Perim Contribution: ,0, Final Score: ,-131.096
Point: ,206,156,Repeat score:,1, Repeat contribution: ,-1,Dist:,27.3, Dist contribution: ,-136.5, New scanned ratio: ,0.0178622, New Scanned Cells Contribution: ,0,Area ratio: ,0.913285, Area ratio Contribution: ,0,Perim diff: ,1.07535, Perim diff Contribution: ,0,Frontier diff: ,0, Frontier diff Contribution ,0,Inverse Area ratio: ,0.95275, Inv Area Ratio Contribution: ,0,Inverse Perim ratio: ,1.08214, Inv Perim Contribution: ,0, Final Score: ,-137.5
Point: ,205,155,Repeat score:,1, Repeat contribution: ,-1,Dist:,26.0192, Dist contribution: ,-130.096, New scanned ratio: ,0.017205, New Scanned Cells Contribution: ,0,Area ratio: ,0.915488, Area ratio Contribution: ,0,Perim diff: ,1.07347, Perim diff Contribution: ,0,Frontier diff: ,0, Frontier diff Contribution ,0,Inverse Area ratio: ,0.953328, Inv Area Ratio Contribution: ,0,Inverse Perim ratio: ,1.08284, Inv Perim Contribution: ,0, Final Score: ,-131.096
Point: ,200,155,Repeat score:,1, Repeat contribution: ,-1,Dist:,26.6833, Dist contribution: ,-133.417, New scanned ratio: ,0.0185663, New Scanned Cells Contribution: ,0,Area ratio: ,0.915734, Area ratio Contribution: ,0,Perim diff: ,1.08295, Perim diff Contribution: ,0,Frontier diff: ,0, Frontier diff Contribution ,0,Inverse Area ratio: ,0.952048, Inv Area Ratio Contribution: ,0,Inverse Perim ratio: ,1.08887, Inv Perim Contribution: ,0, Final Score: ,-134.417
Point: ,194,152,Repeat score:,1, Repeat contribution: ,-1,Dist:,25.1478, Dist contribution: ,-125.739, New scanned ratio: ,0.0184959, New Scanned Cells Contribution: ,0,Area ratio: ,0.923596, Area ratio Contribution: ,0,Perim diff: ,1.0734, Perim diff Contribution: ,0,Frontier diff: ,0, Frontier diff Contribution ,0,Inverse Area ratio: ,0.953097, Inv Area Ratio Contribution: ,0,Inverse Perim ratio: ,1.08121, Inv Perim Contribution: ,0, Final Score: ,-126.739
Point: ,189,147,Repeat score:,1, Repeat contribution: ,-1,Dist:,23.0729, Dist contribution: ,-115.365, New scanned ratio: ,0.0165008, New Scanned Cells Contribution: ,0,Area ratio: ,0.935754, Area ratio Contribution: ,0,Perim diff: ,1.06265, Perim diff Contribution: ,0,Frontier diff: ,0, Frontier diff Contribution ,0,Inverse Area ratio: ,0.955049, Inv Area Ratio Contribution: ,0,Inverse Perim ratio: ,1.06554, Inv Perim Contribution: ,0, Final Score: ,-116.365
Point: ,186,141,Repeat score:,1, Repeat contribution: ,-1,Dist:,21.4672, Dist contribution: ,-107.336, New scanned ratio: ,0.0130269, New Scanned Cells Contribution: ,0,Area ratio: ,0.949695, Area ratio Contribution: ,0,Perim diff: ,1.04987, Perim diff Contribution: ,0,Frontier diff: ,0, Frontier diff Contribution ,0,Inverse Area ratio: ,0.959729, Inv Area Ratio Contribution: ,0,Inverse Perim ratio: ,1.05142, Inv Perim Contribution: ,0, Final Score: ,-108.336
Point: ,186,136,Repeat score:,1, Repeat contribution: ,-1,Dist:,20.0422, Dist contribution: ,-100.211, New scanned ratio: ,0.00920101, New Scanned Cells Contribution: ,0,Area ratio: ,0.960518, Area ratio Contribution: ,0,Perim diff: ,1.04313, Perim diff Contribution: ,0,Frontier diff: ,0, Frontier diff Contribution ,0,Inverse Area ratio: ,0.963037, Inv Area Ratio Contribution: ,0,Inverse Perim ratio: ,1.04384, Inv Perim Contribution: ,0, Final Score: ,-101.211
Point: ,185,137,Repeat score:,1, Repeat contribution: ,-1,Dist:,21.1603, Dist contribution: ,-105.802, New scanned ratio: ,0.0103511, New Scanned Cells Contribution: ,0,Area ratio: ,0.958594, Area ratio Contribution: ,0,Perim diff: ,1.04546, Perim diff Contribution: ,0,Frontier diff: ,0, Frontier diff Contribution ,0,Inverse Area ratio: ,0.962002, Inv Area Ratio Contribution: ,0,Inverse Perim ratio: ,1.04627, Inv Perim Contribution: ,0, Final Score: ,-106.802
Point: ,180,137,Repeat score:,1, Repeat contribution: ,-1,Dist:,26.1297, Dist contribution: ,-130.648, New scanned ratio: ,0.0122993, New Scanned Cells Contribution: ,0,Area ratio: ,0.959461, Area ratio Contribution: ,0,Perim diff: ,1.04375, Perim diff Contribution: ,0,Frontier diff: ,0, Frontier diff Contribution ,0,Inverse Area ratio: ,0.960243, Inv Area Ratio Contribution: ,0,Inverse Perim ratio: ,1.04471, Inv Perim Contribution: ,0, Final Score: ,-131.648
Point: ,179,138,Repeat score:,1, Repeat contribution: ,-1,Dist:,27.2802, Dist contribution: ,-136.401, New scanned ratio: ,0.0134494, New Scanned Cells Contribution: ,0,Area ratio: ,0.95756, Area ratio Contribution: ,0,Perim diff: ,1.04679, Perim diff Contribution: ,0,Frontier diff: ,0, Frontier diff Contribution ,0,Inverse Area ratio: ,0.959187, Inv Area Ratio Contribution: ,0,Inverse Perim ratio: ,1.04781, Inv Perim Contribution: ,0, Final Score: ,-137.401
Point: ,178,137,Repeat score:,1, Repeat contribution: ,-1,Dist:,28.1205, Dist contribution: ,-140.602, New scanned ratio: ,0.0130035, New Scanned Cells Contribution: ,0,Area ratio: ,0.959659, Area ratio Contribution: ,0,Perim diff: ,1.04646, Perim diff Contribution: ,0,Frontier diff: ,0, Frontier diff Contribution ,0,Inverse Area ratio: ,0.959632, Inv Area Ratio Contribution: ,0,Inverse Perim ratio: ,1.04729, Inv Perim Contribution: ,0, Final Score: ,-141.602
Point: ,173,137,Repeat score:,1, Repeat contribution: ,-1,Dist:,33.1023, Dist contribution: ,-165.511, New scanned ratio: ,0.0145996, New Scanned Cells Contribution: ,0,Area ratio: ,0.960141, Area ratio Contribution: ,0,Perim diff: ,1.05022, Perim diff Contribution: ,0,Frontier diff: ,0, Frontier diff Contribution ,0,Inverse Area ratio: ,0.958173, Inv Area Ratio Contribution: ,0,Inverse Perim ratio: ,1.05121, Inv Perim Contribution: ,0, Final Score: ,-166.511
Point: ,170,135,Repeat score:,1, Repeat contribution: ,-1,Dist:,36, Dist contribution: ,-180, New scanned ratio: ,0.0136607, New Scanned Cells Contribution: ,0,Area ratio: ,0.963819, Area ratio Contribution: ,0,Perim diff: ,1.05061, Perim diff Contribution: ,0,Frontier diff: ,0, Frontier diff Contribution ,0,Inverse Area ratio: ,0.95916, Inv Area Ratio Contribution: ,0,Inverse Perim ratio: ,1.05429, Inv Perim Contribution: ,0, Final Score: ,-181
Point: ,167,135,Repeat score:,1, Repeat contribution: ,-1,Dist:,39, Dist contribution: ,-195, New scanned ratio: ,0.0142005, New Scanned Cells Contribution: ,0,Area ratio: ,0.963597, Area ratio Contribution: ,0,Perim diff: ,1.05255, Perim diff Contribution: ,0,Frontier diff: ,0, Frontier diff Contribution ,0,Inverse Area ratio: ,0.96171, Inv Area Ratio Contribution: ,0,Inverse Perim ratio: ,1.05331, Inv Perim Contribution: ,0, Final Score: ,-196
BEST Point:,186,136, Score: ,-101.211
COUNT COMMAND: 1
Total frontiers: ,100, Prioritised frontiers: ,24
At: ,186,135,
Point: ,220,154,Repeat score:,1, Repeat contribution: ,-1,Dist:,42.0249, Dist contribution: ,-210.124, New scanned ratio: ,0.0151286, New Scanned Cells Contribution: ,0,Area ratio: ,0.927424, Area ratio Contribution: ,0,Perim diff: ,1.05827, Perim diff Contribution: ,0,Frontier diff: ,0, Frontier diff Contribution ,0,Inverse Area ratio: ,0.950083, Inv Area Ratio Contribution: ,0,Inverse Perim ratio: ,1.06484, Inv Perim Contribution: ,0, Final Score: ,-211.124
Point: ,217,152,Repeat score:,1, Repeat contribution: ,-1,Dist:,38.0711, Dist contribution: ,-190.356, New scanned ratio: ,0.0131968, New Scanned Cells Contribution: ,0,Area ratio: ,0.9311, Area ratio Contribution: ,0,Perim diff: ,1.05881, Perim diff Contribution: ,0,Frontier diff: ,0, Frontier diff Contribution ,0,Inverse Area ratio: ,0.951812, Inv Area Ratio Contribution: ,0,Inverse Perim ratio: ,1.06425, Inv Perim Contribution: ,0, Final Score: ,-191.356
Point: ,212,155,Repeat score:,1, Repeat contribution: ,-1,Dist:,36.7696, Dist contribution: ,-183.848, New scanned ratio: ,0.0158734, New Scanned Cells Contribution: ,0,Area ratio: ,0.923587, Area ratio Contribution: ,0,Perim diff: ,1.06112, Perim diff Contribution: ,0,Frontier diff: ,0, Frontier diff Contribution ,0,Inverse Area ratio: ,0.949411, Inv Area Ratio Contribution: ,0,Inverse Perim ratio: ,1.06801, Inv Perim Contribution: ,0, Final Score: ,-184.848
Point: ,207,155,Repeat score:,1, Repeat contribution: ,-1,Dist:,33.4215, Dist contribution: ,-167.108, New scanned ratio: ,0.015757, New Scanned Cells Contribution: ,0,Area ratio: ,0.922532, Area ratio Contribution: ,0,Perim diff: ,1.06007, Perim diff Contribution: ,0,Frontier diff: ,0, Frontier diff Contribution ,0,Inverse Area ratio: ,0.949524, Inv Area Ratio Contribution: ,0,Inverse Perim ratio: ,1.0669, Inv Perim Contribution: ,0, Final Score: ,-168.108
Point: ,206,156,Repeat score:,1, Repeat contribution: ,-1,Dist:,33.8421, Dist contribution: ,-169.211, New scanned ratio: ,0.0166647, New Scanned Cells Contribution: ,0,Area ratio: ,0.920201, Area ratio Contribution: ,0,Perim diff: ,1.06112, Perim diff Contribution: ,0,Frontier diff: ,0, Frontier diff Contribution ,0,Inverse Area ratio: ,0.948707, Inv Area Ratio Contribution: ,0,Inverse Perim ratio: ,1.06845, Inv Perim Contribution: ,0, Final Score: ,-170.211
Point: ,205,155,Repeat score:,1, Repeat contribution: ,-1,Dist:,32.2025, Dist contribution: ,-161.012, New scanned ratio: ,0.0157105, New Scanned Cells Contribution: ,0,Area ratio: ,0.922158, Area ratio Contribution: ,0,Perim diff: ,1.05811, Perim diff Contribution: ,0,Frontier diff: ,0, Frontier diff Contribution ,0,Inverse Area ratio: ,0.949555, Inv Area Ratio Contribution: ,0,Inverse Perim ratio: ,1.06801, Inv Perim Contribution: ,0, Final Score: ,-162.012
Point: ,200,155,Repeat score:,1, Repeat contribution: ,-1,Dist:,29.5296, Dist contribution: ,-147.648, New scanned ratio: ,0.0155941, New Scanned Cells Contribution: ,0,Area ratio: ,0.921054, Area ratio Contribution: ,0,Perim diff: ,1.06182, Perim diff Contribution: ,0,Frontier diff: ,0, Frontier diff Contribution ,0,Inverse Area ratio: ,0.94969, Inv Area Ratio Contribution: ,0,Inverse Perim ratio: ,1.06855, Inv Perim Contribution: ,0, Final Score: ,-148.648
Point: ,197,153,Repeat score:,1, Repeat contribution: ,-1,Dist:,25.8565, Dist contribution: ,-129.283, New scanned ratio: ,0.0136623, New Scanned Cells Contribution: ,0,Area ratio: ,0.924709, Area ratio Contribution: ,0,Perim diff: ,1.05934, Perim diff Contribution: ,0,Frontier diff: ,0, Frontier diff Contribution ,0,Inverse Area ratio: ,0.951439, Inv Area Ratio Contribution: ,0,Inverse Perim ratio: ,1.06805, Inv Perim Contribution: ,0, Final Score: ,-130.283
Point: ,195,153,Repeat score:,1, Repeat contribution: ,-1,Dist:,25.0711, Dist contribution: ,-125.355, New scanned ratio: ,0.0136623, New Scanned Cells Contribution: ,0,Area ratio: ,0.9243, Area ratio Contribution: ,0,Perim diff: ,1.0626, Perim diff Contribution: ,0,Frontier diff: ,0, Frontier diff Contribution ,0,Inverse Area ratio: ,0.951408, Inv Area Ratio Contribution: ,0,Inverse Perim ratio: ,1.06835, Inv Perim Contribution: ,0, Final Score: ,-126.355
Point: ,192,155,Repeat score:,1, Repeat contribution: ,-1,Dist:,26.6833, Dist contribution: ,-133.417, New scanned ratio: ,0.0156639, New Scanned Cells Contribution: ,0,Area ratio: ,0.919553, Area ratio Contribution: ,0,Perim diff: ,1.06628, Perim diff Contribution: ,0,Frontier diff: ,0, Frontier diff Contribution ,0,Inverse Area ratio: ,0.949607, Inv Area Ratio Contribution: ,0,Inverse Perim ratio: ,1.07277, Inv Perim Contribution: ,0, Final Score: ,-134.417
Point: ,187,155,Repeat score:,1, Repeat contribution: ,-1,Dist:,26.0192, Dist contribution: ,-130.096, New scanned ratio: ,0.0164087, New Scanned Cells Contribution: ,0,Area ratio: ,0.919241, Area ratio Contribution: ,0,Perim diff: ,1.07088, Perim diff Contribution: ,0,Frontier diff: ,0, Frontier diff Contribution ,0,Inverse Area ratio: ,0.948903, Inv Area Ratio Contribution: ,0,Inverse Perim ratio: ,1.07717, Inv Perim Contribution: ,0, Final Score: ,-131.096
Point: ,186,156,Repeat score:,1, Repeat contribution: ,-1,Dist:,27.3, Dist contribution: ,-136.5, New scanned ratio: ,0.0175026, New Scanned Cells Contribution: ,0,Area ratio: ,0.917078, Area ratio Contribution: ,0,Perim diff: ,1.07322, Perim diff Contribution: ,0,Frontier diff: ,0, Frontier diff Contribution ,0,Inverse Area ratio: ,0.94791, Inv Area Ratio Contribution: ,0,Inverse Perim ratio: ,1.08001, Inv Perim Contribution: ,0, Final Score: ,-137.5
Point: ,185,155,Repeat score:,1, Repeat contribution: ,-1,Dist:,26.0192, Dist contribution: ,-130.096, New scanned ratio: ,0.0168742, New Scanned Cells Contribution: ,0,Area ratio: ,0.919273, Area ratio Contribution: ,0,Perim diff: ,1.07288, Perim diff Contribution: ,0,Frontier diff: ,0, Frontier diff Contribution ,0,Inverse Area ratio: ,0.948479, Inv Area Ratio Contribution: ,0,Inverse Perim ratio: ,1.07916, Inv Perim Contribution: ,0, Final Score: ,-131.096
Point: ,180,155,Repeat score:,1, Repeat contribution: ,-1,Dist:,26.6833, Dist contribution: ,-133.417, New scanned ratio: ,0.0183405, New Scanned Cells Contribution: ,0,Area ratio: ,0.919663, Area ratio Contribution: ,0,Perim diff: ,1.08026, Perim diff Contribution: ,0,Frontier diff: ,0, Frontier diff Contribution ,0,Inverse Area ratio: ,0.947082, Inv Area Ratio Contribution: ,0,Inverse Perim ratio: ,1.08629, Inv Perim Contribution: ,0, Final Score: ,-134.417
Point: ,174,152,Repeat score:,1, Repeat contribution: ,-1,Dist:,25.1478, Dist contribution: ,-125.739, New scanned ratio: ,0.0184336, New Scanned Cells Contribution: ,0,Area ratio: ,0.927623, Area ratio Contribution: ,0,Perim diff: ,1.07627, Perim diff Contribution: ,0,Frontier diff: ,0, Frontier diff Contribution ,0,Inverse Area ratio: ,0.94703, Inv Area Ratio Contribution: ,0,Inverse Perim ratio: ,1.08413, Inv Perim Contribution: ,0, Final Score: ,-126.739
Point: ,169,147,Repeat score:,1, Repeat contribution: ,-1,Dist:,23.0729, Dist contribution: ,-115.365, New scanned ratio: ,0.016688, New Scanned Cells Contribution: ,0,Area ratio: ,0.939622, Area ratio Contribution: ,0,Perim diff: ,1.06402, Perim diff Contribution: ,0,Frontier diff: ,0, Frontier diff Contribution ,0,Inverse Area ratio: ,0.948591, Inv Area Ratio Contribution: ,0,Inverse Perim ratio: ,1.06687, Inv Perim Contribution: ,0, Final Score: ,-116.365
Point: ,166,141,Repeat score:,1, Repeat contribution: ,-1,Dist:,21.4672, Dist contribution: ,-107.336, New scanned ratio: ,0.0133132, New Scanned Cells Contribution: ,0,Area ratio: ,0.953962, Area ratio Contribution: ,0,Perim diff: ,1.04978, Perim diff Contribution: ,0,Frontier diff: ,0, Frontier diff Contribution ,0,Inverse Area ratio: ,0.95493, Inv Area Ratio Contribution: ,0,Inverse Perim ratio: ,1.05166, Inv Perim Contribution: ,0, Final Score: ,-108.336
Point: ,166,136,Repeat score:,1, Repeat contribution: ,-1,Dist:,20.0422, Dist contribution: ,-100.211, New scanned ratio: ,0.00951938, New Scanned Cells Contribution: ,0,Area ratio: ,0.964672, Area ratio Contribution: ,0,Perim diff: ,1.04309, Perim diff Contribution: ,0,Frontier diff: ,0, Frontier diff Contribution ,0,Inverse Area ratio: ,0.958249, Inv Area Ratio Contribution: ,0,Inverse Perim ratio: ,1.04408, Inv Perim Contribution: ,0, Final Score: ,-101.211
Point: ,161,136,Repeat score:,1, Repeat contribution: ,-1,Dist:,25.0338, Dist contribution: ,-125.169, New scanned ratio: ,0.0114279, New Scanned Cells Contribution: ,0,Area ratio: ,0.965463, Area ratio Contribution: ,0,Perim diff: ,1.04247, Perim diff Contribution: ,0,Frontier diff: ,0, Frontier diff Contribution ,0,Inverse Area ratio: ,0.956515, Inv Area Ratio Contribution: ,0,Inverse Perim ratio: ,1.04354, Inv Perim Contribution: ,0, Final Score: ,-126.169
Point: ,160,137,Repeat score:,1, Repeat contribution: ,-1,Dist:,26.1297, Dist contribution: ,-130.648, New scanned ratio: ,0.0125684, New Scanned Cells Contribution: ,0,Area ratio: ,0.963568, Area ratio Contribution: ,0,Perim diff: ,1.04554, Perim diff Contribution: ,0,Frontier diff: ,0, Frontier diff Contribution ,0,Inverse Area ratio: ,0.955446, Inv Area Ratio Contribution: ,0,Inverse Perim ratio: ,1.0467, Inv Perim Contribution: ,0, Final Score: ,-131.648
Point: ,159,136,Repeat score:,1, Repeat contribution: ,-1,Dist:,27.0313, Dist contribution: ,-135.156, New scanned ratio: ,0.0121494, New Scanned Cells Contribution: ,0,Area ratio: ,0.965725, Area ratio Contribution: ,0,Perim diff: ,1.04339, Perim diff Contribution: ,0,Frontier diff: ,0, Frontier diff Contribution ,0,Inverse Area ratio: ,0.955872, Inv Area Ratio Contribution: ,0,Inverse Perim ratio: ,1.04445, Inv Perim Contribution: ,0, Final Score: ,-136.156
Point: ,154,136,Repeat score:,1, Repeat contribution: ,-1,Dist:,32.0264, Dist contribution: ,-160.132, New scanned ratio: ,0.0137554, New Scanned Cells Contribution: ,0,Area ratio: ,0.966201, Area ratio Contribution: ,0,Perim diff: ,1.04754, Perim diff Contribution: ,0,Frontier diff: ,0, Frontier diff Contribution ,0,Inverse Area ratio: ,0.954398, Inv Area Ratio Contribution: ,0,Inverse Perim ratio: ,1.04856, Inv Perim Contribution: ,0, Final Score: ,-161.132
Point: ,151,134,Repeat score:,1, Repeat contribution: ,-1,Dist:,35.0241, Dist contribution: ,-175.121, New scanned ratio: ,0.0128942, New Scanned Cells Contribution: ,0,Area ratio: ,0.968822, Area ratio Contribution: ,0,Perim diff: ,1.048, Perim diff Contribution: ,0,Frontier diff: ,0, Frontier diff Contribution ,0,Inverse Area ratio: ,0.957372, Inv Area Ratio Contribution: ,0,Inverse Perim ratio: ,1.04902, Inv Perim Contribution: ,0, Final Score: ,-176.121
Point: ,147,136,Repeat score:,1, Repeat contribution: ,-1,Dist:,39.0217, Dist contribution: ,-195.108, New scanned ratio: ,0.0154079, New Scanned Cells Contribution: ,0,Area ratio: ,0.966242, Area ratio Contribution: ,0,Perim diff: ,1.05341, Perim diff Contribution: ,0,Frontier diff: ,0, Frontier diff Contribution ,0,Inverse Area ratio: ,0.956037, Inv Area Ratio Contribution: ,0,Inverse Perim ratio: ,1.05434, Inv Perim Contribution: ,0, Final Score: ,-196.108
BEST Point:,166,136, Score: ,-101.211
COUNT COMMAND: 1
Total frontiers: ,101, Prioritised frontiers: ,25
At: ,166,135,
Point: ,200,155,Repeat score:,1, Repeat contribution: ,-1,Dist:,42.8019, Dist contribution: ,-214.009, New scanned ratio: ,0.0154581, New Scanned Cells Contribution: ,0,Area ratio: ,0.929114, Area ratio Contribution: ,0,Perim diff: ,1.06185, Perim diff Contribution: ,0,Frontier diff: ,0, Frontier diff Contribution ,0,Inverse Area ratio: ,0.944818, Inv Area Ratio Contribution: ,0,Inverse Perim ratio: ,1.06862, Inv Perim Contribution: ,0, Final Score: ,-215.009
Point: ,197,153,Repeat score:,1, Repeat contribution: ,-1,Dist:,38.8402, Dist contribution: ,-194.201, New scanned ratio: ,0.0135431, New Scanned Cells Contribution: ,0,Area ratio: ,0.932859, Area ratio Contribution: ,0,Perim diff: ,1.0593, Perim diff Contribution: ,0,Frontier diff: ,0, Frontier diff Contribution ,0,Inverse Area ratio: ,0.946531, Inv Area Ratio Contribution: ,0,Inverse Perim ratio: ,1.0681, Inv Perim Contribution: ,0, Final Score: ,-195.201
Point: ,195,153,Repeat score:,1, Repeat contribution: ,-1,Dist:,37.2634, Dist contribution: ,-186.317, New scanned ratio: ,0.0135431, New Scanned Cells Contribution: ,0,Area ratio: ,0.932425, Area ratio Contribution: ,0,Perim diff: ,1.05966, Perim diff Contribution: ,0,Frontier diff: ,0, Frontier diff Contribution ,0,Inverse Area ratio: ,0.946572, Inv Area Ratio Contribution: ,0,Inverse Perim ratio: ,1.0654, Inv Perim Contribution: ,0, Final Score: ,-187.317
Point: ,192,155,Repeat score:,1, Repeat contribution: ,-1,Dist:,36.7696, Dist contribution: ,-183.848, New scanned ratio: ,0.0153889, New Scanned Cells Contribution: ,0,Area ratio: ,0.927547, Area ratio Contribution: ,0,Perim diff: ,1.05956, Perim diff Contribution: ,0,Frontier diff: ,0, Frontier diff Contribution ,0,Inverse Area ratio: ,0.944932, Inv Area Ratio Contribution: ,0,Inverse Perim ratio: ,1.06636, Inv Perim Contribution: ,0, Final Score: ,-184.848
Point: ,187,155,Repeat score:,1, Repeat contribution: ,-1,Dist:,33.4215, Dist contribution: ,-167.108, New scanned ratio: ,0.0153889, New Scanned Cells Contribution: ,0,Area ratio: ,0.926631, Area ratio Contribution: ,0,Perim diff: ,1.05792, Perim diff Contribution: ,0,Frontier diff: ,0, Frontier diff Contribution ,0,Inverse Area ratio: ,0.944921, Inv Area Ratio Contribution: ,0,Inverse Perim ratio: ,1.06476, Inv Perim Contribution: ,0, Final Score: ,-168.108
Point: ,186,156,Repeat score:,1, Repeat contribution: ,-1,Dist:,33.8421, Dist contribution: ,-169.211, New scanned ratio: ,0.0163117, New Scanned Cells Contribution: ,0,Area ratio: ,0.924305, Area ratio Contribution: ,0,Perim diff: ,1.05939, Perim diff Contribution: ,0,Frontier diff: ,0, Frontier diff Contribution ,0,Inverse Area ratio: ,0.94408, Inv Area Ratio Contribution: ,0,Inverse Perim ratio: ,1.06675, Inv Perim Contribution: ,0, Final Score: ,-170.211
Point: ,185,155,Repeat score:,1, Repeat contribution: ,-1,Dist:,32.2025, Dist contribution: ,-161.012, New scanned ratio: ,0.0153889, New Scanned Cells Contribution: ,0,Area ratio: ,0.926257, Area ratio Contribution: ,0,Perim diff: ,1.05791, Perim diff Contribution: ,0,Frontier diff: ,0, Frontier diff Contribution ,0,Inverse Area ratio: ,0.944921, Inv Area Ratio Contribution: ,0,Inverse Perim ratio: ,1.06476, Inv Perim Contribution: ,0, Final Score: ,-162.012
Point: ,180,155,Repeat score:,1, Repeat contribution: ,-1,Dist:,29.5296, Dist contribution: ,-147.648, New scanned ratio: ,0.0153889, New Scanned Cells Contribution: ,0,Area ratio: ,0.925301, Area ratio Contribution: ,0,Perim diff: ,1.05953, Perim diff Contribution: ,0,Frontier diff: ,0, Frontier diff Contribution ,0,Inverse Area ratio: ,0.944942, Inv Area Ratio Contribution: ,0,Inverse Perim ratio: ,1.0664, Inv Perim Contribution: ,0, Final Score: ,-148.648
Point: ,177,153,Repeat score:,1, Repeat contribution: ,-1,Dist:,25.8565, Dist contribution: ,-129.283, New scanned ratio: ,0.0135431, New Scanned Cells Contribution: ,0,Area ratio: ,0.928977, Area ratio Contribution: ,0,Perim diff: ,1.05941, Perim diff Contribution: ,0,Frontier diff: ,0, Frontier diff Contribution ,0,Inverse Area ratio: ,0.946635, Inv Area Ratio Contribution: ,0,Inverse Perim ratio: ,1.06524, Inv Perim Contribution: ,0, Final Score: ,-130.283
Point: ,175,153,Repeat score:,1, Repeat contribution: ,-1,Dist:,25.0711, Dist contribution: ,-125.355, New scanned ratio: ,0.0135431, New Scanned Cells Contribution: ,0,Area ratio: ,0.928621, Area ratio Contribution: ,0,Perim diff: ,1.06228, Perim diff Contribution: ,0,Frontier diff: ,0, Frontier diff Contribution ,0,Inverse Area ratio: ,0.946562, Inv Area Ratio Contribution: ,0,Inverse Perim ratio: ,1.06824, Inv Perim Contribution: ,0, Final Score: ,-126.355
Point: ,172,155,Repeat score:,1, Repeat contribution: ,-1,Dist:,26.6833, Dist contribution: ,-133.417, New scanned ratio: ,0.0155273, New Scanned Cells Contribution: ,0,Area ratio: ,0.923842, Area ratio Contribution: ,0,Perim diff: ,1.06631, Perim diff Contribution: ,0,Frontier diff: ,0, Frontier diff Contribution ,0,Inverse Area ratio: ,0.944766, Inv Area Ratio Contribution: ,0,Inverse Perim ratio: ,1.07301, Inv Perim Contribution: ,0, Final Score: ,-134.417
Point: ,167,155,Repeat score:,1, Repeat contribution: ,-1,Dist:,26.0192, Dist contribution: ,-130.096, New scanned ratio: ,0.0162656, New Scanned Cells Contribution: ,0,Area ratio: ,0.923527, Area ratio Contribution: ,0,Perim diff: ,1.07083, Perim diff Contribution: ,0,Frontier diff: ,0, Frontier diff Contribution ,0,Inverse Area ratio: ,0.94407, Inv Area Ratio Contribution: ,0,Inverse Perim ratio: ,1.07742, Inv Perim Contribution: ,0, Final Score: ,-131.096
Point: ,166,156,Repeat score:,1, Repeat contribution: ,-1,Dist:,27.3, Dist contribution: ,-136.5, New scanned ratio: ,0.01735, New Scanned Cells Contribution: ,0,Area ratio: ,0.921358, Area ratio Contribution: ,0,Perim diff: ,1.07316, Perim diff Contribution: ,0,Frontier diff: ,0, Frontier diff Contribution ,0,Inverse Area ratio: ,0.943073, Inv Area Ratio Contribution: ,0,Inverse Perim ratio: ,1.08026, Inv Perim Contribution: ,0, Final Score: ,-137.5
Point: ,165,155,Repeat score:,1, Repeat contribution: ,-1,Dist:,26.0192, Dist contribution: ,-130.096, New scanned ratio: ,0.016727, New Scanned Cells Contribution: ,0,Area ratio: ,0.923557, Area ratio Contribution: ,0,Perim diff: ,1.0728, Perim diff Contribution: ,0,Frontier diff: ,0, Frontier diff Contribution ,0,Inverse Area ratio: ,0.943644, Inv Area Ratio Contribution: ,0,Inverse Perim ratio: ,1.07941, Inv Perim Contribution: ,0, Final Score: ,-131.096
Point: ,160,155,Repeat score:,1, Repeat contribution: ,-1,Dist:,26.6833, Dist contribution: ,-133.417, New scanned ratio: ,0.0181806, New Scanned Cells Contribution: ,0,Area ratio: ,0.923941, Area ratio Contribution: ,0,Perim diff: ,1.08009, Perim diff Contribution: ,0,Frontier diff: ,0, Frontier diff Contribution ,0,Inverse Area ratio: ,0.942243, Inv Area Ratio Contribution: ,0,Inverse Perim ratio: ,1.08654, Inv Perim Contribution: ,0, Final Score: ,-134.417
Point: ,154,152,Repeat score:,1, Repeat contribution: ,-1,Dist:,25.1478, Dist contribution: ,-125.739, New scanned ratio: ,0.0182728, New Scanned Cells Contribution: ,0,Area ratio: ,0.931526, Area ratio Contribution: ,0,Perim diff: ,1.07648, Perim diff Contribution: ,0,Frontier diff: ,0, Frontier diff Contribution ,0,Inverse Area ratio: ,0.942201, Inv Area Ratio Contribution: ,0,Inverse Perim ratio: ,1.08192, Inv Perim Contribution: ,0, Final Score: ,-126.739
Point: ,149,147,Repeat score:,1, Repeat contribution: ,-1,Dist:,23.0729, Dist contribution: ,-115.365, New scanned ratio: ,0.0165655, New Scanned Cells Contribution: ,0,Area ratio: ,0.94352, Area ratio Contribution: ,0,Perim diff: ,1.06443, Perim diff Contribution: ,0,Frontier diff: ,0, Frontier diff Contribution ,0,Inverse Area ratio: ,0.943737, Inv Area Ratio Contribution: ,0,Inverse Perim ratio: ,1.06795, Inv Perim Contribution: ,0, Final Score: ,-116.365
Point: ,146,141,Repeat score:,1, Repeat contribution: ,-1,Dist:,21.4672, Dist contribution: ,-107.336, New scanned ratio: ,0.0131971, New Scanned Cells Contribution: ,0,Area ratio: ,0.957854, Area ratio Contribution: ,0,Perim diff: ,1.04959, Perim diff Contribution: ,0,Frontier diff: ,0, Frontier diff Contribution ,0,Inverse Area ratio: ,0.950101, Inv Area Ratio Contribution: ,0,Inverse Perim ratio: ,1.05188, Inv Perim Contribution: ,0, Final Score: ,-108.336
Point: ,146,136,Repeat score:,1, Repeat contribution: ,-1,Dist:,20.0422, Dist contribution: ,-100.211, New scanned ratio: ,0.00943636, New Scanned Cells Contribution: ,0,Area ratio: ,0.968788, Area ratio Contribution: ,0,Perim diff: ,1.04299, Perim diff Contribution: ,0,Frontier diff: ,0, Frontier diff Contribution ,0,Inverse Area ratio: ,0.953431, Inv Area Ratio Contribution: ,0,Inverse Perim ratio: ,1.0443, Inv Perim Contribution: ,0, Final Score: ,-101.211
Point: ,142,136,Repeat score:,1, Repeat contribution: ,-1,Dist:,24.0352, Dist contribution: ,-120.176, New scanned ratio: ,0.0109591, New Scanned Cells Contribution: ,0,Area ratio: ,0.969354, Area ratio Contribution: ,0,Perim diff: ,1.04251, Perim diff Contribution: ,0,Frontier diff: ,0, Frontier diff Contribution ,0,Inverse Area ratio: ,0.952056, Inv Area Ratio Contribution: ,0,Inverse Perim ratio: ,1.0439, Inv Perim Contribution: ,0, Final Score: ,-121.176
Point: ,141,137,Repeat score:,1, Repeat contribution: ,-1,Dist:,25.1348, Dist contribution: ,-125.674, New scanned ratio: ,0.0120896, New Scanned Cells Contribution: ,0,Area ratio: ,0.967391, Area ratio Contribution: ,0,Perim diff: ,1.04555, Perim diff Contribution: ,0,Frontier diff: ,0, Frontier diff Contribution ,0,Inverse Area ratio: ,0.950984, Inv Area Ratio Contribution: ,0,Inverse Perim ratio: ,1.04706, Inv Perim Contribution: ,0, Final Score: ,-126.674
Point: ,140,136,Repeat score:,1, Repeat contribution: ,-1,Dist:,26.0325, Dist contribution: ,-130.162, New scanned ratio: ,0.0116974, New Scanned Cells Contribution: ,0,Area ratio: ,0.969614, Area ratio Contribution: ,0,Perim diff: ,1.04247, Perim diff Contribution: ,0,Frontier diff: ,0, Frontier diff Contribution ,0,Inverse Area ratio: ,0.95139, Inv Area Ratio Contribution: ,0,Inverse Perim ratio: ,1.0439, Inv Perim Contribution: ,0, Final Score: ,-131.162
Point: ,135,136,Repeat score:,1, Repeat contribution: ,-1,Dist:,31.0272, Dist contribution: ,-155.136, New scanned ratio: ,0.0133355, New Scanned Cells Contribution: ,0,Area ratio: ,0.969999, Area ratio Contribution: ,0,Perim diff: ,1.04741, Perim diff Contribution: ,0,Frontier diff: ,0, Frontier diff Contribution ,0,Inverse Area ratio: ,0.949838, Inv Area Ratio Contribution: ,0,Inverse Perim ratio: ,1.04878, Inv Perim Contribution: ,0, Final Score: ,-156.136
Point: ,132,134,Repeat score:,1, Repeat contribution: ,-1,Dist:,34.0248, Dist contribution: ,-170.124, New scanned ratio: ,0.0125741, New Scanned Cells Contribution: ,0,Area ratio: ,0.972549, Area ratio Contribution: ,0,Perim diff: ,1.04659, Perim diff Contribution: ,0,Frontier diff: ,0, Frontier diff Contribution ,0,Inverse Area ratio: ,0.952938, Inv Area Ratio Contribution: ,0,Inverse Perim ratio: ,1.04788, Inv Perim Contribution: ,0, Final Score: ,-171.124
Point: ,128,136,Repeat score:,1, Repeat contribution: ,-1,Dist:,38.0222, Dist contribution: ,-190.111, New scanned ratio: ,0.0151351, New Scanned Cells Contribution: ,0,Area ratio: ,0.969975, Area ratio Contribution: ,0,Perim diff: ,1.05186, Perim diff Contribution: ,0,Frontier diff: ,0, Frontier diff Contribution ,0,Inverse Area ratio: ,0.951332, Inv Area Ratio Contribution: ,0,Inverse Perim ratio: ,1.05319, Inv Perim Contribution: ,0, Final Score: ,-191.111
BEST Point:,146,136, Score: ,-101.211
COUNT COMMAND: 1
Total frontiers: ,102, Prioritised frontiers: ,25
At: ,146,135,
Point: ,180,155,Repeat score:,1, Repeat contribution: ,-1,Dist:,42.8019, Dist contribution: ,-214.009, New scanned ratio: ,0.0152558, New Scanned Cells Contribution: ,0,Area ratio: ,0.933328, Area ratio Contribution: ,0,Perim diff: ,1.05955, Perim diff Contribution: ,0,Frontier diff: ,0, Frontier diff Contribution ,0,Inverse Area ratio: ,0.940039, Inv Area Ratio Contribution: ,0,Inverse Perim ratio: ,1.06645, Inv Perim Contribution: ,0, Final Score: ,-215.009
Point: ,177,153,Repeat score:,1, Repeat contribution: ,-1,Dist:,38.8402, Dist contribution: ,-194.201, New scanned ratio: ,0.013426, New Scanned Cells Contribution: ,0,Area ratio: ,0.937093, Area ratio Contribution: ,0,Perim diff: ,1.05936, Perim diff Contribution: ,0,Frontier diff: ,0, Frontier diff Contribution ,0,Inverse Area ratio: ,0.941695, Inv Area Ratio Contribution: ,0,Inverse Perim ratio: ,1.06527, Inv Perim Contribution: ,0, Final Score: ,-195.201
Point: ,175,153,Repeat score:,1, Repeat contribution: ,-1,Dist:,37.2634, Dist contribution: ,-186.317, New scanned ratio: ,0.013426, New Scanned Cells Contribution: ,0,Area ratio: ,0.936713, Area ratio Contribution: ,0,Perim diff: ,1.05934, Perim diff Contribution: ,0,Frontier diff: ,0, Frontier diff Contribution ,0,Inverse Area ratio: ,0.941695, Inv Area Ratio Contribution: ,0,Inverse Perim ratio: ,1.06527, Inv Perim Contribution: ,0, Final Score: ,-187.317
Point: ,172,155,Repeat score:,1, Repeat contribution: ,-1,Dist:,36.7696, Dist contribution: ,-183.848, New scanned ratio: ,0.0152558, New Scanned Cells Contribution: ,0,Area ratio: ,0.931803, Area ratio Contribution: ,0,Perim diff: ,1.05959, Perim diff Contribution: ,0,Frontier diff: ,0, Frontier diff Contribution ,0,Inverse Area ratio: ,0.94006, Inv Area Ratio Contribution: ,0,Inverse Perim ratio: ,1.06657, Inv Perim Contribution: ,0, Final Score: ,-184.848
Point: ,167,155,Repeat score:,1, Repeat contribution: ,-1,Dist:,33.4215, Dist contribution: ,-167.108, New scanned ratio: ,0.0152558, New Scanned Cells Contribution: ,0,Area ratio: ,0.930887, Area ratio Contribution: ,0,Perim diff: ,1.05787, Perim diff Contribution: ,0,Frontier diff: ,0, Frontier diff Contribution ,0,Inverse Area ratio: ,0.94006, Inv Area Ratio Contribution: ,0,Inverse Perim ratio: ,1.06498, Inv Perim Contribution: ,0, Final Score: ,-168.108
Point: ,166,156,Repeat score:,1, Repeat contribution: ,-1,Dist:,33.8421, Dist contribution: ,-169.211, New scanned ratio: ,0.0161707, New Scanned Cells Contribution: ,0,Area ratio: ,0.928556, Area ratio Contribution: ,0,Perim diff: ,1.05933, Perim diff Contribution: ,0,Frontier diff: ,0, Frontier diff Contribution ,0,Inverse Area ratio: ,0.939217, Inv Area Ratio Contribution: ,0,Inverse Perim ratio: ,1.06697, Inv Perim Contribution: ,0, Final Score: ,-170.211
Point: ,165,155,Repeat score:,1, Repeat contribution: ,-1,Dist:,32.2025, Dist contribution: ,-161.012, New scanned ratio: ,0.0152558, New Scanned Cells Contribution: ,0,Area ratio: ,0.930512, Area ratio Contribution: ,0,Perim diff: ,1.05783, Perim diff Contribution: ,0,Frontier diff: ,0, Frontier diff Contribution ,0,Inverse Area ratio: ,0.94006, Inv Area Ratio Contribution: ,0,Inverse Perim ratio: ,1.06498, Inv Perim Contribution: ,0, Final Score: ,-162.012
Point: ,160,155,Repeat score:,1, Repeat contribution: ,-1,Dist:,29.5296, Dist contribution: ,-147.648, New scanned ratio: ,0.0152558, New Scanned Cells Contribution: ,0,Area ratio: ,0.929556, Area ratio Contribution: ,0,Perim diff: ,1.05937, Perim diff Contribution: ,0,Frontier diff: ,0, Frontier diff Contribution ,0,Inverse Area ratio: ,0.940081, Inv Area Ratio Contribution: ,0,Inverse Perim ratio: ,1.06662, Inv Perim Contribution: ,0, Final Score: ,-148.648
Point: ,157,153,Repeat score:,1, Repeat contribution: ,-1,Dist:,25.8565, Dist contribution: ,-129.283, New scanned ratio: ,0.013426, New Scanned Cells Contribution: ,0,Area ratio: ,0.933063, Area ratio Contribution: ,0,Perim diff: ,1.0592, Perim diff Contribution: ,0,Frontier diff: ,0, Frontier diff Contribution ,0,Inverse Area ratio: ,0.941779, Inv Area Ratio Contribution: ,0,Inverse Perim ratio: ,1.06546, Inv Perim Contribution: ,0, Final Score: ,-130.283
Point: ,155,153,Repeat score:,1, Repeat contribution: ,-1,Dist:,25.0711, Dist contribution: ,-125.355, New scanned ratio: ,0.013426, New Scanned Cells Contribution: ,0,Area ratio: ,0.932668, Area ratio Contribution: ,0,Perim diff: ,1.06205, Perim diff Contribution: ,0,Frontier diff: ,0, Frontier diff Contribution ,0,Inverse Area ratio: ,0.941706, Inv Area Ratio Contribution: ,0,Inverse Perim ratio: ,1.06846, Inv Perim Contribution: ,0, Final Score: ,-126.355
Point: ,152,155,Repeat score:,1, Repeat contribution: ,-1,Dist:,26.6833, Dist contribution: ,-133.417, New scanned ratio: ,0.0153931, New Scanned Cells Contribution: ,0,Area ratio: ,0.928057, Area ratio Contribution: ,0,Perim diff: ,1.06602, Perim diff Contribution: ,0,Frontier diff: ,0, Frontier diff Contribution ,0,Inverse Area ratio: ,0.939904, Inv Area Ratio Contribution: ,0,Inverse Perim ratio: ,1.07323, Inv Perim Contribution: ,0, Final Score: ,-134.417
Point: ,147,155,Repeat score:,1, Repeat contribution: ,-1,Dist:,26.0192, Dist contribution: ,-130.096, New scanned ratio: ,0.016125, New Scanned Cells Contribution: ,0,Area ratio: ,0.927641, Area ratio Contribution: ,0,Perim diff: ,1.07046, Perim diff Contribution: ,0,Frontier diff: ,0, Frontier diff Contribution ,0,Inverse Area ratio: ,0.939206, Inv Area Ratio Contribution: ,0,Inverse Perim ratio: ,1.07764, Inv Perim Contribution: ,0, Final Score: ,-131.096
Point: ,146,156,Repeat score:,1, Repeat contribution: ,-1,Dist:,27.3, Dist contribution: ,-136.5, New scanned ratio: ,0.0172, New Scanned Cells Contribution: ,0,Area ratio: ,0.925565, Area ratio Contribution: ,0,Perim diff: ,1.07276, Perim diff Contribution: ,0,Frontier diff: ,0, Frontier diff Contribution ,0,Inverse Area ratio: ,0.938206, Inv Area Ratio Contribution: ,0,Inverse Perim ratio: ,1.08048, Inv Perim Contribution: ,0, Final Score: ,-137.5
Point: ,145,155,Repeat score:,1, Repeat contribution: ,-1,Dist:,26.0192, Dist contribution: ,-130.096, New scanned ratio: ,0.0165824, New Scanned Cells Contribution: ,0,Area ratio: ,0.927631, Area ratio Contribution: ,0,Perim diff: ,1.07239, Perim diff Contribution: ,0,Frontier diff: ,0, Frontier diff Contribution ,0,Inverse Area ratio: ,0.938779, Inv Area Ratio Contribution: ,0,Inverse Perim ratio: ,1.07963, Inv Perim Contribution: ,0, Final Score: ,-131.096
Point: ,140,155,Repeat score:,1, Repeat contribution: ,-1,Dist:,26.6833, Dist contribution: ,-133.417, New scanned ratio: ,0.0180234, New Scanned Cells Contribution: ,0,Area ratio: ,0.927911, Area ratio Contribution: ,0,Perim diff: ,1.0796, Perim diff Contribution: ,0,Frontier diff: ,0, Frontier diff Contribution ,0,Inverse Area ratio: ,0.937373, Inv Area Ratio Contribution: ,0,Inverse Perim ratio: ,1.08676, Inv Perim Contribution: ,0, Final Score: ,-134.417
Point: ,134,152,Repeat score:,1, Repeat contribution: ,-1,Dist:,25.1478, Dist contribution: ,-125.739, New scanned ratio: ,0.018092, New Scanned Cells Contribution: ,0,Area ratio: ,0.935334, Area ratio Contribution: ,0,Perim diff: ,1.07774, Perim diff Contribution: ,0,Frontier diff: ,0, Frontier diff Contribution ,0,Inverse Area ratio: ,0.937342, Inv Area Ratio Contribution: ,0,Inverse Perim ratio: ,1.08369, Inv Perim Contribution: ,0, Final Score: ,-126.739
Point: ,129,147,Repeat score:,1, Repeat contribution: ,-1,Dist:,23.0729, Dist contribution: ,-115.365, New scanned ratio: ,0.0164452, New Scanned Cells Contribution: ,0,Area ratio: ,0.947382, Area ratio Contribution: ,0,Perim diff: ,1.06534, Perim diff Contribution: ,0,Frontier diff: ,0, Frontier diff Contribution ,0,Inverse Area ratio: ,0.938841, Inv Area Ratio Contribution: ,0,Inverse Perim ratio: ,1.06953, Inv Perim Contribution: ,0, Final Score: ,-116.365
Point: ,126,141,Repeat score:,1, Repeat contribution: ,-1,Dist:,21.4672, Dist contribution: ,-107.336, New scanned ratio: ,0.013083, New Scanned Cells Contribution: ,0,Area ratio: ,0.961711, Area ratio Contribution: ,0,Perim diff: ,1.04926, Perim diff Contribution: ,0,Frontier diff: ,0, Frontier diff Contribution ,0,Inverse Area ratio: ,0.94523, Inv Area Ratio Contribution: ,0,Inverse Perim ratio: ,1.05209, Inv Perim Contribution: ,0, Final Score: ,-108.336
Point: ,126,136,Repeat score:,1, Repeat contribution: ,-1,Dist:,20.0422, Dist contribution: ,-100.211, New scanned ratio: ,0.00935477, New Scanned Cells Contribution: ,0,Area ratio: ,0.97236, Area ratio Contribution: ,0,Perim diff: ,1.0426, Perim diff Contribution: ,0,Frontier diff: ,0, Frontier diff Contribution ,0,Inverse Area ratio: ,0.94872, Inv Area Ratio Contribution: ,0,Inverse Perim ratio: ,1.04432, Inv Perim Contribution: ,0, Final Score: ,-101.211
Point: ,123,136,Repeat score:,1, Repeat contribution: ,-1,Dist:,23.0367, Dist contribution: ,-115.184, New scanned ratio: ,0.0104984, New Scanned Cells Contribution: ,0,Area ratio: ,0.972715, Area ratio Contribution: ,0,Perim diff: ,1.0418, Perim diff Contribution: ,0,Frontier diff: ,0, Frontier diff Contribution ,0,Inverse Area ratio: ,0.947537, Inv Area Ratio Contribution: ,0,Inverse Perim ratio: ,1.0436, Inv Perim Contribution: ,0, Final Score: ,-116.184
Point: ,122,137,Repeat score:,1, Repeat contribution: ,-1,Dist:,24.1404, Dist contribution: ,-120.702, New scanned ratio: ,0.0116191, New Scanned Cells Contribution: ,0,Area ratio: ,0.970878, Area ratio Contribution: ,0,Perim diff: ,1.04453, Perim diff Contribution: ,0,Frontier diff: ,0, Frontier diff Contribution ,0,Inverse Area ratio: ,0.946493, Inv Area Ratio Contribution: ,0,Inverse Perim ratio: ,1.0465, Inv Perim Contribution: ,0, Final Score: ,-121.702
Point: ,121,136,Repeat score:,1, Repeat contribution: ,-1,Dist:,25.0338, Dist contribution: ,-125.169, New scanned ratio: ,0.0112303, New Scanned Cells Contribution: ,0,Area ratio: ,0.972962, Area ratio Contribution: ,0,Perim diff: ,1.04213, Perim diff Contribution: ,0,Frontier diff: ,0, Frontier diff Contribution ,0,Inverse Area ratio: ,0.946837, Inv Area Ratio Contribution: ,0,Inverse Perim ratio: ,1.04397, Inv Perim Contribution: ,0, Final Score: ,-126.169
Point: ,116,136,Repeat score:,1, Repeat contribution: ,-1,Dist:,30.0282, Dist contribution: ,-150.141, New scanned ratio: ,0.0129229, New Scanned Cells Contribution: ,0,Area ratio: ,0.973363, Area ratio Contribution: ,0,Perim diff: ,1.04596, Perim diff Contribution: ,0,Frontier diff: ,0, Frontier diff Contribution ,0,Inverse Area ratio: ,0.94526, Inv Area Ratio Contribution: ,0,Inverse Perim ratio: ,1.04782, Inv Perim Contribution: ,0, Final Score: ,-151.141
Point: ,112,134,Repeat score:,1, Repeat contribution: ,-1,Dist:,34.0248, Dist contribution: ,-170.124, New scanned ratio: ,0.0124883, New Scanned Cells Contribution: ,0,Area ratio: ,0.975866, Area ratio Contribution: ,0,Perim diff: ,1.04618, Perim diff Contribution: ,0,Frontier diff: ,0, Frontier diff Contribution ,0,Inverse Area ratio: ,0.948381, Inv Area Ratio Contribution: ,0,Inverse Perim ratio: ,1.04788, Inv Perim Contribution: ,0, Final Score: ,-171.124
Point: ,109,136,Repeat score:,1, Repeat contribution: ,-1,Dist:,37.0228, Dist contribution: ,-185.114, New scanned ratio: ,0.0148441, New Scanned Cells Contribution: ,0,Area ratio: ,0.973477, Area ratio Contribution: ,0,Perim diff: ,1.05017, Perim diff Contribution: ,0,Frontier diff: ,0, Frontier diff Contribution ,0,Inverse Area ratio: ,0.946459, Inv Area Ratio Contribution: ,0,Inverse Perim ratio: ,1.05205, Inv Perim Contribution: ,0, Final Score: ,-186.114
BEST Point:,126,136, Score: ,-101.211
COUNT COMMAND: 1
Total frontiers: ,103, Prioritised frontiers: ,25
At: ,126,135,
Point: ,160,155,Repeat score:,1, Repeat contribution: ,-1,Dist:,42.8019, Dist contribution: ,-214.009, New scanned ratio: ,0.0151251, New Scanned Cells Contribution: ,0,Area ratio: ,0.937552, Area ratio Contribution: ,0,Perim diff: ,1.05939, Perim diff Contribution: ,0,Frontier diff: ,0, Frontier diff Contribution ,0,Inverse Area ratio: ,0.935137, Inv Area Ratio Contribution: ,0,Inverse Perim ratio: ,1.06666, Inv Perim Contribution: ,0, Final Score: ,-215.009
Point: ,157,153,Repeat score:,1, Repeat contribution: ,-1,Dist:,38.8402, Dist contribution: ,-194.201, New scanned ratio: ,0.013311, New Scanned Cells Contribution: ,0,Area ratio: ,0.941146, Area ratio Contribution: ,0,Perim diff: ,1.05916, Perim diff Contribution: ,0,Frontier diff: ,0, Frontier diff Contribution ,0,Inverse Area ratio: ,0.936799, Inv Area Ratio Contribution: ,0,Inverse Perim ratio: ,1.06548, Inv Perim Contribution: ,0, Final Score: ,-195.201
Point: ,155,153,Repeat score:,1, Repeat contribution: ,-1,Dist:,37.2634, Dist contribution: ,-186.317, New scanned ratio: ,0.013311, New Scanned Cells Contribution: ,0,Area ratio: ,0.940726, Area ratio Contribution: ,0,Perim diff: ,1.0591, Perim diff Contribution: ,0,Frontier diff: ,0, Frontier diff Contribution ,0,Inverse Area ratio: ,0.936799, Inv Area Ratio Contribution: ,0,Inverse Perim ratio: ,1.06548, Inv Perim Contribution: ,0, Final Score: ,-187.317
Point: ,152,155,Repeat score:,1, Repeat contribution: ,-1,Dist:,36.7696, Dist contribution: ,-183.848, New scanned ratio: ,0.0151251, New Scanned Cells Contribution: ,0,Area ratio: ,0.935986, Area ratio Contribution: ,0,Perim diff: ,1.05931, Perim diff Contribution: ,0,Frontier diff: ,0, Frontier diff Contribution ,0,Inverse Area ratio: ,0.935158, Inv Area Ratio Contribution: ,0,Inverse Perim ratio: ,1.06678, Inv Perim Contribution: ,0, Final Score: ,-184.848
Point: ,147,155,Repeat score:,1, Repeat contribution: ,-1,Dist:,33.4215, Dist contribution: ,-167.108, New scanned ratio: ,0.0151251, New Scanned Cells Contribution: ,0,Area ratio: ,0.934971, Area ratio Contribution: ,0,Perim diff: ,1.0575, Perim diff Contribution: ,0,Frontier diff: ,0, Frontier diff Contribution ,0,Inverse Area ratio: ,0.935158, Inv Area Ratio Contribution: ,0,Inverse Perim ratio: ,1.06519, Inv Perim Contribution: ,0, Final Score: ,-168.108
Point: ,146,156,Repeat score:,1, Repeat contribution: ,-1,Dist:,33.8421, Dist contribution: ,-169.211, New scanned ratio: ,0.0160321, New Scanned Cells Contribution: ,0,Area ratio: ,0.932734, Area ratio Contribution: ,0,Perim diff: ,1.05894, Perim diff Contribution: ,0,Frontier diff: ,0, Frontier diff Contribution ,0,Inverse Area ratio: ,0.934312, Inv Area Ratio Contribution: ,0,Inverse Perim ratio: ,1.06718, Inv Perim Contribution: ,0, Final Score: ,-170.211
Point: ,145,155,Repeat score:,1, Repeat contribution: ,-1,Dist:,32.2025, Dist contribution: ,-161.012, New scanned ratio: ,0.0151251, New Scanned Cells Contribution: ,0,Area ratio: ,0.934557, Area ratio Contribution: ,0,Perim diff: ,1.05743, Perim diff Contribution: ,0,Frontier diff: ,0, Frontier diff Contribution ,0,Inverse Area ratio: ,0.935158, Inv Area Ratio Contribution: ,0,Inverse Perim ratio: ,1.06519, Inv Perim Contribution: ,0, Final Score: ,-162.012
Point: ,140,155,Repeat score:,1, Repeat contribution: ,-1,Dist:,29.5296, Dist contribution: ,-147.648, New scanned ratio: ,0.0151251, New Scanned Cells Contribution: ,0,Area ratio: ,0.933503, Area ratio Contribution: ,0,Perim diff: ,1.05889, Perim diff Contribution: ,0,Frontier diff: ,0, Frontier diff Contribution ,0,Inverse Area ratio: ,0.935179, Inv Area Ratio Contribution: ,0,Inverse Perim ratio: ,1.06683, Inv Perim Contribution: ,0, Final Score: ,-148.648
Point: ,137,153,Repeat score:,1, Repeat contribution: ,-1,Dist:,25.8565, Dist contribution: ,-129.283, New scanned ratio: ,0.013311, New Scanned Cells Contribution: ,0,Area ratio: ,0.936897, Area ratio Contribution: ,0,Perim diff: ,1.05871, Perim diff Contribution: ,0,Frontier diff: ,0, Frontier diff Contribution ,0,Inverse Area ratio: ,0.936882, Inv Area Ratio Contribution: ,0,Inverse Perim ratio: ,1.06567, Inv Perim Contribution: ,0, Final Score: ,-130.283
Point: ,135,153,Repeat score:,1, Repeat contribution: ,-1,Dist:,25.0711, Dist contribution: ,-125.355, New scanned ratio: ,0.013311, New Scanned Cells Contribution: ,0,Area ratio: ,0.936502, Area ratio Contribution: ,0,Perim diff: ,1.06151, Perim diff Contribution: ,0,Frontier diff: ,0, Frontier diff Contribution ,0,Inverse Area ratio: ,0.936809, Inv Area Ratio Contribution: ,0,Inverse Perim ratio: ,1.06867, Inv Perim Contribution: ,0, Final Score: ,-126.355
Point: ,132,155,Repeat score:,1, Repeat contribution: ,-1,Dist:,26.6833, Dist contribution: ,-133.417, New scanned ratio: ,0.0152611, New Scanned Cells Contribution: ,0,Area ratio: ,0.931886, Area ratio Contribution: ,0,Perim diff: ,1.06539, Perim diff Contribution: ,0,Frontier diff: ,0, Frontier diff Contribution ,0,Inverse Area ratio: ,0.935002, Inv Area Ratio Contribution: ,0,Inverse Perim ratio: ,1.07344, Inv Perim Contribution: ,0, Final Score: ,-134.417
Point: ,127,155,Repeat score:,1, Repeat contribution: ,-1,Dist:,26.0192, Dist contribution: ,-130.096, New scanned ratio: ,0.0159868, New Scanned Cells Contribution: ,0,Area ratio: ,0.931467, Area ratio Contribution: ,0,Perim diff: ,1.06973, Perim diff Contribution: ,0,Frontier diff: ,0, Frontier diff Contribution ,0,Inverse Area ratio: ,0.934302, Inv Area Ratio Contribution: ,0,Inverse Perim ratio: ,1.07785, Inv Perim Contribution: ,0, Final Score: ,-131.096
Point: ,126,156,Repeat score:,1, Repeat contribution: ,-1,Dist:,27.3, Dist contribution: ,-136.5, New scanned ratio: ,0.0170525, New Scanned Cells Contribution: ,0,Area ratio: ,0.929388, Area ratio Contribution: ,0,Perim diff: ,1.07198, Perim diff Contribution: ,0,Frontier diff: ,0, Frontier diff Contribution ,0,Inverse Area ratio: ,0.933299, Inv Area Ratio Contribution: ,0,Inverse Perim ratio: ,1.08069, Inv Perim Contribution: ,0, Final Score: ,-137.5
Point: ,125,155,Repeat score:,1, Repeat contribution: ,-1,Dist:,26.0192, Dist contribution: ,-130.096, New scanned ratio: ,0.0164403, New Scanned Cells Contribution: ,0,Area ratio: ,0.931455, Area ratio Contribution: ,0,Perim diff: ,1.07162, Perim diff Contribution: ,0,Frontier diff: ,0, Frontier diff Contribution ,0,Inverse Area ratio: ,0.933873, Inv Area Ratio Contribution: ,0,Inverse Perim ratio: ,1.07984, Inv Perim Contribution: ,0, Final Score: ,-131.096
Point: ,120,155,Repeat score:,1, Repeat contribution: ,-1,Dist:,26.6833, Dist contribution: ,-133.417, New scanned ratio: ,0.0178689, New Scanned Cells Contribution: ,0,Area ratio: ,0.93173, Area ratio Contribution: ,0,Perim diff: ,1.07871, Perim diff Contribution: ,0,Frontier diff: ,0, Frontier diff Contribution ,0,Inverse Area ratio: ,0.932463, Inv Area Ratio Contribution: ,0,Inverse Perim ratio: ,1.08697, Inv Perim Contribution: ,0, Final Score: ,-134.417
Point: ,114,152,Repeat score:,1, Repeat contribution: ,-1,Dist:,25.1478, Dist contribution: ,-125.739, New scanned ratio: ,0.0179369, New Scanned Cells Contribution: ,0,Area ratio: ,0.93915, Area ratio Contribution: ,0,Perim diff: ,1.07684, Perim diff Contribution: ,0,Frontier diff: ,0, Frontier diff Contribution ,0,Inverse Area ratio: ,0.932431, Inv Area Ratio Contribution: ,0,Inverse Perim ratio: ,1.0839, Inv Perim Contribution: ,0, Final Score: ,-126.739
Point: ,109,147,Repeat score:,1, Repeat contribution: ,-1,Dist:,23.0729, Dist contribution: ,-115.365, New scanned ratio: ,0.0163496, New Scanned Cells Contribution: ,0,Area ratio: ,0.951285, Area ratio Contribution: ,0,Perim diff: ,1.06159, Perim diff Contribution: ,0,Frontier diff: ,0, Frontier diff Contribution ,0,Inverse Area ratio: ,0.934081, Inv Area Ratio Contribution: ,0,Inverse Perim ratio: ,1.06988, Inv Perim Contribution: ,0, Final Score: ,-116.365
Point: ,106,141,Repeat score:,1, Repeat contribution: ,-1,Dist:,21.4672, Dist contribution: ,-107.336, New scanned ratio: ,0.0129708, New Scanned Cells Contribution: ,0,Area ratio: ,0.965332, Area ratio Contribution: ,0,Perim diff: ,1.04852, Perim diff Contribution: ,0,Frontier diff: ,0, Frontier diff Contribution ,0,Inverse Area ratio: ,0.940171, Inv Area Ratio Contribution: ,0,Inverse Perim ratio: ,1.05209, Inv Perim Contribution: ,0, Final Score: ,-108.336
Point: ,106,136,Repeat score:,1, Repeat contribution: ,-1,Dist:,20.0422, Dist contribution: ,-100.211, New scanned ratio: ,0.00927459, New Scanned Cells Contribution: ,0,Area ratio: ,0.975744, Area ratio Contribution: ,0,Perim diff: ,1.04247, Perim diff Contribution: ,0,Frontier diff: ,0, Frontier diff Contribution ,0,Inverse Area ratio: ,0.943692, Inv Area Ratio Contribution: ,0,Inverse Perim ratio: ,1.0447, Inv Perim Contribution: ,0, Final Score: ,-101.211
Point: ,104,136,Repeat score:,1, Repeat contribution: ,-1,Dist:,22.0384, Dist contribution: ,-110.192, New scanned ratio: ,0.0100229, New Scanned Cells Contribution: ,0,Area ratio: ,0.975978, Area ratio Contribution: ,0,Perim diff: ,1.04147, Perim diff Contribution: ,0,Frontier diff: ,0, Frontier diff Contribution ,0,Inverse Area ratio: ,0.94301, Inv Area Ratio Contribution: ,0,Inverse Perim ratio: ,1.0438, Inv Perim Contribution: ,0, Final Score: ,-111.192
Point: ,103,137,Repeat score:,1, Repeat contribution: ,-1,Dist:,23.1465, Dist contribution: ,-115.732, New scanned ratio: ,0.011134, New Scanned Cells Contribution: ,0,Area ratio: ,0.974367, Area ratio Contribution: ,0,Perim diff: ,1.044, Perim diff Contribution: ,0,Frontier diff: ,0, Frontier diff Contribution ,0,Inverse Area ratio: ,0.941942, Inv Area Ratio Contribution: ,0,Inverse Perim ratio: ,1.04655, Inv Perim Contribution: ,0, Final Score: ,-116.732
Point: ,102,136,Repeat score:,1, Repeat contribution: ,-1,Dist:,24.0352, Dist contribution: ,-120.176, New scanned ratio: ,0.0107712, New Scanned Cells Contribution: ,0,Area ratio: ,0.976212, Area ratio Contribution: ,0,Perim diff: ,1.04193, Perim diff Contribution: ,0,Frontier diff: ,0, Frontier diff Contribution ,0,Inverse Area ratio: ,0.942319, Inv Area Ratio Contribution: ,0,Inverse Perim ratio: ,1.0443, Inv Perim Contribution: ,0, Final Score: ,-121.176
Point: ,97,136,Repeat score:,1, Repeat contribution: ,-1,Dist:,29.0291, Dist contribution: ,-145.146, New scanned ratio: ,0.0124946, New Scanned Cells Contribution: ,0,Area ratio: ,0.976695, Area ratio Contribution: ,0,Perim diff: ,1.04584, Perim diff Contribution: ,0,Frontier diff: ,0, Frontier diff Contribution ,0,Inverse Area ratio: ,0.940652, Inv Area Ratio Contribution: ,0,Inverse Perim ratio: ,1.04828, Inv Perim Contribution: ,0, Final Score: ,-146.146
Point: ,93,134,Repeat score:,1, Repeat contribution: ,-1,Dist:,33.0256, Dist contribution: ,-165.128, New scanned ratio: ,0.0121545, New Scanned Cells Contribution: ,0,Area ratio: ,0.979056, Area ratio Contribution: ,0,Perim diff: ,1.04444, Perim diff Contribution: ,0,Frontier diff: ,0, Frontier diff Contribution ,0,Inverse Area ratio: ,0.943876, Inv Area Ratio Contribution: ,0,Inverse Perim ratio: ,1.04651, Inv Perim Contribution: ,0, Final Score: ,-166.128
Point: ,90,136,Repeat score:,1, Repeat contribution: ,-1,Dist:,36.0235, Dist contribution: ,-180.117, New scanned ratio: ,0.0145355, New Scanned Cells Contribution: ,0,Area ratio: ,0.976912, Area ratio Contribution: ,0,Perim diff: ,1.04807, Perim diff Contribution: ,0,Frontier diff: ,0, Frontier diff Contribution ,0,Inverse Area ratio: ,0.941746, Inv Area Ratio Contribution: ,0,Inverse Perim ratio: ,1.05087, Inv Perim Contribution: ,0, Final Score: ,-181.117
BEST Point:,106,136, Score: ,-101.211
COUNT COMMAND: 1
Total frontiers: ,103, Prioritised frontiers: ,24
At: ,106,135,
Point: ,140,155,Repeat score:,1, Repeat contribution: ,-1,Dist:,42.8019, Dist contribution: ,-214.009, New scanned ratio: ,0.0149965, New Scanned Cells Contribution: ,0,Area ratio: ,0.941474, Area ratio Contribution: ,0,Perim diff: ,1.05871, Perim diff Contribution: ,0,Frontier diff: ,0, Frontier diff Contribution ,0,Inverse Area ratio: ,0.930048, Inv Area Ratio Contribution: ,0,Inverse Perim ratio: ,1.06666, Inv Perim Contribution: ,0, Final Score: ,-215.009
Point: ,137,153,Repeat score:,1, Repeat contribution: ,-1,Dist:,38.8402, Dist contribution: ,-194.201, New scanned ratio: ,0.0131978, New Scanned Cells Contribution: ,0,Area ratio: ,0.944954, Area ratio Contribution: ,0,Perim diff: ,1.05846, Perim diff Contribution: ,0,Frontier diff: ,0, Frontier diff Contribution ,0,Inverse Area ratio: ,0.931714, Inv Area Ratio Contribution: ,0,Inverse Perim ratio: ,1.06548, Inv Perim Contribution: ,0, Final Score: ,-195.201
Point: ,135,153,Repeat score:,1, Repeat contribution: ,-1,Dist:,37.2634, Dist contribution: ,-186.317, New scanned ratio: ,0.0131978, New Scanned Cells Contribution: ,0,Area ratio: ,0.944534, Area ratio Contribution: ,0,Perim diff: ,1.05838, Perim diff Contribution: ,0,Frontier diff: ,0, Frontier diff Contribution ,0,Inverse Area ratio: ,0.931714, Inv Area Ratio Contribution: ,0,Inverse Perim ratio: ,1.06548, Inv Perim Contribution: ,0, Final Score: ,-187.317
Point: ,132,155,Repeat score:,1, Repeat contribution: ,-1,Dist:,36.7696, Dist contribution: ,-183.848, New scanned ratio: ,0.0149965, New Scanned Cells Contribution: ,0,Area ratio: ,0.93979, Area ratio Contribution: ,0,Perim diff: ,1.05848, Perim diff Contribution: ,0,Frontier diff: ,0, Frontier diff Contribution ,0,Inverse Area ratio: ,0.930069, Inv Area Ratio Contribution: ,0,Inverse Perim ratio: ,1.06678, Inv Perim Contribution: ,0, Final Score: ,-184.848
Point: ,127,155,Repeat score:,1, Repeat contribution: ,-1,Dist:,33.4215, Dist contribution: ,-167.108, New scanned ratio: ,0.0149965, New Scanned Cells Contribution: ,0,Area ratio: ,0.938775, Area ratio Contribution: ,0,Perim diff: ,1.05658, Perim diff Contribution: ,0,Frontier diff: ,0, Frontier diff Contribution ,0,Inverse Area ratio: ,0.930069, Inv Area Ratio Contribution: ,0,Inverse Perim ratio: ,1.06518, Inv Perim Contribution: ,0, Final Score: ,-168.108
Point: ,126,156,Repeat score:,1, Repeat contribution: ,-1,Dist:,33.8421, Dist contribution: ,-169.211, New scanned ratio: ,0.0158959, New Scanned Cells Contribution: ,0,Area ratio: ,0.936536, Area ratio Contribution: ,0,Perim diff: ,1.05797, Perim diff Contribution: ,0,Frontier diff: ,0, Frontier diff Contribution ,0,Inverse Area ratio: ,0.92922, Inv Area Ratio Contribution: ,0,Inverse Perim ratio: ,1.06718, Inv Perim Contribution: ,0, Final Score: ,-170.211
Point: ,125,155,Repeat score:,1, Repeat contribution: ,-1,Dist:,32.2025, Dist contribution: ,-161.012, New scanned ratio: ,0.0149965, New Scanned Cells Contribution: ,0,Area ratio: ,0.938361, Area ratio Contribution: ,0,Perim diff: ,1.05647, Perim diff Contribution: ,0,Frontier diff: ,0, Frontier diff Contribution ,0,Inverse Area ratio: ,0.930069, Inv Area Ratio Contribution: ,0,Inverse Perim ratio: ,1.06518, Inv Perim Contribution: ,0, Final Score: ,-162.012
Point: ,120,155,Repeat score:,1, Repeat contribution: ,-1,Dist:,29.5296, Dist contribution: ,-147.648, New scanned ratio: ,0.0149965, New Scanned Cells Contribution: ,0,Area ratio: ,0.937307, Area ratio Contribution: ,0,Perim diff: ,1.05782, Perim diff Contribution: ,0,Frontier diff: ,0, Frontier diff Contribution ,0,Inverse Area ratio: ,0.930089, Inv Area Ratio Contribution: ,0,Inverse Perim ratio: ,1.06683, Inv Perim Contribution: ,0, Final Score: ,-148.648
Point: ,117,153,Repeat score:,1, Repeat contribution: ,-1,Dist:,25.8565, Dist contribution: ,-129.283, New scanned ratio: ,0.0131978, New Scanned Cells Contribution: ,0,Area ratio: ,0.940708, Area ratio Contribution: ,0,Perim diff: ,1.05765, Perim diff Contribution: ,0,Frontier diff: ,0, Frontier diff Contribution ,0,Inverse Area ratio: ,0.931798, Inv Area Ratio Contribution: ,0,Inverse Perim ratio: ,1.06567, Inv Perim Contribution: ,0, Final Score: ,-130.283
Point: ,115,153,Repeat score:,1, Repeat contribution: ,-1,Dist:,25.0711, Dist contribution: ,-125.355, New scanned ratio: ,0.0131978, New Scanned Cells Contribution: ,0,Area ratio: ,0.940313, Area ratio Contribution: ,0,Perim diff: ,1.06041, Perim diff Contribution: ,0,Frontier diff: ,0, Frontier diff Contribution ,0,Inverse Area ratio: ,0.931724, Inv Area Ratio Contribution: ,0,Inverse Perim ratio: ,1.06867, Inv Perim Contribution: ,0, Final Score: ,-126.355
Point: ,112,155,Repeat score:,1, Repeat contribution: ,-1,Dist:,26.6833, Dist contribution: ,-133.417, New scanned ratio: ,0.0151314, New Scanned Cells Contribution: ,0,Area ratio: ,0.935691, Area ratio Contribution: ,0,Perim diff: ,1.06413, Perim diff Contribution: ,0,Frontier diff: ,0, Frontier diff Contribution ,0,Inverse Area ratio: ,0.929911, Inv Area Ratio Contribution: ,0,Inverse Perim ratio: ,1.07344, Inv Perim Contribution: ,0, Final Score: ,-134.417
Point: ,107,155,Repeat score:,1, Repeat contribution: ,-1,Dist:,26.0192, Dist contribution: ,-130.096, New scanned ratio: ,0.0158509, New Scanned Cells Contribution: ,0,Area ratio: ,0.93527, Area ratio Contribution: ,0,Perim diff: ,1.06833, Perim diff Contribution: ,0,Frontier diff: ,0, Frontier diff Contribution ,0,Inverse Area ratio: ,0.929209, Inv Area Ratio Contribution: ,0,Inverse Perim ratio: ,1.07785, Inv Perim Contribution: ,0, Final Score: ,-131.096
Point: ,106,156,Repeat score:,1, Repeat contribution: ,-1,Dist:,27.3, Dist contribution: ,-136.5, New scanned ratio: ,0.0169076, New Scanned Cells Contribution: ,0,Area ratio: ,0.933187, Area ratio Contribution: ,0,Perim diff: ,1.0705, Perim diff Contribution: ,0,Frontier diff: ,0, Frontier diff Contribution ,0,Inverse Area ratio: ,0.928203, Inv Area Ratio Contribution: ,0,Inverse Perim ratio: ,1.08069, Inv Perim Contribution: ,0, Final Score: ,-137.5
Point: ,105,155,Repeat score:,1, Repeat contribution: ,-1,Dist:,26.0192, Dist contribution: ,-130.096, New scanned ratio: ,0.0163006, New Scanned Cells Contribution: ,0,Area ratio: ,0.935257, Area ratio Contribution: ,0,Perim diff: ,1.07016, Perim diff Contribution: ,0,Frontier diff: ,0, Frontier diff Contribution ,0,Inverse Area ratio: ,0.92878, Inv Area Ratio Contribution: ,0,Inverse Perim ratio: ,1.07984, Inv Perim Contribution: ,0, Final Score: ,-131.096
Point: ,100,155,Repeat score:,1, Repeat contribution: ,-1,Dist:,26.6833, Dist contribution: ,-133.417, New scanned ratio: ,0.017717, New Scanned Cells Contribution: ,0,Area ratio: ,0.935526, Area ratio Contribution: ,0,Perim diff: ,1.07709, Perim diff Contribution: ,0,Frontier diff: ,0, Frontier diff Contribution ,0,Inverse Area ratio: ,0.927365, Inv Area Ratio Contribution: ,0,Inverse Perim ratio: ,1.08697, Inv Perim Contribution: ,0, Final Score: ,-134.417
Point: ,94,152,Repeat score:,1, Repeat contribution: ,-1,Dist:,25.1478, Dist contribution: ,-125.739, New scanned ratio: ,0.0177845, New Scanned Cells Contribution: ,0,Area ratio: ,0.942932, Area ratio Contribution: ,0,Perim diff: ,1.07541, Perim diff Contribution: ,0,Frontier diff: ,0, Frontier diff Contribution ,0,Inverse Area ratio: ,0.927344, Inv Area Ratio Contribution: ,0,Inverse Perim ratio: ,1.08409, Inv Perim Contribution: ,0, Final Score: ,-126.739
Point: ,89,147,Repeat score:,1, Repeat contribution: ,-1,Dist:,23.0729, Dist contribution: ,-115.365, New scanned ratio: ,0.0162556, New Scanned Cells Contribution: ,0,Area ratio: ,0.955078, Area ratio Contribution: ,0,Perim diff: ,1.06056, Perim diff Contribution: ,0,Frontier diff: ,0, Frontier diff Contribution ,0,Inverse Area ratio: ,0.931915, Inv Area Ratio Contribution: ,0,Inverse Perim ratio: ,1.06732, Inv Perim Contribution: ,0, Final Score: ,-116.365
Point: ,86,141,Repeat score:,1, Repeat contribution: ,-1,Dist:,21.4672, Dist contribution: ,-107.336, New scanned ratio: ,0.0128606, New Scanned Cells Contribution: ,0,Area ratio: ,0.968897, Area ratio Contribution: ,0,Perim diff: ,1.04783, Perim diff Contribution: ,0,Frontier diff: ,0, Frontier diff Contribution ,0,Inverse Area ratio: ,0.935259, Inv Area Ratio Contribution: ,0,Inverse Perim ratio: ,1.05246, Inv Perim Contribution: ,0, Final Score: ,-108.336
Point: ,86,136,Repeat score:,1, Repeat contribution: ,-1,Dist:,20.0422, Dist contribution: ,-100.211, New scanned ratio: ,0.00919576, New Scanned Cells Contribution: ,0,Area ratio: ,0.979106, Area ratio Contribution: ,0,Perim diff: ,1.04072, Perim diff Contribution: ,0,Frontier diff: ,0, Frontier diff Contribution ,0,Inverse Area ratio: ,0.938792, Inv Area Ratio Contribution: ,0,Inverse Perim ratio: ,1.04378, Inv Perim Contribution: ,0, Final Score: ,-101.211
Point: ,84,137,Repeat score:,1, Repeat contribution: ,-1,Dist:,22.1531, Dist contribution: ,-110.766, New scanned ratio: ,0.0106572, New Scanned Cells Contribution: ,0,Area ratio: ,0.977758, Area ratio Contribution: ,0,Perim diff: ,1.04353, Perim diff Contribution: ,0,Frontier diff: ,0, Frontier diff Contribution ,0,Inverse Area ratio: ,0.937394, Inv Area Ratio Contribution: ,0,Inverse Perim ratio: ,1.04687, Inv Perim Contribution: ,0, Final Score: ,-111.766
Point: ,83,136,Repeat score:,1, Repeat contribution: ,-1,Dist:,23.0367, Dist contribution: ,-115.184, New scanned ratio: ,0.0103199, New Scanned Cells Contribution: ,0,Area ratio: ,0.979463, Area ratio Contribution: ,0,Perim diff: ,1.04083, Perim diff Contribution: ,0,Frontier diff: ,0, Frontier diff Contribution ,0,Inverse Area ratio: ,0.93774, Inv Area Ratio Contribution: ,0,Inverse Perim ratio: ,1.04398, Inv Perim Contribution: ,0, Final Score: ,-116.184
Point: ,78,136,Repeat score:,1, Repeat contribution: ,-1,Dist:,28.0302, Dist contribution: ,-140.151, New scanned ratio: ,0.0120737, New Scanned Cells Contribution: ,0,Area ratio: ,0.979994, Area ratio Contribution: ,0,Perim diff: ,1.04403, Perim diff Contribution: ,0,Frontier diff: ,0, Frontier diff Contribution ,0,Inverse Area ratio: ,0.936016, Inv Area Ratio Contribution: ,0,Inverse Perim ratio: ,1.04735, Inv Perim Contribution: ,0, Final Score: ,-141.151
Point: ,75,134,Repeat score:,1, Repeat contribution: ,-1,Dist:,31.0272, Dist contribution: ,-155.136, New scanned ratio: ,0.0115116, New Scanned Cells Contribution: ,0,Area ratio: ,0.982177, Area ratio Contribution: ,0,Perim diff: ,1.04347, Perim diff Contribution: ,0,Frontier diff: ,0, Frontier diff Contribution ,0,Inverse Area ratio: ,0.936867, Inv Area Ratio Contribution: ,0,Inverse Perim ratio: ,1.04627, Inv Perim Contribution: ,0, Final Score: ,-156.136
Point: ,71,136,Repeat score:,1, Repeat contribution: ,-1,Dist:,35.0241, Dist contribution: ,-175.121, New scanned ratio: ,0.014277, New Scanned Cells Contribution: ,0,Area ratio: ,0.98037, Area ratio Contribution: ,0,Perim diff: ,1.04864, Perim diff Contribution: ,0,Frontier diff: ,0, Frontier diff Contribution ,0,Inverse Area ratio: ,0.934483, Inv Area Ratio Contribution: ,0,Inverse Perim ratio: ,1.05245, Inv Perim Contribution: ,0, Final Score: ,-176.121
BEST Point:,86,136, Score: ,-101.211
COUNT COMMAND: 1
Total frontiers: ,104, Prioritised frontiers: ,26
At: ,86,135,
Point: ,120,155,Repeat score:,1, Repeat contribution: ,-1,Dist:,42.8019, Dist contribution: ,-214.009, New scanned ratio: ,0.0148701, New Scanned Cells Contribution: ,0,Area ratio: ,0.945223, Area ratio Contribution: ,0,Perim diff: ,1.05805, Perim diff Contribution: ,0,Frontier diff: ,0, Frontier diff Contribution ,0,Inverse Area ratio: ,0.925104, Inv Area Ratio Contribution: ,0,Inverse Perim ratio: ,1.06703, Inv Perim Contribution: ,0, Final Score: ,-215.009
Point: ,117,153,Repeat score:,1, Repeat contribution: ,-1,Dist:,38.8402, Dist contribution: ,-194.201, New scanned ratio: ,0.0130866, New Scanned Cells Contribution: ,0,Area ratio: ,0.948708, Area ratio Contribution: ,0,Perim diff: ,1.0578, Perim diff Contribution: ,0,Frontier diff: ,0, Frontier diff Contribution ,0,Inverse Area ratio: ,0.926775, Inv Area Ratio Contribution: ,0,Inverse Perim ratio: ,1.06585, Inv Perim Contribution: ,0, Final Score: ,-195.201
Point: ,115,153,Repeat score:,1, Repeat contribution: ,-1,Dist:,37.2634, Dist contribution: ,-186.317, New scanned ratio: ,0.0130866, New Scanned Cells Contribution: ,0,Area ratio: ,0.948288, Area ratio Contribution: ,0,Perim diff: ,1.05768, Perim diff Contribution: ,0,Frontier diff: ,0, Frontier diff Contribution ,0,Inverse Area ratio: ,0.926775, Inv Area Ratio Contribution: ,0,Inverse Perim ratio: ,1.06585, Inv Perim Contribution: ,0, Final Score: ,-187.317
Point: ,112,155,Repeat score:,1, Repeat contribution: ,-1,Dist:,36.7696, Dist contribution: ,-183.848, New scanned ratio: ,0.0148701, New Scanned Cells Contribution: ,0,Area ratio: ,0.94354, Area ratio Contribution: ,0,Perim diff: ,1.05763, Perim diff Contribution: ,0,Frontier diff: ,0, Frontier diff Contribution ,0,Inverse Area ratio: ,0.925125, Inv Area Ratio Contribution: ,0,Inverse Perim ratio: ,1.06715, Inv Perim Contribution: ,0, Final Score: ,-184.848
Point: ,107,155,Repeat score:,1, Repeat contribution: ,-1,Dist:,33.4215, Dist contribution: ,-167.108, New scanned ratio: ,0.0148701, New Scanned Cells Contribution: ,0,Area ratio: ,0.942525, Area ratio Contribution: ,0,Perim diff: ,1.0556, Perim diff Contribution: ,0,Frontier diff: ,0, Frontier diff Contribution ,0,Inverse Area ratio: ,0.925125, Inv Area Ratio Contribution: ,0,Inverse Perim ratio: ,1.06555, Inv Perim Contribution: ,0, Final Score: ,-168.108
Point: ,106,156,Repeat score:,1, Repeat contribution: ,-1,Dist:,33.8421, Dist contribution: ,-169.211, New scanned ratio: ,0.0157619, New Scanned Cells Contribution: ,0,Area ratio: ,0.940283, Area ratio Contribution: ,0,Perim diff: ,1.05691, Perim diff Contribution: ,0,Frontier diff: ,0, Frontier diff Contribution ,0,Inverse Area ratio: ,0.924273, Inv Area Ratio Contribution: ,0,Inverse Perim ratio: ,1.06755, Inv Perim Contribution: ,0, Final Score: ,-170.211
Point: ,105,155,Repeat score:,1, Repeat contribution: ,-1,Dist:,32.2025, Dist contribution: ,-161.012, New scanned ratio: ,0.0148701, New Scanned Cells Contribution: ,0,Area ratio: ,0.942111, Area ratio Contribution: ,0,Perim diff: ,1.05544, Perim diff Contribution: ,0,Frontier diff: ,0, Frontier diff Contribution ,0,Inverse Area ratio: ,0.925125, Inv Area Ratio Contribution: ,0,Inverse Perim ratio: ,1.06555, Inv Perim Contribution: ,0, Final Score: ,-162.012
Point: ,100,155,Repeat score:,1, Repeat contribution: ,-1,Dist:,29.5296, Dist contribution: ,-147.648, New scanned ratio: ,0.0148701, New Scanned Cells Contribution: ,0,Area ratio: ,0.941058, Area ratio Contribution: ,0,Perim diff: ,1.05663, Perim diff Contribution: ,0,Frontier diff: ,0, Frontier diff Contribution ,0,Inverse Area ratio: ,0.925146, Inv Area Ratio Contribution: ,0,Inverse Perim ratio: ,1.0672, Inv Perim Contribution: ,0, Final Score: ,-148.648
Point: ,97,153,Repeat score:,1, Repeat contribution: ,-1,Dist:,25.8565, Dist contribution: ,-129.283, New scanned ratio: ,0.0130866, New Scanned Cells Contribution: ,0,Area ratio: ,0.944464, Area ratio Contribution: ,0,Perim diff: ,1.05648, Perim diff Contribution: ,0,Frontier diff: ,0, Frontier diff Contribution ,0,Inverse Area ratio: ,0.926859, Inv Area Ratio Contribution: ,0,Inverse Perim ratio: ,1.06604, Inv Perim Contribution: ,0, Final Score: ,-130.283
Point: ,95,153,Repeat score:,1, Repeat contribution: ,-1,Dist:,25.0711, Dist contribution: ,-125.355, New scanned ratio: ,0.0130866, New Scanned Cells Contribution: ,0,Area ratio: ,0.944069, Area ratio Contribution: ,0,Perim diff: ,1.05917, Perim diff Contribution: ,0,Frontier diff: ,0, Frontier diff Contribution ,0,Inverse Area ratio: ,0.926786, Inv Area Ratio Contribution: ,0,Inverse Perim ratio: ,1.06904, Inv Perim Contribution: ,0, Final Score: ,-126.355
Point: ,92,155,Repeat score:,1, Repeat contribution: ,-1,Dist:,26.6833, Dist contribution: ,-133.417, New scanned ratio: ,0.0150039, New Scanned Cells Contribution: ,0,Area ratio: ,0.939442, Area ratio Contribution: ,0,Perim diff: ,1.06264, Perim diff Contribution: ,0,Frontier diff: ,0, Frontier diff Contribution ,0,Inverse Area ratio: ,0.924967, Inv Area Ratio Contribution: ,0,Inverse Perim ratio: ,1.07381, Inv Perim Contribution: ,0, Final Score: ,-134.417
Point: ,87,155,Repeat score:,1, Repeat contribution: ,-1,Dist:,26.0192, Dist contribution: ,-130.096, New scanned ratio: ,0.0157173, New Scanned Cells Contribution: ,0,Area ratio: ,0.938902, Area ratio Contribution: ,0,Perim diff: ,1.06662, Perim diff Contribution: ,0,Frontier diff: ,0, Frontier diff Contribution ,0,Inverse Area ratio: ,0.924262, Inv Area Ratio Contribution: ,0,Inverse Perim ratio: ,1.07822, Inv Perim Contribution: ,0, Final Score: ,-131.096
Point: ,86,156,Repeat score:,1, Repeat contribution: ,-1,Dist:,27.3, Dist contribution: ,-136.5, New scanned ratio: ,0.0167651, New Scanned Cells Contribution: ,0,Area ratio: ,0.9367, Area ratio Contribution: ,0,Perim diff: ,1.06865, Perim diff Contribution: ,0,Frontier diff: ,0, Frontier diff Contribution ,0,Inverse Area ratio: ,0.923253, Inv Area Ratio Contribution: ,0,Inverse Perim ratio: ,1.08106, Inv Perim Contribution: ,0, Final Score: ,-137.5
Point: ,85,155,Repeat score:,1, Repeat contribution: ,-1,Dist:,26.0192, Dist contribution: ,-130.096, New scanned ratio: ,0.0161632, New Scanned Cells Contribution: ,0,Area ratio: ,0.938809, Area ratio Contribution: ,0,Perim diff: ,1.06835, Perim diff Contribution: ,0,Frontier diff: ,0, Frontier diff Contribution ,0,Inverse Area ratio: ,0.923831, Inv Area Ratio Contribution: ,0,Inverse Perim ratio: ,1.08021, Inv Perim Contribution: ,0, Final Score: ,-131.096
Point: ,80,155,Repeat score:,1, Repeat contribution: ,-1,Dist:,26.6833, Dist contribution: ,-133.417, New scanned ratio: ,0.0175677, New Scanned Cells Contribution: ,0,Area ratio: ,0.938878, Area ratio Contribution: ,0,Perim diff: ,1.075, Perim diff Contribution: ,0,Frontier diff: ,0, Frontier diff Contribution ,0,Inverse Area ratio: ,0.922412, Inv Area Ratio Contribution: ,0,Inverse Perim ratio: ,1.08734, Inv Perim Contribution: ,0, Final Score: ,-134.417
Point: ,74,152,Repeat score:,1, Repeat contribution: ,-1,Dist:,25.1478, Dist contribution: ,-125.739, New scanned ratio: ,0.0176346, New Scanned Cells Contribution: ,0,Area ratio: ,0.946285, Area ratio Contribution: ,0,Perim diff: ,1.07308, Perim diff Contribution: ,0,Frontier diff: ,0, Frontier diff Contribution ,0,Inverse Area ratio: ,0.922381, Inv Area Ratio Contribution: ,0,Inverse Perim ratio: ,1.08427, Inv Perim Contribution: ,0, Final Score: ,-126.739
Point: ,69,147,Repeat score:,1, Repeat contribution: ,-1,Dist:,23.0729, Dist contribution: ,-115.365, New scanned ratio: ,0.0161632, New Scanned Cells Contribution: ,0,Area ratio: ,0.958707, Area ratio Contribution: ,0,Perim diff: ,1.0581, Perim diff Contribution: ,0,Frontier diff: ,0, Frontier diff Contribution ,0,Inverse Area ratio: ,0.924402, Inv Area Ratio Contribution: ,0,Inverse Perim ratio: ,1.07011, Inv Perim Contribution: ,0, Final Score: ,-116.365
Point: ,66,141,Repeat score:,1, Repeat contribution: ,-1,Dist:,21.4672, Dist contribution: ,-107.336, New scanned ratio: ,0.0129306, New Scanned Cells Contribution: ,0,Area ratio: ,0.972633, Area ratio Contribution: ,0,Perim diff: ,1.0459, Perim diff Contribution: ,0,Frontier diff: ,0, Frontier diff Contribution ,0,Inverse Area ratio: ,0.927709, Inv Area Ratio Contribution: ,0,Inverse Perim ratio: ,1.05222, Inv Perim Contribution: ,0, Final Score: ,-108.336
Point: ,66,136,Repeat score:,1, Repeat contribution: ,-1,Dist:,20.0422, Dist contribution: ,-100.211, New scanned ratio: ,0.00929662, New Scanned Cells Contribution: ,0,Area ratio: ,0.982619, Area ratio Contribution: ,0,Perim diff: ,1.0409, Perim diff Contribution: ,0,Frontier diff: ,0, Frontier diff Contribution ,0,Inverse Area ratio: ,0.931233, Inv Area Ratio Contribution: ,0,Inverse Perim ratio: ,1.04508, Inv Perim Contribution: ,0, Final Score: ,-101.211
Point: ,65,137,Repeat score:,1, Repeat contribution: ,-1,Dist:,21.1603, Dist contribution: ,-105.802, New scanned ratio: ,0.010389, New Scanned Cells Contribution: ,0,Area ratio: ,0.981177, Area ratio Contribution: ,0,Perim diff: ,1.04294, Perim diff Contribution: ,0,Frontier diff: ,0, Frontier diff Contribution ,0,Inverse Area ratio: ,0.93016, Inv Area Ratio Contribution: ,0,Inverse Perim ratio: ,1.04752, Inv Perim Contribution: ,0, Final Score: ,-106.802
Point: ,64,136,Repeat score:,1, Repeat contribution: ,-1,Dist:,22.0384, Dist contribution: ,-110.192, New scanned ratio: ,0.0100769, New Scanned Cells Contribution: ,0,Area ratio: ,0.98288, Area ratio Contribution: ,0,Perim diff: ,1.0426, Perim diff Contribution: ,0,Frontier diff: ,0, Frontier diff Contribution ,0,Inverse Area ratio: ,0.930475, Inv Area Ratio Contribution: ,0,Inverse Perim ratio: ,1.04683, Inv Perim Contribution: ,0, Final Score: ,-111.192
Point: ,59,136,Repeat score:,1, Repeat contribution: ,-1,Dist:,27.0313, Dist contribution: ,-135.156, New scanned ratio: ,0.0119719, New Scanned Cells Contribution: ,0,Area ratio: ,0.983536, Area ratio Contribution: ,0,Perim diff: ,1.04393, Perim diff Contribution: ,0,Frontier diff: ,0, Frontier diff Contribution ,0,Inverse Area ratio: ,0.928489, Inv Area Ratio Contribution: ,0,Inverse Perim ratio: ,1.04859, Inv Perim Contribution: ,0, Final Score: ,-136.156
Point: ,56,134,Repeat score:,1, Repeat contribution: ,-1,Dist:,30.0282, Dist contribution: ,-150.141, New scanned ratio: ,0.0115483, New Scanned Cells Contribution: ,0,Area ratio: ,0.985677, Area ratio Contribution: ,0,Perim diff: ,1.04141, Perim diff Contribution: ,0,Frontier diff: ,0, Frontier diff Contribution ,0,Inverse Area ratio: ,0.929045, Inv Area Ratio Contribution: ,0,Inverse Perim ratio: ,1.04855, Inv Perim Contribution: ,0, Final Score: ,-151.141
Point: ,53,134,Repeat score:,1, Repeat contribution: ,-1,Dist:,33.0256, Dist contribution: ,-165.128, New scanned ratio: ,0.0124624, New Scanned Cells Contribution: ,0,Area ratio: ,0.985797, Area ratio Contribution: ,0,Perim diff: ,1.04227, Perim diff Contribution: ,0,Frontier diff: ,0, Frontier diff Contribution ,0,Inverse Area ratio: ,0.931024, Inv Area Ratio Contribution: ,0,Inverse Perim ratio: ,1.04664, Inv Perim Contribution: ,0, Final Score: ,-166.128
Point: ,52,135,Repeat score:,1, Repeat contribution: ,-1,Dist:,34, Dist contribution: ,-170, New scanned ratio: ,0.0135325, New Scanned Cells Contribution: ,0,Area ratio: ,0.985629, Area ratio Contribution: ,0,Perim diff: ,1.04448, Perim diff Contribution: ,0,Frontier diff: ,0, Frontier diff Contribution ,0,Inverse Area ratio: ,0.92999, Inv Area Ratio Contribution: ,0,Inverse Perim ratio: ,1.04974, Inv Perim Contribution: ,0, Final Score: ,-171
Point: ,47,135,Repeat score:,1, Repeat contribution: ,-1,Dist:,39, Dist contribution: ,-195, New scanned ratio: ,0.0144688, New Scanned Cells Contribution: ,0,Area ratio: ,0.985157, Area ratio Contribution: ,0,Perim diff: ,1.04839, Perim diff Contribution: ,0,Frontier diff: ,0, Frontier diff Contribution ,0,Inverse Area ratio: ,0.929061, Inv Area Ratio Contribution: ,0,Inverse Perim ratio: ,1.05405, Inv Perim Contribution: ,0, Final Score: ,-196
BEST Point:,66,136, Score: ,-101.211
COUNT COMMAND: 1
Total frontiers: ,103, Prioritised frontiers: ,26
At: ,66,135,
Point: ,100,155,Repeat score:,1, Repeat contribution: ,-1,Dist:,42.8019, Dist contribution: ,-214.009, New scanned ratio: ,0.0147433, New Scanned Cells Contribution: ,0,Area ratio: ,0.949137, Area ratio Contribution: ,0,Perim diff: ,1.05625, Perim diff Contribution: ,0,Frontier diff: ,0, Frontier diff Contribution ,0,Inverse Area ratio: ,0.917547, Inv Area Ratio Contribution: ,0,Inverse Perim ratio: ,1.06679, Inv Perim Contribution: ,0, Final Score: ,-215.009
Point: ,97,153,Repeat score:,1, Repeat contribution: ,-1,Dist:,38.8402, Dist contribution: ,-194.201, New scanned ratio: ,0.012975, New Scanned Cells Contribution: ,0,Area ratio: ,0.952628, Area ratio Contribution: ,0,Perim diff: ,1.05603, Perim diff Contribution: ,0,Frontier diff: ,0, Frontier diff Contribution ,0,Inverse Area ratio: ,0.919219, Inv Area Ratio Contribution: ,0,Inverse Perim ratio: ,1.06561, Inv Perim Contribution: ,0, Final Score: ,-195.201
Point: ,95,153,Repeat score:,1, Repeat contribution: ,-1,Dist:,37.2634, Dist contribution: ,-186.317, New scanned ratio: ,0.012975, New Scanned Cells Contribution: ,0,Area ratio: ,0.952209, Area ratio Contribution: ,0,Perim diff: ,1.05584, Perim diff Contribution: ,0,Frontier diff: ,0, Frontier diff Contribution ,0,Inverse Area ratio: ,0.919219, Inv Area Ratio Contribution: ,0,Inverse Perim ratio: ,1.06561, Inv Perim Contribution: ,0, Final Score: ,-187.317
Point: ,92,155,Repeat score:,1, Repeat contribution: ,-1,Dist:,36.7696, Dist contribution: ,-183.848, New scanned ratio: ,0.0147433, New Scanned Cells Contribution: ,0,Area ratio: ,0.947455, Area ratio Contribution: ,0,Perim diff: ,1.05555, Perim diff Contribution: ,0,Frontier diff: ,0, Frontier diff Contribution ,0,Inverse Area ratio: ,0.917568, Inv Area Ratio Contribution: ,0,Inverse Perim ratio: ,1.06691, Inv Perim Contribution: ,0, Final Score: ,-184.848
Point: ,87,155,Repeat score:,1, Repeat contribution: ,-1,Dist:,33.4215, Dist contribution: ,-167.108, New scanned ratio: ,0.0147433, New Scanned Cells Contribution: ,0,Area ratio: ,0.946322, Area ratio Contribution: ,0,Perim diff: ,1.05332, Perim diff Contribution: ,0,Frontier diff: ,0, Frontier diff Contribution ,0,Inverse Area ratio: ,0.917568, Inv Area Ratio Contribution: ,0,Inverse Perim ratio: ,1.06531, Inv Perim Contribution: ,0, Final Score: ,-168.108
Point: ,86,156,Repeat score:,1, Repeat contribution: ,-1,Dist:,33.8421, Dist contribution: ,-169.211, New scanned ratio: ,0.0156274, New Scanned Cells Contribution: ,0,Area ratio: ,0.94396, Area ratio Contribution: ,0,Perim diff: ,1.05449, Perim diff Contribution: ,0,Frontier diff: ,0, Frontier diff Contribution ,0,Inverse Area ratio: ,0.916716, Inv Area Ratio Contribution: ,0,Inverse Perim ratio: ,1.06731, Inv Perim Contribution: ,0, Final Score: ,-170.211
Point: ,85,155,Repeat score:,1, Repeat contribution: ,-1,Dist:,32.2025, Dist contribution: ,-161.012, New scanned ratio: ,0.0147433, New Scanned Cells Contribution: ,0,Area ratio: ,0.94583, Area ratio Contribution: ,0,Perim diff: ,1.05306, Perim diff Contribution: ,0,Frontier diff: ,0, Frontier diff Contribution ,0,Inverse Area ratio: ,0.917568, Inv Area Ratio Contribution: ,0,Inverse Perim ratio: ,1.06531, Inv Perim Contribution: ,0, Final Score: ,-162.012
Point: ,80,155,Repeat score:,1, Repeat contribution: ,-1,Dist:,29.5296, Dist contribution: ,-147.648, New scanned ratio: ,0.0147433, New Scanned Cells Contribution: ,0,Area ratio: ,0.944581, Area ratio Contribution: ,0,Perim diff: ,1.05399, Perim diff Contribution: ,0,Frontier diff: ,0, Frontier diff Contribution ,0,Inverse Area ratio: ,0.917589, Inv Area Ratio Contribution: ,0,Inverse Perim ratio: ,1.06696, Inv Perim Contribution: ,0, Final Score: ,-148.648
Point: ,77,153,Repeat score:,1, Repeat contribution: ,-1,Dist:,25.8565, Dist contribution: ,-129.283, New scanned ratio: ,0.012975, New Scanned Cells Contribution: ,0,Area ratio: ,0.948029, Area ratio Contribution: ,0,Perim diff: ,1.05386, Perim diff Contribution: ,0,Frontier diff: ,0, Frontier diff Contribution ,0,Inverse Area ratio: ,0.919304, Inv Area Ratio Contribution: ,0,Inverse Perim ratio: ,1.0658, Inv Perim Contribution: ,0, Final Score: ,-130.283
Point: ,75,153,Repeat score:,1, Repeat contribution: ,-1,Dist:,25.0711, Dist contribution: ,-125.355, New scanned ratio: ,0.012975, New Scanned Cells Contribution: ,0,Area ratio: ,0.947555, Area ratio Contribution: ,0,Perim diff: ,1.05643, Perim diff Contribution: ,0,Frontier diff: ,0, Frontier diff Contribution ,0,Inverse Area ratio: ,0.91923, Inv Area Ratio Contribution: ,0,Inverse Perim ratio: ,1.0688, Inv Perim Contribution: ,0, Final Score: ,-126.355
Point: ,72,155,Repeat score:,1, Repeat contribution: ,-1,Dist:,26.6833, Dist contribution: ,-133.417, New scanned ratio: ,0.0148759, New Scanned Cells Contribution: ,0,Area ratio: ,0.942653, Area ratio Contribution: ,0,Perim diff: ,1.05948, Perim diff Contribution: ,0,Frontier diff: ,0, Frontier diff Contribution ,0,Inverse Area ratio: ,0.91741, Inv Area Ratio Contribution: ,0,Inverse Perim ratio: ,1.07357, Inv Perim Contribution: ,0, Final Score: ,-134.417
Point: ,67,155,Repeat score:,1, Repeat contribution: ,-1,Dist:,26.0192, Dist contribution: ,-130.096, New scanned ratio: ,0.0155832, New Scanned Cells Contribution: ,0,Area ratio: ,0.942034, Area ratio Contribution: ,0,Perim diff: ,1.06305, Perim diff Contribution: ,0,Frontier diff: ,0, Frontier diff Contribution ,0,Inverse Area ratio: ,0.916705, Inv Area Ratio Contribution: ,0,Inverse Perim ratio: ,1.07798, Inv Perim Contribution: ,0, Final Score: ,-131.096
Point: ,66,156,Repeat score:,1, Repeat contribution: ,-1,Dist:,27.3, Dist contribution: ,-136.5, New scanned ratio: ,0.0166221, New Scanned Cells Contribution: ,0,Area ratio: ,0.939833, Area ratio Contribution: ,0,Perim diff: ,1.06486, Perim diff Contribution: ,0,Frontier diff: ,0, Frontier diff Contribution ,0,Inverse Area ratio: ,0.915695, Inv Area Ratio Contribution: ,0,Inverse Perim ratio: ,1.08082, Inv Perim Contribution: ,0, Final Score: ,-137.5
Point: ,65,155,Repeat score:,1, Repeat contribution: ,-1,Dist:,26.0192, Dist contribution: ,-130.096, New scanned ratio: ,0.0160253, New Scanned Cells Contribution: ,0,Area ratio: ,0.94194, Area ratio Contribution: ,0,Perim diff: ,1.0646, Perim diff Contribution: ,0,Frontier diff: ,0, Frontier diff Contribution ,0,Inverse Area ratio: ,0.916274, Inv Area Ratio Contribution: ,0,Inverse Perim ratio: ,1.07997, Inv Perim Contribution: ,0, Final Score: ,-131.096
Point: ,60,155,Repeat score:,1, Repeat contribution: ,-1,Dist:,26.6833, Dist contribution: ,-133.417, New scanned ratio: ,0.0174178, New Scanned Cells Contribution: ,0,Area ratio: ,0.942004, Area ratio Contribution: ,0,Perim diff: ,1.07072, Perim diff Contribution: ,0,Frontier diff: ,0, Frontier diff Contribution ,0,Inverse Area ratio: ,0.914854, Inv Area Ratio Contribution: ,0,Inverse Perim ratio: ,1.0871, Inv Perim Contribution: ,0, Final Score: ,-134.417
Point: ,54,152,Repeat score:,1, Repeat contribution: ,-1,Dist:,25.1478, Dist contribution: ,-125.739, New scanned ratio: ,0.0175505, New Scanned Cells Contribution: ,0,Area ratio: ,0.949428, Area ratio Contribution: ,0,Perim diff: ,1.07377, Perim diff Contribution: ,0,Frontier diff: ,0, Frontier diff Contribution ,0,Inverse Area ratio: ,0.914717, Inv Area Ratio Contribution: ,0,Inverse Perim ratio: ,1.08931, Inv Perim Contribution: ,0, Final Score: ,-126.739
Point: ,49,147,Repeat score:,1, Repeat contribution: ,-1,Dist:,23.0729, Dist contribution: ,-115.365, New scanned ratio: ,0.0163126, New Scanned Cells Contribution: ,0,Area ratio: ,0.962031, Area ratio Contribution: ,0,Perim diff: ,1.05428, Perim diff Contribution: ,0,Frontier diff: ,0, Frontier diff Contribution ,0,Inverse Area ratio: ,0.91889, Inv Area Ratio Contribution: ,0,Inverse Perim ratio: ,1.06726, Inv Perim Contribution: ,0, Final Score: ,-116.365
Point: ,46,141,Repeat score:,1, Repeat contribution: ,-1,Dist:,21.4672, Dist contribution: ,-107.336, New scanned ratio: ,0.0130634, New Scanned Cells Contribution: ,0,Area ratio: ,0.975866, Area ratio Contribution: ,0,Perim diff: ,1.04355, Perim diff Contribution: ,0,Frontier diff: ,0, Frontier diff Contribution ,0,Inverse Area ratio: ,0.922161, Inv Area Ratio Contribution: ,0,Inverse Perim ratio: ,1.05304, Inv Perim Contribution: ,0, Final Score: ,-108.336
Point: ,46,136,Repeat score:,1, Repeat contribution: ,-1,Dist:,20.0422, Dist contribution: ,-100.211, New scanned ratio: ,0.00946045, New Scanned Cells Contribution: ,0,Area ratio: ,0.986058, Area ratio Contribution: ,0,Perim diff: ,1.04068, Perim diff Contribution: ,0,Frontier diff: ,0, Frontier diff Contribution ,0,Inverse Area ratio: ,0.925685, Inv Area Ratio Contribution: ,0,Inverse Perim ratio: ,1.04701, Inv Perim Contribution: ,0, Final Score: ,-101.211
Point: ,45,135,Repeat score:,1, Repeat contribution: ,-1,Dist:,21, Dist contribution: ,-105, New scanned ratio: ,0.0091952, New Scanned Cells Contribution: ,0,Area ratio: ,0.987875, Area ratio Contribution: ,0,Perim diff: ,1.03814, Perim diff Contribution: ,0,Frontier diff: ,0, Frontier diff Contribution ,0,Inverse Area ratio: ,0.925959, Inv Area Ratio Contribution: ,0,Inverse Perim ratio: ,1.04412, Inv Perim Contribution: ,0, Final Score: ,-106
Point: ,40,135,Repeat score:,1, Repeat contribution: ,-1,Dist:,26, Dist contribution: ,-130, New scanned ratio: ,0.0110519, New Scanned Cells Contribution: ,0,Area ratio: ,0.988231, Area ratio Contribution: ,0,Perim diff: ,1.04054, Perim diff Contribution: ,0,Frontier diff: ,0, Frontier diff Contribution ,0,Inverse Area ratio: ,0.924176, Inv Area Ratio Contribution: ,0,Inverse Perim ratio: ,1.04736, Inv Perim Contribution: ,0, Final Score: ,-131
Point: ,36,133,Repeat score:,1, Repeat contribution: ,-1,Dist:,30.1125, Dist contribution: ,-150.562, New scanned ratio: ,0.0110077, New Scanned Cells Contribution: ,0,Area ratio: ,0.988792, Area ratio Contribution: ,0,Perim diff: ,1.04003, Perim diff Contribution: ,0,Frontier diff: ,0, Frontier diff Contribution ,0,Inverse Area ratio: ,0.924634, Inv Area Ratio Contribution: ,0,Inverse Perim ratio: ,1.04641, Inv Perim Contribution: ,0, Final Score: ,-151.562
Point: ,33,135,Repeat score:,1, Repeat contribution: ,-1,Dist:,33, Dist contribution: ,-165, New scanned ratio: ,0.0135054, New Scanned Cells Contribution: ,0,Area ratio: ,0.988679, Area ratio Contribution: ,0,Perim diff: ,1.04105, Perim diff Contribution: ,0,Frontier diff: ,0, Frontier diff Contribution ,0,Inverse Area ratio: ,0.924569, Inv Area Ratio Contribution: ,0,Inverse Perim ratio: ,1.04953, Inv Perim Contribution: ,0, Final Score: ,-166
Point: ,28,135,Repeat score:,1, Repeat contribution: ,-1,Dist:,38, Dist contribution: ,-190, New scanned ratio: ,0.0146548, New Scanned Cells Contribution: ,0,Area ratio: ,0.988241, Area ratio Contribution: ,0,Perim diff: ,1.04481, Perim diff Contribution: ,0,Frontier diff: ,0, Frontier diff Contribution ,0,Inverse Area ratio: ,0.923426, Inv Area Ratio Contribution: ,0,Inverse Perim ratio: ,1.05519, Inv Perim Contribution: ,0, Final Score: ,-191
Point: ,27,136,Repeat score:,1, Repeat contribution: ,-1,Dist:,39.0217, Dist contribution: ,-195.108, New scanned ratio: ,0.0156716, New Scanned Cells Contribution: ,0,Area ratio: ,0.986485, Area ratio Contribution: ,0,Perim diff: ,1.04672, Perim diff Contribution: ,0,Frontier diff: ,0, Frontier diff Contribution ,0,Inverse Area ratio: ,0.922378, Inv Area Ratio Contribution: ,0,Inverse Perim ratio: ,1.05818, Inv Perim Contribution: ,0, Final Score: ,-196.108
Point: ,26,135,Repeat score:,1, Repeat contribution: ,-1,Dist:,40, Dist contribution: ,-200, New scanned ratio: ,0.0148538, New Scanned Cells Contribution: ,0,Area ratio: ,0.987652, Area ratio Contribution: ,0,Perim diff: ,1.05786, Perim diff Contribution: ,0,Frontier diff: ,0, Frontier diff Contribution ,0,Inverse Area ratio: ,0.923045, Inv Area Ratio Contribution: ,0,Inverse Perim ratio: ,1.06857, Inv Perim Contribution: ,0, Final Score: ,-201
BEST Point:,46,136, Score: ,-101.211
COUNT COMMAND: 1
Total frontiers: ,104, Prioritised frontiers: ,27
At: ,46,135,
Point: ,80,155,Repeat score:,1, Repeat contribution: ,-1,Dist:,42.8019, Dist contribution: ,-214.009, New scanned ratio: ,0.0146147, New Scanned Cells Contribution: ,0,Area ratio: ,0.952849, Area ratio Contribution: ,0,Perim diff: ,1.05401, Perim diff Contribution: ,0,Frontier diff: ,0, Frontier diff Contribution ,0,Inverse Area ratio: ,0.911957, Inv Area Ratio Contribution: ,0,Inverse Perim ratio: ,1.06697, Inv Perim Contribution: ,0, Final Score: ,-215.009
Point: ,77,153,Repeat score:,1, Repeat contribution: ,-1,Dist:,38.8402, Dist contribution: ,-194.201, New scanned ratio: ,0.0128618, New Scanned Cells Contribution: ,0,Area ratio: ,0.956384, Area ratio Contribution: ,0,Perim diff: ,1.05381, Perim diff Contribution: ,0,Frontier diff: ,0, Frontier diff Contribution ,0,Inverse Area ratio: ,0.913635, Inv Area Ratio Contribution: ,0,Inverse Perim ratio: ,1.06579, Inv Perim Contribution: ,0, Final Score: ,-195.201
Point: ,75,153,Repeat score:,1, Repeat contribution: ,-1,Dist:,37.2634, Dist contribution: ,-186.317, New scanned ratio: ,0.0128618, New Scanned Cells Contribution: ,0,Area ratio: ,0.955885, Area ratio Contribution: ,0,Perim diff: ,1.05351, Perim diff Contribution: ,0,Frontier diff: ,0, Frontier diff Contribution ,0,Inverse Area ratio: ,0.913635, Inv Area Ratio Contribution: ,0,Inverse Perim ratio: ,1.06579, Inv Perim Contribution: ,0, Final Score: ,-187.317
Point: ,72,155,Repeat score:,1, Repeat contribution: ,-1,Dist:,36.7696, Dist contribution: ,-183.848, New scanned ratio: ,0.0146147, New Scanned Cells Contribution: ,0,Area ratio: ,0.950853, Area ratio Contribution: ,0,Perim diff: ,1.05281, Perim diff Contribution: ,0,Frontier diff: ,0, Frontier diff Contribution ,0,Inverse Area ratio: ,0.911978, Inv Area Ratio Contribution: ,0,Inverse Perim ratio: ,1.06709, Inv Perim Contribution: ,0, Final Score: ,-184.848
Point: ,67,155,Repeat score:,1, Repeat contribution: ,-1,Dist:,33.4215, Dist contribution: ,-167.108, New scanned ratio: ,0.0146147, New Scanned Cells Contribution: ,0,Area ratio: ,0.949643, Area ratio Contribution: ,0,Perim diff: ,1.05019, Perim diff Contribution: ,0,Frontier diff: ,0, Frontier diff Contribution ,0,Inverse Area ratio: ,0.911978, Inv Area Ratio Contribution: ,0,Inverse Perim ratio: ,1.0655, Inv Perim Contribution: ,0, Final Score: ,-168.108
Point: ,66,156,Repeat score:,1, Repeat contribution: ,-1,Dist:,33.8421, Dist contribution: ,-169.211, New scanned ratio: ,0.0154911, New Scanned Cells Contribution: ,0,Area ratio: ,0.947283, Area ratio Contribution: ,0,Perim diff: ,1.05115, Perim diff Contribution: ,0,Frontier diff: ,0, Frontier diff Contribution ,0,Inverse Area ratio: ,0.911124, Inv Area Ratio Contribution: ,0,Inverse Perim ratio: ,1.06749, Inv Perim Contribution: ,0, Final Score: ,-170.211
Point: ,65,155,Repeat score:,1, Repeat contribution: ,-1,Dist:,32.2025, Dist contribution: ,-161.012, New scanned ratio: ,0.0146147, New Scanned Cells Contribution: ,0,Area ratio: ,0.949152, Area ratio Contribution: ,0,Perim diff: ,1.04975, Perim diff Contribution: ,0,Frontier diff: ,0, Frontier diff Contribution ,0,Inverse Area ratio: ,0.911978, Inv Area Ratio Contribution: ,0,Inverse Perim ratio: ,1.0655, Inv Perim Contribution: ,0, Final Score: ,-162.012
Point: ,60,155,Repeat score:,1, Repeat contribution: ,-1,Dist:,29.5296, Dist contribution: ,-147.648, New scanned ratio: ,0.0146147, New Scanned Cells Contribution: ,0,Area ratio: ,0.947905, Area ratio Contribution: ,0,Perim diff: ,1.05019, Perim diff Contribution: ,0,Frontier diff: ,0, Frontier diff Contribution ,0,Inverse Area ratio: ,0.911999, Inv Area Ratio Contribution: ,0,Inverse Perim ratio: ,1.06714, Inv Perim Contribution: ,0, Final Score: ,-148.648
Point: ,57,153,Repeat score:,1, Repeat contribution: ,-1,Dist:,25.8565, Dist contribution: ,-129.283, New scanned ratio: ,0.0128618, New Scanned Cells Contribution: ,0,Area ratio: ,0.951353, Area ratio Contribution: ,0,Perim diff: ,1.05002, Perim diff Contribution: ,0,Frontier diff: ,0, Frontier diff Contribution ,0,Inverse Area ratio: ,0.913719, Inv Area Ratio Contribution: ,0,Inverse Perim ratio: ,1.06598, Inv Perim Contribution: ,0, Final Score: ,-130.283
Point: ,55,153,Repeat score:,1, Repeat contribution: ,-1,Dist:,25.0711, Dist contribution: ,-125.355, New scanned ratio: ,0.0128618, New Scanned Cells Contribution: ,0,Area ratio: ,0.95088, Area ratio Contribution: ,0,Perim diff: ,1.05235, Perim diff Contribution: ,0,Frontier diff: ,0, Frontier diff Contribution ,0,Inverse Area ratio: ,0.913645, Inv Area Ratio Contribution: ,0,Inverse Perim ratio: ,1.06898, Inv Perim Contribution: ,0, Final Score: ,-126.355
Point: ,52,155,Repeat score:,1, Repeat contribution: ,-1,Dist:,26.6833, Dist contribution: ,-133.417, New scanned ratio: ,0.0147462, New Scanned Cells Contribution: ,0,Area ratio: ,0.945981, Area ratio Contribution: ,0,Perim diff: ,1.05466, Perim diff Contribution: ,0,Frontier diff: ,0, Frontier diff Contribution ,0,Inverse Area ratio: ,0.91182, Inv Area Ratio Contribution: ,0,Inverse Perim ratio: ,1.07375, Inv Perim Contribution: ,0, Final Score: ,-134.417
Point: ,47,155,Repeat score:,1, Repeat contribution: ,-1,Dist:,26.0192, Dist contribution: ,-130.096, New scanned ratio: ,0.0154473, New Scanned Cells Contribution: ,0,Area ratio: ,0.945205, Area ratio Contribution: ,0,Perim diff: ,1.05741, Perim diff Contribution: ,0,Frontier diff: ,0, Frontier diff Contribution ,0,Inverse Area ratio: ,0.911113, Inv Area Ratio Contribution: ,0,Inverse Perim ratio: ,1.07816, Inv Perim Contribution: ,0, Final Score: ,-131.096
Point: ,46,156,Repeat score:,1, Repeat contribution: ,-1,Dist:,27.3, Dist contribution: ,-136.5, New scanned ratio: ,0.0164771, New Scanned Cells Contribution: ,0,Area ratio: ,0.942928, Area ratio Contribution: ,0,Perim diff: ,1.05884, Perim diff Contribution: ,0,Frontier diff: ,0, Frontier diff Contribution ,0,Inverse Area ratio: ,0.9101, Inv Area Ratio Contribution: ,0,Inverse Perim ratio: ,1.081, Inv Perim Contribution: ,0, Final Score: ,-137.5
Point: ,45,155,Repeat score:,1, Repeat contribution: ,-1,Dist:,26.0192, Dist contribution: ,-130.096, New scanned ratio: ,0.0158855, New Scanned Cells Contribution: ,0,Area ratio: ,0.945032, Area ratio Contribution: ,0,Perim diff: ,1.05857, Perim diff Contribution: ,0,Frontier diff: ,0, Frontier diff Contribution ,0,Inverse Area ratio: ,0.91068, Inv Area Ratio Contribution: ,0,Inverse Perim ratio: ,1.08015, Inv Perim Contribution: ,0, Final Score: ,-131.096
Point: ,40,155,Repeat score:,1, Repeat contribution: ,-1,Dist:,26.6833, Dist contribution: ,-133.417, New scanned ratio: ,0.0172659, New Scanned Cells Contribution: ,0,Area ratio: ,0.944898, Area ratio Contribution: ,0,Perim diff: ,1.06355, Perim diff Contribution: ,0,Frontier diff: ,0, Frontier diff Contribution ,0,Inverse Area ratio: ,0.909256, Inv Area Ratio Contribution: ,0,Inverse Perim ratio: ,1.08728, Inv Perim Contribution: ,0, Final Score: ,-134.417
Point: ,34,152,Repeat score:,1, Repeat contribution: ,-1,Dist:,25.1478, Dist contribution: ,-125.739, New scanned ratio: ,0.0173974, New Scanned Cells Contribution: ,0,Area ratio: ,0.952173, Area ratio Contribution: ,0,Perim diff: ,1.06524, Perim diff Contribution: ,0,Frontier diff: ,0, Frontier diff Contribution ,0,Inverse Area ratio: ,0.909119, Inv Area Ratio Contribution: ,0,Inverse Perim ratio: ,1.08949, Inv Perim Contribution: ,0, Final Score: ,-126.739
Point: ,29,147,Repeat score:,1, Repeat contribution: ,-1,Dist:,23.0729, Dist contribution: ,-115.365, New scanned ratio: ,0.0162361, New Scanned Cells Contribution: ,0,Area ratio: ,0.964775, Area ratio Contribution: ,0,Perim diff: ,1.04858, Perim diff Contribution: ,0,Frontier diff: ,0, Frontier diff Contribution ,0,Inverse Area ratio: ,0.913213, Inv Area Ratio Contribution: ,0,Inverse Perim ratio: ,1.07008, Inv Perim Contribution: ,0, Final Score: ,-116.365
Point: ,26,141,Repeat score:,1, Repeat contribution: ,-1,Dist:,21.4672, Dist contribution: ,-107.336, New scanned ratio: ,0.0131467, New Scanned Cells Contribution: ,0,Area ratio: ,0.97863, Area ratio Contribution: ,0,Perim diff: ,1.03864, Perim diff Contribution: ,0,Frontier diff: ,0, Frontier diff Contribution ,0,Inverse Area ratio: ,0.916335, Inv Area Ratio Contribution: ,0,Inverse Perim ratio: ,1.05592, Inv Perim Contribution: ,0, Final Score: ,-108.336
Point: ,26,136,Repeat score:,1, Repeat contribution: ,-1,Dist:,20.0422, Dist contribution: ,-100.211, New scanned ratio: ,0.00959706, New Scanned Cells Contribution: ,0,Area ratio: ,0.988873, Area ratio Contribution: ,0,Perim diff: ,1.03589, Perim diff Contribution: ,0,Frontier diff: ,0, Frontier diff Contribution ,0,Inverse Area ratio: ,0.919849, Inv Area Ratio Contribution: ,0,Inverse Perim ratio: ,1.04815, Inv Perim Contribution: ,0, Final Score: ,-101.211
Point: ,25,135,Repeat score:,1, Repeat contribution: ,-1,Dist:,21, Dist contribution: ,-105, New scanned ratio: ,0.00935603, New Scanned Cells Contribution: ,0,Area ratio: ,0.990685, Area ratio Contribution: ,0,Perim diff: ,1.03515, Perim diff Contribution: ,0,Frontier diff: ,0, Frontier diff Contribution ,0,Inverse Area ratio: ,0.920103, Inv Area Ratio Contribution: ,0,Inverse Perim ratio: ,1.047, Inv Perim Contribution: ,0, Final Score: ,-106
Point: ,21,135,Repeat score:,1, Repeat contribution: ,-1,Dist:,25, Dist contribution: ,-125, New scanned ratio: ,0.0109336, New Scanned Cells Contribution: ,0,Area ratio: ,0.990753, Area ratio Contribution: ,0,Perim diff: ,1.03329, Perim diff Contribution: ,0,Frontier diff: ,0, Frontier diff Contribution ,0,Inverse Area ratio: ,0.918413, Inv Area Ratio Contribution: ,0,Inverse Perim ratio: ,1.04813, Inv Perim Contribution: ,0, Final Score: ,-126
Point: ,18,133,Repeat score:,1, Repeat contribution: ,-1,Dist:,28.1205, Dist contribution: ,-140.602, New scanned ratio: ,0.0104735, New Scanned Cells Contribution: ,0,Area ratio: ,0.990598, Area ratio Contribution: ,0,Perim diff: ,1.03283, Perim diff Contribution: ,0,Frontier diff: ,0, Frontier diff Contribution ,0,Inverse Area ratio: ,0.946161, Inv Area Ratio Contribution: ,0,Inverse Perim ratio: ,1.03924, Inv Perim Contribution: ,0, Final Score: ,-141.602
Point: ,15,133,Repeat score:,1, Repeat contribution: ,-1,Dist:,31.1088, Dist contribution: ,-155.544, New scanned ratio: ,0.0107583, New Scanned Cells Contribution: ,0,Area ratio: ,0.990193, Area ratio Contribution: ,0,Perim diff: ,1.03349, Perim diff Contribution: ,0,Frontier diff: ,0, Frontier diff Contribution ,0,Inverse Area ratio: ,0.961594, Inv Area Ratio Contribution: ,0,Inverse Perim ratio: ,1.03694, Inv Perim Contribution: ,0, Final Score: ,-156.544
Point: ,14,134,Repeat score:,1, Repeat contribution: ,-1,Dist:,32.0264, Dist contribution: ,-160.132, New scanned ratio: ,0.0114157, New Scanned Cells Contribution: ,0,Area ratio: ,0.990028, Area ratio Contribution: ,0,Perim diff: ,1.03421, Perim diff Contribution: ,0,Frontier diff: ,0, Frontier diff Contribution ,0,Inverse Area ratio: ,0.964122, Inv Area Ratio Contribution: ,0,Inverse Perim ratio: ,1.03728, Inv Perim Contribution: ,0, Final Score: ,-161.132
Point: ,9,134,Repeat score:,1, Repeat contribution: ,-1,Dist:,37.0228, Dist contribution: ,-185.114, New scanned ratio: ,0.0108022, New Scanned Cells Contribution: ,0,Area ratio: ,0.988874, Area ratio Contribution: ,0,Perim diff: ,1.04068, Perim diff Contribution: ,0,Frontier diff: ,0, Frontier diff Contribution ,0,Inverse Area ratio: ,0.949832, Inv Area Ratio Contribution: ,0,Inverse Perim ratio: ,1.04118, Inv Perim Contribution: ,0, Final Score: ,-186.114
Point: ,8,135,Repeat score:,1, Repeat contribution: ,-1,Dist:,38, Dist contribution: ,-190, New scanned ratio: ,0.0111747, New Scanned Cells Contribution: ,0,Area ratio: ,0.9886, Area ratio Contribution: ,0,Perim diff: ,1.04279, Perim diff Contribution: ,0,Frontier diff: ,0, Frontier diff Contribution ,0,Inverse Area ratio: ,0.946933, Inv Area Ratio Contribution: ,0,Inverse Perim ratio: ,1.04195, Inv Perim Contribution: ,0, Final Score: ,-191
Point: ,7,134,Repeat score:,1, Repeat contribution: ,-1,Dist:,39.0217, Dist contribution: ,-195.108, New scanned ratio: ,0.0103201, New Scanned Cells Contribution: ,0,Area ratio: ,0.988259, Area ratio Contribution: ,0,Perim diff: ,1.04337, Perim diff Contribution: ,0,Frontier diff: ,0, Frontier diff Contribution ,0,Inverse Area ratio: ,0.944351, Inv Area Ratio Contribution: ,0,Inverse Perim ratio: ,1.04233, Inv Perim Contribution: ,0, Final Score: ,-196.108
BEST Point:,26,136, Score: ,-101.211
COUNT COMMAND: 1
Total frontiers: ,105, Prioritised frontiers: ,23
At: ,26,135,
Point: ,0,133,Repeat score:,1, Repeat contribution: ,-1,Dist:,26.1297, Dist contribution: ,-130.648, New scanned ratio: ,0.00351814, New Scanned Cells Contribution: ,0,Area ratio: ,0.990316, Area ratio Contribution: ,0,Perim diff: ,1.03361, Perim diff Contribution: ,0,Frontier diff: ,0, Frontier diff Contribution ,0,Inverse Area ratio: ,0.97014, Inv Area Ratio Contribution: ,0,Inverse Perim ratio: ,1.03434, Inv Perim Contribution: ,0, Final Score: ,-131.648
Point: ,60,155,Repeat score:,1, Repeat contribution: ,-1,Dist:,42.8019, Dist contribution: ,-214.009, New scanned ratio: ,0.0144852, New Scanned Cells Contribution: ,0,Area ratio: ,0.952538, Area ratio Contribution: ,0,Perim diff: ,1.05147, Perim diff Contribution: ,0,Frontier diff: ,0, Frontier diff Contribution ,0,Inverse Area ratio: ,0.906079, Inv Area Ratio Contribution: ,0,Inverse Perim ratio: ,1.06985, Inv Perim Contribution: ,0, Final Score: ,-215.009
Point: ,57,153,Repeat score:,1, Repeat contribution: ,-1,Dist:,38.8402, Dist contribution: ,-194.201, New scanned ratio: ,0.0127478, New Scanned Cells Contribution: ,0,Area ratio: ,0.956326, Area ratio Contribution: ,0,Perim diff: ,1.05125, Perim diff Contribution: ,0,Frontier diff: ,0, Frontier diff Contribution ,0,Inverse Area ratio: ,0.907762, Inv Area Ratio Contribution: ,0,Inverse Perim ratio: ,1.06867, Inv Perim Contribution: ,0, Final Score: ,-195.201
Point: ,55,153,Repeat score:,1, Repeat contribution: ,-1,Dist:,37.2634, Dist contribution: ,-186.317, New scanned ratio: ,0.0127478, New Scanned Cells Contribution: ,0,Area ratio: ,0.956207, Area ratio Contribution: ,0,Perim diff: ,1.05092, Perim diff Contribution: ,0,Frontier diff: ,0, Frontier diff Contribution ,0,Inverse Area ratio: ,0.907762, Inv Area Ratio Contribution: ,0,Inverse Perim ratio: ,1.06867, Inv Perim Contribution: ,0, Final Score: ,-187.317
Point: ,52,155,Repeat score:,1, Repeat contribution: ,-1,Dist:,36.7696, Dist contribution: ,-183.848, New scanned ratio: ,0.0144852, New Scanned Cells Contribution: ,0,Area ratio: ,0.952047, Area ratio Contribution: ,0,Perim diff: ,1.05004, Perim diff Contribution: ,0,Frontier diff: ,0, Frontier diff Contribution ,0,Inverse Area ratio: ,0.906101, Inv Area Ratio Contribution: ,0,Inverse Perim ratio: ,1.06997, Inv Perim Contribution: ,0, Final Score: ,-184.848
Point: ,47,155,Repeat score:,1, Repeat contribution: ,-1,Dist:,33.4215, Dist contribution: ,-167.108, New scanned ratio: ,0.0144852, New Scanned Cells Contribution: ,0,Area ratio: ,0.951774, Area ratio Contribution: ,0,Perim diff: ,1.04705, Perim diff Contribution: ,0,Frontier diff: ,0, Frontier diff Contribution ,0,Inverse Area ratio: ,0.906101, Inv Area Ratio Contribution: ,0,Inverse Perim ratio: ,1.06838, Inv Perim Contribution: ,0, Final Score: ,-168.108
Point: ,46,156,Repeat score:,1, Repeat contribution: ,-1,Dist:,33.8421, Dist contribution: ,-169.211, New scanned ratio: ,0.0153539, New Scanned Cells Contribution: ,0,Area ratio: ,0.949666, Area ratio Contribution: ,0,Perim diff: ,1.04775, Perim diff Contribution: ,0,Frontier diff: ,0, Frontier diff Contribution ,0,Inverse Area ratio: ,0.905243, Inv Area Ratio Contribution: ,0,Inverse Perim ratio: ,1.07037, Inv Perim Contribution: ,0, Final Score: ,-170.211
Point: ,45,155,Repeat score:,1, Repeat contribution: ,-1,Dist:,32.2025, Dist contribution: ,-161.012, New scanned ratio: ,0.0144852, New Scanned Cells Contribution: ,0,Area ratio: ,0.951578, Area ratio Contribution: ,0,Perim diff: ,1.04637, Perim diff Contribution: ,0,Frontier diff: ,0, Frontier diff Contribution ,0,Inverse Area ratio: ,0.906101, Inv Area Ratio Contribution: ,0,Inverse Perim ratio: ,1.06838, Inv Perim Contribution: ,0, Final Score: ,-162.012
Point: ,40,155,Repeat score:,1, Repeat contribution: ,-1,Dist:,29.5296, Dist contribution: ,-147.648, New scanned ratio: ,0.0144852, New Scanned Cells Contribution: ,0,Area ratio: ,0.950873, Area ratio Contribution: ,0,Perim diff: ,1.0459, Perim diff Contribution: ,0,Frontier diff: ,0, Frontier diff Contribution ,0,Inverse Area ratio: ,0.906122, Inv Area Ratio Contribution: ,0,Inverse Perim ratio: ,1.07002, Inv Perim Contribution: ,0, Final Score: ,-148.648
Point: ,37,153,Repeat score:,1, Repeat contribution: ,-1,Dist:,25.8565, Dist contribution: ,-129.283, New scanned ratio: ,0.0127478, New Scanned Cells Contribution: ,0,Area ratio: ,0.954377, Area ratio Contribution: ,0,Perim diff: ,1.0454, Perim diff Contribution: ,0,Frontier diff: ,0, Frontier diff Contribution ,0,Inverse Area ratio: ,0.907847, Inv Area Ratio Contribution: ,0,Inverse Perim ratio: ,1.06886, Inv Perim Contribution: ,0, Final Score: ,-130.283
Point: ,35,153,Repeat score:,1, Repeat contribution: ,-1,Dist:,25.0711, Dist contribution: ,-125.355, New scanned ratio: ,0.0127478, New Scanned Cells Contribution: ,0,Area ratio: ,0.953826, Area ratio Contribution: ,0,Perim diff: ,1.04714, Perim diff Contribution: ,0,Frontier diff: ,0, Frontier diff Contribution ,0,Inverse Area ratio: ,0.907773, Inv Area Ratio Contribution: ,0,Inverse Perim ratio: ,1.07186, Inv Perim Contribution: ,0, Final Score: ,-126.355
Point: ,32,155,Repeat score:,1, Repeat contribution: ,-1,Dist:,26.6833, Dist contribution: ,-133.417, New scanned ratio: ,0.0146155, New Scanned Cells Contribution: ,0,Area ratio: ,0.948652, Area ratio Contribution: ,0,Perim diff: ,1.04798, Perim diff Contribution: ,0,Frontier diff: ,0, Frontier diff Contribution ,0,Inverse Area ratio: ,0.905942, Inv Area Ratio Contribution: ,0,Inverse Perim ratio: ,1.07663, Inv Perim Contribution: ,0, Final Score: ,-134.417
Point: ,27,155,Repeat score:,1, Repeat contribution: ,-1,Dist:,26.0192, Dist contribution: ,-130.096, New scanned ratio: ,0.0153104, New Scanned Cells Contribution: ,0,Area ratio: ,0.947547, Area ratio Contribution: ,0,Perim diff: ,1.04868, Perim diff Contribution: ,0,Frontier diff: ,0, Frontier diff Contribution ,0,Inverse Area ratio: ,0.905233, Inv Area Ratio Contribution: ,0,Inverse Perim ratio: ,1.08104, Inv Perim Contribution: ,0, Final Score: ,-131.096
Point: ,26,156,Repeat score:,1, Repeat contribution: ,-1,Dist:,27.3, Dist contribution: ,-136.5, New scanned ratio: ,0.0163311, New Scanned Cells Contribution: ,0,Area ratio: ,0.94519, Area ratio Contribution: ,0,Perim diff: ,1.0494, Perim diff Contribution: ,0,Frontier diff: ,0, Frontier diff Contribution ,0,Inverse Area ratio: ,0.904217, Inv Area Ratio Contribution: ,0,Inverse Perim ratio: ,1.08388, Inv Perim Contribution: ,0, Final Score: ,-137.5
Point: ,25,155,Repeat score:,1, Repeat contribution: ,-1,Dist:,26.0192, Dist contribution: ,-130.096, New scanned ratio: ,0.0157448, New Scanned Cells Contribution: ,0,Area ratio: ,0.947258, Area ratio Contribution: ,0,Perim diff: ,1.04888, Perim diff Contribution: ,0,Frontier diff: ,0, Frontier diff Contribution ,0,Inverse Area ratio: ,0.904799, Inv Area Ratio Contribution: ,0,Inverse Perim ratio: ,1.08303, Inv Perim Contribution: ,0, Final Score: ,-131.096
Point: ,20,155,Repeat score:,1, Repeat contribution: ,-1,Dist:,26.6833, Dist contribution: ,-133.417, New scanned ratio: ,0.0171129, New Scanned Cells Contribution: ,0,Area ratio: ,0.946609, Area ratio Contribution: ,0,Perim diff: ,1.05095, Perim diff Contribution: ,0,Frontier diff: ,-1, Frontier diff Contribution ,-0,Inverse Area ratio: ,0.966868, Inv Area Ratio Contribution: ,0,Inverse Perim ratio: ,1.05618, Inv Perim Contribution: ,0, Final Score: ,-134.417
Point: ,14,152,Repeat score:,1, Repeat contribution: ,-1,Dist:,25.1478, Dist contribution: ,-125.739, New scanned ratio: ,0.0150064, New Scanned Cells Contribution: ,0,Area ratio: ,0.953353, Area ratio Contribution: ,0,Perim diff: ,1.04939, Perim diff Contribution: ,0,Frontier diff: ,-1, Frontier diff Contribution ,-0,Inverse Area ratio: ,0.974003, Inv Area Ratio Contribution: ,0,Inverse Perim ratio: ,1.04262, Inv Perim Contribution: ,0, Final Score: ,-126.739
Point: ,9,147,Repeat score:,1, Repeat contribution: ,-1,Dist:,23.0729, Dist contribution: ,-115.365, New scanned ratio: ,0.0107065, New Scanned Cells Contribution: ,0,Area ratio: ,0.964535, Area ratio Contribution: ,0,Perim diff: ,1.03577, Perim diff Contribution: ,0,Frontier diff: ,0, Frontier diff Contribution ,0,Inverse Area ratio: ,0.978069, Inv Area Ratio Contribution: ,0,Inverse Perim ratio: ,1.03695, Inv Perim Contribution: ,0, Final Score: ,-116.365
Point: ,6,141,Repeat score:,1, Repeat contribution: ,-1,Dist:,21.4672, Dist contribution: ,-107.336, New scanned ratio: ,0.00697114, New Scanned Cells Contribution: ,0,Area ratio: ,0.978008, Area ratio Contribution: ,0,Perim diff: ,1.03338, Perim diff Contribution: ,0,Frontier diff: ,0, Frontier diff Contribution ,0,Inverse Area ratio: ,0.980108, Inv Area Ratio Contribution: ,0,Inverse Perim ratio: ,1.03452, Inv Perim Contribution: ,0, Final Score: ,-108.336
Point: ,6,136,Repeat score:,1, Repeat contribution: ,-1,Dist:,20.0422, Dist contribution: ,-100.211, New scanned ratio: ,0.00484288, New Scanned Cells Contribution: ,0,Area ratio: ,0.988789, Area ratio Contribution: ,0,Perim diff: ,1.03309, Perim diff Contribution: ,0,Frontier diff: ,0, Frontier diff Contribution ,0,Inverse Area ratio: ,0.979431, Inv Area Ratio Contribution: ,0,Inverse Perim ratio: ,1.03459, Inv Perim Contribution: ,0, Final Score: ,-101.211
Point: ,5,135,Repeat score:,1, Repeat contribution: ,-1,Dist:,21, Dist contribution: ,-105, New scanned ratio: ,0.00443026, New Scanned Cells Contribution: ,0,Area ratio: ,0.990645, Area ratio Contribution: ,0,Perim diff: ,1.03286, Perim diff Contribution: ,0,Frontier diff: ,0, Frontier diff Contribution ,0,Inverse Area ratio: ,0.979462, Inv Area Ratio Contribution: ,0,Inverse Perim ratio: ,1.03444, Inv Perim Contribution: ,0, Final Score: ,-106
Point: ,6,134,Repeat score:,1, Repeat contribution: ,-1,Dist:,20.0422, Dist contribution: ,-100.211, New scanned ratio: ,0.00412622, New Scanned Cells Contribution: ,0,Area ratio: ,0.990707, Area ratio Contribution: ,0,Perim diff: ,1.03314, Perim diff Contribution: ,0,Frontier diff: ,0, Frontier diff Contribution ,0,Inverse Area ratio: ,0.976366, Inv Area Ratio Contribution: ,0,Inverse Perim ratio: ,1.03468, Inv Perim Contribution: ,0, Final Score: ,-101.211
Point: ,2,134,Repeat score:,1, Repeat contribution: ,-1,Dist:,24.0352, Dist contribution: ,-120.176, New scanned ratio: ,0.00393077, New Scanned Cells Contribution: ,0,Area ratio: ,0.990437, Area ratio Contribution: ,0,Perim diff: ,1.03328, Perim diff Contribution: ,0,Frontier diff: ,0, Frontier diff Contribution ,0,Inverse Area ratio: ,0.973168, Inv Area Ratio Contribution: ,0,Inverse Perim ratio: ,1.03476, Inv Perim Contribution: ,0, Final Score: ,-121.176
BEST Point:,6,136, Score: ,-101.211
COUNT COMMAND: 1
Total frontiers: ,104, Prioritised frontiers: ,15
At: ,6,135,
Point: ,40,155,Repeat score:,1, Repeat contribution: ,-1,Dist:,42.8019, Dist contribution: ,-214.009, New scanned ratio: ,0.0144207, New Scanned Cells Contribution: ,0,Area ratio: ,0.949449, Area ratio Contribution: ,0,Perim diff: ,1.04855, Perim diff Contribution: ,0,Frontier diff: ,0, Frontier diff Contribution ,0,Inverse Area ratio: ,0.964067, Inv Area Ratio Contribution: ,0,Inverse Perim ratio: ,1.05787, Inv Perim Contribution: ,0, Final Score: ,-215.009
Point: ,37,153,Repeat score:,1, Repeat contribution: ,-1,Dist:,38.8402, Dist contribution: ,-194.201, New scanned ratio: ,0.0126911, New Scanned Cells Contribution: ,0,Area ratio: ,0.953554, Area ratio Contribution: ,0,Perim diff: ,1.04831, Perim diff Contribution: ,0,Frontier diff: ,0, Frontier diff Contribution ,0,Inverse Area ratio: ,0.965931, Inv Area Ratio Contribution: ,0,Inverse Perim ratio: ,1.05667, Inv Perim Contribution: ,0, Final Score: ,-195.201
Point: ,35,153,Repeat score:,1, Repeat contribution: ,-1,Dist:,37.2634, Dist contribution: ,-186.317, New scanned ratio: ,0.0126911, New Scanned Cells Contribution: ,0,Area ratio: ,0.953495, Area ratio Contribution: ,0,Perim diff: ,1.04797, Perim diff Contribution: ,0,Frontier diff: ,0, Frontier diff Contribution ,0,Inverse Area ratio: ,0.968231, Inv Area Ratio Contribution: ,0,Inverse Perim ratio: ,1.05675, Inv Perim Contribution: ,0, Final Score: ,-187.317
Point: ,32,155,Repeat score:,1, Repeat contribution: ,-1,Dist:,36.7696, Dist contribution: ,-183.848, New scanned ratio: ,0.0144207, New Scanned Cells Contribution: ,0,Area ratio: ,0.949196, Area ratio Contribution: ,0,Perim diff: ,1.04699, Perim diff Contribution: ,0,Frontier diff: ,0, Frontier diff Contribution ,0,Inverse Area ratio: ,0.966714, Inv Area Ratio Contribution: ,0,Inverse Perim ratio: ,1.0581, Inv Perim Contribution: ,0, Final Score: ,-184.848
Point: ,27,155,Repeat score:,1, Repeat contribution: ,-1,Dist:,33.4215, Dist contribution: ,-167.108, New scanned ratio: ,0.0144207, New Scanned Cells Contribution: ,0,Area ratio: ,0.948994, Area ratio Contribution: ,0,Perim diff: ,1.04376, Perim diff Contribution: ,0,Frontier diff: ,0, Frontier diff Contribution ,0,Inverse Area ratio: ,0.966714, Inv Area Ratio Contribution: ,0,Inverse Perim ratio: ,1.05647, Inv Perim Contribution: ,0, Final Score: ,-168.108
Point: ,26,156,Repeat score:,1, Repeat contribution: ,-1,Dist:,33.8421, Dist contribution: ,-169.211, New scanned ratio: ,0.0152855, New Scanned Cells Contribution: ,0,Area ratio: ,0.946803, Area ratio Contribution: ,0,Perim diff: ,1.04426, Perim diff Contribution: ,0,Frontier diff: ,0, Frontier diff Contribution ,0,Inverse Area ratio: ,0.965795, Inv Area Ratio Contribution: ,0,Inverse Perim ratio: ,1.05851, Inv Perim Contribution: ,0, Final Score: ,-170.211
Point: ,25,155,Repeat score:,1, Repeat contribution: ,-1,Dist:,32.2025, Dist contribution: ,-161.012, New scanned ratio: ,0.0144207, New Scanned Cells Contribution: ,0,Area ratio: ,0.948858, Area ratio Contribution: ,0,Perim diff: ,1.04287, Perim diff Contribution: ,0,Frontier diff: ,0, Frontier diff Contribution ,0,Inverse Area ratio: ,0.966714, Inv Area Ratio Contribution: ,0,Inverse Perim ratio: ,1.05647, Inv Perim Contribution: ,0, Final Score: ,-162.012
Point: ,20,155,Repeat score:,1, Repeat contribution: ,-1,Dist:,29.5296, Dist contribution: ,-147.648, New scanned ratio: ,0.0144207, New Scanned Cells Contribution: ,0,Area ratio: ,0.948354, Area ratio Contribution: ,0,Perim diff: ,1.04128, Perim diff Contribution: ,0,Frontier diff: ,0, Frontier diff Contribution ,0,Inverse Area ratio: ,0.967317, Inv Area Ratio Contribution: ,0,Inverse Perim ratio: ,1.05714, Inv Perim Contribution: ,0, Final Score: ,-148.648
Point: ,17,153,Repeat score:,1, Repeat contribution: ,-1,Dist:,25.8565, Dist contribution: ,-129.283, New scanned ratio: ,0.0123668, New Scanned Cells Contribution: ,0,Area ratio: ,0.952117, Area ratio Contribution: ,0,Perim diff: ,1.04109, Perim diff Contribution: ,0,Frontier diff: ,0, Frontier diff Contribution ,0,Inverse Area ratio: ,0.972957, Inv Area Ratio Contribution: ,0,Inverse Perim ratio: ,1.04742, Inv Perim Contribution: ,0, Final Score: ,-130.283
Point: ,15,153,Repeat score:,1, Repeat contribution: ,-1,Dist:,25.0711, Dist contribution: ,-125.355, New scanned ratio: ,0.0118479, New Scanned Cells Contribution: ,0,Area ratio: ,0.951682, Area ratio Contribution: ,0,Perim diff: ,1.04155, Perim diff Contribution: ,0,Frontier diff: ,0, Frontier diff Contribution ,0,Inverse Area ratio: ,0.973149, Inv Area Ratio Contribution: ,0,Inverse Perim ratio: ,1.04454, Inv Perim Contribution: ,0, Final Score: ,-126.355
Point: ,12,155,Repeat score:,1, Repeat contribution: ,-1,Dist:,26.6833, Dist contribution: ,-133.417, New scanned ratio: ,0.0123451, New Scanned Cells Contribution: ,0,Area ratio: ,0.946532, Area ratio Contribution: ,0,Perim diff: ,1.04246, Perim diff Contribution: ,0,Frontier diff: ,0, Frontier diff Contribution ,0,Inverse Area ratio: ,0.974513, Inv Area Ratio Contribution: ,0,Inverse Perim ratio: ,1.04213, Inv Perim Contribution: ,0, Final Score: ,-134.417
Point: ,7,155,Repeat score:,1, Repeat contribution: ,-1,Dist:,26.0192, Dist contribution: ,-130.096, New scanned ratio: ,0.0104209, New Scanned Cells Contribution: ,0,Area ratio: ,0.945486, Area ratio Contribution: ,0,Perim diff: ,1.04196, Perim diff Contribution: ,0,Frontier diff: ,0, Frontier diff Contribution ,0,Inverse Area ratio: ,0.976455, Inv Area Ratio Contribution: ,0,Inverse Perim ratio: ,1.03984, Inv Perim Contribution: ,0, Final Score: ,-131.096
Point: ,6,156,Repeat score:,1, Repeat contribution: ,-1,Dist:,27.3, Dist contribution: ,-136.5, New scanned ratio: ,0.0105939, New Scanned Cells Contribution: ,0,Area ratio: ,0.942989, Area ratio Contribution: ,0,Perim diff: ,1.04264, Perim diff Contribution: ,0,Frontier diff: ,0, Frontier diff Contribution ,0,Inverse Area ratio: ,0.976663, Inv Area Ratio Contribution: ,0,Inverse Perim ratio: ,1.03881, Inv Perim Contribution: ,0, Final Score: ,-137.5
Point: ,5,155,Repeat score:,1, Repeat contribution: ,-1,Dist:,26.0192, Dist contribution: ,-130.096, New scanned ratio: ,0.00959938, New Scanned Cells Contribution: ,0,Area ratio: ,0.945085, Area ratio Contribution: ,0,Perim diff: ,1.04168, Perim diff Contribution: ,0,Frontier diff: ,0, Frontier diff Contribution ,0,Inverse Area ratio: ,0.977267, Inv Area Ratio Contribution: ,0,Inverse Perim ratio: ,1.0383, Inv Perim Contribution: ,0, Final Score: ,-131.096
Point: ,0,155,Repeat score:,1, Repeat contribution: ,-1,Dist:,26.6833, Dist contribution: ,-133.417, New scanned ratio: ,0.00743736, New Scanned Cells Contribution: ,0,Area ratio: ,0.944044, Area ratio Contribution: ,0,Perim diff: ,1.04245, Perim diff Contribution: ,0,Frontier diff: ,0, Frontier diff Contribution ,0,Inverse Area ratio: ,0.978454, Inv Area Ratio Contribution: ,0,Inverse Perim ratio: ,1.03671, Inv Perim Contribution: ,0, Final Score: ,-134.417
BEST Point:,15,153, Score: ,-126.355
COUNT COMMAND: 1
Total frontiers: ,103, Prioritised frontiers: ,18
At: ,14,152,
Point: ,52,155,Repeat score:,1, Repeat contribution: ,-1,Dist:,38.1996, Dist contribution: ,-190.998, New scanned ratio: ,0.0141381, New Scanned Cells Contribution: ,0,Area ratio: ,0.952225, Area ratio Contribution: ,0,Perim diff: ,1.05126, Perim diff Contribution: ,0,Frontier diff: ,0, Frontier diff Contribution ,0,Inverse Area ratio: ,0.966772, Inv Area Ratio Contribution: ,0,Inverse Perim ratio: ,1.05627, Inv Perim Contribution: ,0, Final Score: ,-191.998
Point: ,47,155,Repeat score:,1, Repeat contribution: ,-1,Dist:,33.2297, Dist contribution: ,-166.148, New scanned ratio: ,0.0132826, New Scanned Cells Contribution: ,0,Area ratio: ,0.952381, Area ratio Contribution: ,0,Perim diff: ,1.04442, Perim diff Contribution: ,0,Frontier diff: ,0, Frontier diff Contribution ,0,Inverse Area ratio: ,0.967781, Inv Area Ratio Contribution: ,0,Inverse Perim ratio: ,1.04929, Inv Perim Contribution: ,0, Final Score: ,-167.148
Point: ,46,156,Repeat score:,1, Repeat contribution: ,-1,Dist:,32.4197, Dist contribution: ,-162.099, New scanned ratio: ,0.0138601, New Scanned Cells Contribution: ,0,Area ratio: ,0.950469, Area ratio Contribution: ,0,Perim diff: ,1.04432, Perim diff Contribution: ,0,Frontier diff: ,0, Frontier diff Contribution ,0,Inverse Area ratio: ,0.967173, Inv Area Ratio Contribution: ,0,Inverse Perim ratio: ,1.04948, Inv Perim Contribution: ,0, Final Score: ,-163.099
Point: ,45,155,Repeat score:,1, Repeat contribution: ,-1,Dist:,31.2444, Dist contribution: ,-156.222, New scanned ratio: ,0.0128334, New Scanned Cells Contribution: ,0,Area ratio: ,0.952322, Area ratio Contribution: ,0,Perim diff: ,1.04283, Perim diff Contribution: ,0,Frontier diff: ,0, Frontier diff Contribution ,0,Inverse Area ratio: ,0.968286, Inv Area Ratio Contribution: ,0,Inverse Perim ratio: ,1.04748, Inv Perim Contribution: ,0, Final Score: ,-157.222
Point: ,40,155,Repeat score:,1, Repeat contribution: ,-1,Dist:,26.2909, Dist contribution: ,-131.454, New scanned ratio: ,0.0114217, New Scanned Cells Contribution: ,0,Area ratio: ,0.95187, Area ratio Contribution: ,0,Perim diff: ,1.04229, Perim diff Contribution: ,0,Frontier diff: ,0, Frontier diff Contribution ,0,Inverse Area ratio: ,0.969312, Inv Area Ratio Contribution: ,0,Inverse Perim ratio: ,1.04687, Inv Perim Contribution: ,0, Final Score: ,-132.454
Point: ,37,153,Repeat score:,1, Repeat contribution: ,-1,Dist:,23.0367, Dist contribution: ,-115.184, New scanned ratio: ,0.00900477, New Scanned Cells Contribution: ,0,Area ratio: ,0.955378, Area ratio Contribution: ,0,Perim diff: ,1.0412, Perim diff Contribution: ,0,Frontier diff: ,0, Frontier diff Contribution ,0,Inverse Area ratio: ,0.97048, Inv Area Ratio Contribution: ,0,Inverse Perim ratio: ,1.04513, Inv Perim Contribution: ,0, Final Score: ,-116.184
Point: ,35,153,Repeat score:,1, Repeat contribution: ,-1,Dist:,21.0402, Dist contribution: ,-105.201, New scanned ratio: ,0.00827754, New Scanned Cells Contribution: ,0,Area ratio: ,0.955095, Area ratio Contribution: ,0,Perim diff: ,1.04157, Perim diff Contribution: ,0,Frontier diff: ,0, Frontier diff Contribution ,0,Inverse Area ratio: ,0.969381, Inv Area Ratio Contribution: ,0,Inverse Perim ratio: ,1.04524, Inv Perim Contribution: ,0, Final Score: ,-106.201
Point: ,34,154,Repeat score:,1, Repeat contribution: ,-1,Dist:,20.1683, Dist contribution: ,-100.841, New scanned ratio: ,0.00859838, New Scanned Cells Contribution: ,0,Area ratio: ,0.952884, Area ratio Contribution: ,0,Perim diff: ,1.04233, Perim diff Contribution: ,0,Frontier diff: ,0, Frontier diff Contribution ,0,Inverse Area ratio: ,0.968885, Inv Area Ratio Contribution: ,0,Inverse Perim ratio: ,1.04622, Inv Perim Contribution: ,0, Final Score: ,-101.841
Point: ,34,158,Repeat score:,1, Repeat contribution: ,-1,Dist:,21.4672, Dist contribution: ,-107.336, New scanned ratio: ,0.0114217, New Scanned Cells Contribution: ,0,Area ratio: ,0.944772, Area ratio Contribution: ,0,Perim diff: ,1.04731, Perim diff Contribution: ,0,Frontier diff: ,0, Frontier diff Contribution ,0,Inverse Area ratio: ,0.965777, Inv Area Ratio Contribution: ,0,Inverse Perim ratio: ,1.0527, Inv Perim Contribution: ,0, Final Score: ,-108.336
Point: ,31,164,Repeat score:,1, Repeat contribution: ,-1,Dist:,23.0729, Dist contribution: ,-115.365, New scanned ratio: ,0.0148867, New Scanned Cells Contribution: ,0,Area ratio: ,0.932014, Area ratio Contribution: ,0,Perim diff: ,1.05452, Perim diff Contribution: ,0,Frontier diff: ,0, Frontier diff Contribution ,0,Inverse Area ratio: ,0.961949, Inv Area Ratio Contribution: ,0,Inverse Perim ratio: ,1.06435, Inv Perim Contribution: ,0, Final Score: ,-116.365
Point: ,26,169,Repeat score:,1, Repeat contribution: ,-1,Dist:,25.1478, Dist contribution: ,-125.739, New scanned ratio: ,0.0168973, New Scanned Cells Contribution: ,0,Area ratio: ,0.920496, Area ratio Contribution: ,0,Perim diff: ,1.06378, Perim diff Contribution: ,0,Frontier diff: ,0, Frontier diff Contribution ,0,Inverse Area ratio: ,0.958676, Inv Area Ratio Contribution: ,0,Inverse Perim ratio: ,1.08095, Inv Perim Contribution: ,0, Final Score: ,-126.739
Point: ,20,172,Repeat score:,1, Repeat contribution: ,-1,Dist:,26.6833, Dist contribution: ,-133.417, New scanned ratio: ,0.0169829, New Scanned Cells Contribution: ,0,Area ratio: ,0.912322, Area ratio Contribution: ,0,Perim diff: ,1.06967, Perim diff Contribution: ,0,Frontier diff: ,-1, Frontier diff Contribution ,-0,Inverse Area ratio: ,0.957793, Inv Area Ratio Contribution: ,0,Inverse Perim ratio: ,1.08348, Inv Perim Contribution: ,0, Final Score: ,-134.417
Point: ,15,172,Repeat score:,1, Repeat contribution: ,-1,Dist:,26.0192, Dist contribution: ,-130.096, New scanned ratio: ,0.0148654, New Scanned Cells Contribution: ,0,Area ratio: ,0.911052, Area ratio Contribution: ,0,Perim diff: ,1.06233, Perim diff Contribution: ,0,Frontier diff: ,0, Frontier diff Contribution ,0,Inverse Area ratio: ,0.965543, Inv Area Ratio Contribution: ,0,Inverse Perim ratio: ,1.05861, Inv Perim Contribution: ,0, Final Score: ,-131.096
Point: ,14,173,Repeat score:,1, Repeat contribution: ,-1,Dist:,27.3, Dist contribution: ,-136.5, New scanned ratio: ,0.0150365, New Scanned Cells Contribution: ,0,Area ratio: ,0.908773, Area ratio Contribution: ,0,Perim diff: ,1.06183, Perim diff Contribution: ,0,Frontier diff: ,0, Frontier diff Contribution ,0,Inverse Area ratio: ,0.966158, Inv Area Ratio Contribution: ,0,Inverse Perim ratio: ,1.05632, Inv Perim Contribution: ,0, Final Score: ,-137.5
Point: ,13,172,Repeat score:,1, Repeat contribution: ,-1,Dist:,26.0192, Dist contribution: ,-130.096, New scanned ratio: ,0.0138387, New Scanned Cells Contribution: ,0,Area ratio: ,0.910595, Area ratio Contribution: ,0,Perim diff: ,1.06014, Perim diff Contribution: ,0,Frontier diff: ,0, Frontier diff Contribution ,0,Inverse Area ratio: ,0.9675, Inv Area Ratio Contribution: ,0,Inverse Perim ratio: ,1.05375, Inv Perim Contribution: ,0, Final Score: ,-131.096
Point: ,8,172,Repeat score:,1, Repeat contribution: ,-1,Dist:,26.6833, Dist contribution: ,-133.417, New scanned ratio: ,0.0113148, New Scanned Cells Contribution: ,0,Area ratio: ,0.909767, Area ratio Contribution: ,0,Perim diff: ,1.05529, Perim diff Contribution: ,0,Frontier diff: ,0, Frontier diff Contribution ,0,Inverse Area ratio: ,0.971391, Inv Area Ratio Contribution: ,0,Inverse Perim ratio: ,1.04523, Inv Perim Contribution: ,0, Final Score: ,-134.417
Point: ,2,169,Repeat score:,1, Repeat contribution: ,-1,Dist:,25.1478, Dist contribution: ,-125.739, New scanned ratio: ,0.00703698, New Scanned Cells Contribution: ,0,Area ratio: ,0.915648, Area ratio Contribution: ,0,Perim diff: ,1.04871, Perim diff Contribution: ,0,Frontier diff: ,0, Frontier diff Contribution ,0,Inverse Area ratio: ,0.97526, Inv Area Ratio Contribution: ,0,Inverse Perim ratio: ,1.03892, Inv Perim Contribution: ,0, Final Score: ,-126.739
Point: ,0,167,Repeat score:,1, Repeat contribution: ,-1,Dist:,24.0052, Dist contribution: ,-120.026, New scanned ratio: ,0.00543281, New Scanned Cells Contribution: ,0,Area ratio: ,0.919976, Area ratio Contribution: ,0,Perim diff: ,1.046, Perim diff Contribution: ,0,Frontier diff: ,0, Frontier diff Contribution ,0,Inverse Area ratio: ,0.976658, Inv Area Ratio Contribution: ,0,Inverse Perim ratio: ,1.03618, Inv Perim Contribution: ,0, Final Score: ,-121.026
BEST Point:,34,154, Score: ,-101.841
COUNT COMMAND: 1
Total frontiers: ,103, Prioritised frontiers: ,25
At: ,33,153,
Point: ,72,155,Repeat score:,1, Repeat contribution: ,-1,Dist:,39.0866, Dist contribution: ,-195.433, New scanned ratio: ,0.014138, New Scanned Cells Contribution: ,0,Area ratio: ,0.955842, Area ratio Contribution: ,0,Perim diff: ,1.05314, Perim diff Contribution: ,0,Frontier diff: ,0, Frontier diff Contribution ,0,Inverse Area ratio: ,0.962543, Inv Area Ratio Contribution: ,0,Inverse Perim ratio: ,1.05879, Inv Perim Contribution: ,0, Final Score: ,-196.433
Point: ,67,155,Repeat score:,1, Repeat contribution: ,-1,Dist:,34.0993, Dist contribution: ,-170.496, New scanned ratio: ,0.0133526, New Scanned Cells Contribution: ,0,Area ratio: ,0.956042, Area ratio Contribution: ,0,Perim diff: ,1.04462, Perim diff Contribution: ,0,Frontier diff: ,0, Frontier diff Contribution ,0,Inverse Area ratio: ,0.963454, Inv Area Ratio Contribution: ,0,Inverse Perim ratio: ,1.04986, Inv Perim Contribution: ,0, Final Score: ,-171.496
Point: ,66,156,Repeat score:,1, Repeat contribution: ,-1,Dist:,33.2297, Dist contribution: ,-166.148, New scanned ratio: ,0.0139257, New Scanned Cells Contribution: ,0,Area ratio: ,0.954138, Area ratio Contribution: ,0,Perim diff: ,1.04482, Perim diff Contribution: ,0,Frontier diff: ,0, Frontier diff Contribution ,0,Inverse Area ratio: ,0.962832, Inv Area Ratio Contribution: ,0,Inverse Perim ratio: ,1.05032, Inv Perim Contribution: ,0, Final Score: ,-167.148
Point: ,65,155,Repeat score:,1, Repeat contribution: ,-1,Dist:,32.1055, Dist contribution: ,-160.527, New scanned ratio: ,0.0129068, New Scanned Cells Contribution: ,0,Area ratio: ,0.955985, Area ratio Contribution: ,0,Perim diff: ,1.04303, Perim diff Contribution: ,0,Frontier diff: ,0, Frontier diff Contribution ,0,Inverse Area ratio: ,0.963961, Inv Area Ratio Contribution: ,0,Inverse Perim ratio: ,1.04805, Inv Perim Contribution: ,0, Final Score: ,-161.527
Point: ,60,155,Repeat score:,1, Repeat contribution: ,-1,Dist:,27.1249, Dist contribution: ,-135.624, New scanned ratio: ,0.0115057, New Scanned Cells Contribution: ,0,Area ratio: ,0.955538, Area ratio Contribution: ,0,Perim diff: ,1.04162, Perim diff Contribution: ,0,Frontier diff: ,0, Frontier diff Contribution ,0,Inverse Area ratio: ,0.965438, Inv Area Ratio Contribution: ,0,Inverse Perim ratio: ,1.04651, Inv Perim Contribution: ,0, Final Score: ,-136.624
Point: ,57,153,Repeat score:,1, Repeat contribution: ,-1,Dist:,24, Dist contribution: ,-120, New scanned ratio: ,0.0090857, New Scanned Cells Contribution: ,0,Area ratio: ,0.9588, Area ratio Contribution: ,0,Perim diff: ,1.04115, Perim diff Contribution: ,0,Frontier diff: ,0, Frontier diff Contribution ,0,Inverse Area ratio: ,0.966418, Inv Area Ratio Contribution: ,0,Inverse Perim ratio: ,1.04561, Inv Perim Contribution: ,0, Final Score: ,-121
Point: ,55,153,Repeat score:,1, Repeat contribution: ,-1,Dist:,22, Dist contribution: ,-110, New scanned ratio: ,0.00836394, New Scanned Cells Contribution: ,0,Area ratio: ,0.958518, Area ratio Contribution: ,0,Perim diff: ,1.04167, Perim diff Contribution: ,0,Frontier diff: ,0, Frontier diff Contribution ,0,Inverse Area ratio: ,0.965123, Inv Area Ratio Contribution: ,0,Inverse Perim ratio: ,1.04595, Inv Perim Contribution: ,0, Final Score: ,-111
Point: ,53,154,Repeat score:,1, Repeat contribution: ,-1,Dist:,20.0422, Dist contribution: ,-100.211, New scanned ratio: ,0.00830025, New Scanned Cells Contribution: ,0,Area ratio: ,0.956361, Area ratio Contribution: ,0,Perim diff: ,1.04191, Perim diff Contribution: ,0,Frontier diff: ,0, Frontier diff Contribution ,0,Inverse Area ratio: ,0.965016, Inv Area Ratio Contribution: ,0,Inverse Perim ratio: ,1.0463, Inv Perim Contribution: ,0, Final Score: ,-101.211
Point: ,53,159,Repeat score:,1, Repeat contribution: ,-1,Dist:,21.4672, Dist contribution: ,-107.336, New scanned ratio: ,0.0117605, New Scanned Cells Contribution: ,0,Area ratio: ,0.946511, Area ratio Contribution: ,0,Perim diff: ,1.048, Perim diff Contribution: ,0,Frontier diff: ,0, Frontier diff Contribution ,0,Inverse Area ratio: ,0.961184, Inv Area Ratio Contribution: ,0,Inverse Perim ratio: ,1.05396, Inv Perim Contribution: ,0, Final Score: ,-108.336
Point: ,50,165,Repeat score:,1, Repeat contribution: ,-1,Dist:,23.0729, Dist contribution: ,-115.365, New scanned ratio: ,0.0151145, New Scanned Cells Contribution: ,0,Area ratio: ,0.934128, Area ratio Contribution: ,0,Perim diff: ,1.05669, Perim diff Contribution: ,0,Frontier diff: ,0, Frontier diff Contribution ,0,Inverse Area ratio: ,0.957397, Inv Area Ratio Contribution: ,0,Inverse Perim ratio: ,1.06566, Inv Perim Contribution: ,0, Final Score: ,-116.365
Point: ,45,170,Repeat score:,1, Repeat contribution: ,-1,Dist:,25.1478, Dist contribution: ,-125.739, New scanned ratio: ,0.016834, New Scanned Cells Contribution: ,0,Area ratio: ,0.923228, Area ratio Contribution: ,0,Perim diff: ,1.07347, Perim diff Contribution: ,0,Frontier diff: ,0, Frontier diff Contribution ,0,Inverse Area ratio: ,0.951529, Inv Area Ratio Contribution: ,0,Inverse Perim ratio: ,1.09197, Inv Perim Contribution: ,0, Final Score: ,-126.739
Point: ,39,173,Repeat score:,1, Repeat contribution: ,-1,Dist:,26.6833, Dist contribution: ,-133.417, New scanned ratio: ,0.0167491, New Scanned Cells Contribution: ,0,Area ratio: ,0.915728, Area ratio Contribution: ,0,Perim diff: ,1.07532, Perim diff Contribution: ,0,Frontier diff: ,0, Frontier diff Contribution ,0,Inverse Area ratio: ,0.951448, Inv Area Ratio Contribution: ,0,Inverse Perim ratio: ,1.09255, Inv Perim Contribution: ,0, Final Score: ,-134.417
Point: ,34,173,Repeat score:,1, Repeat contribution: ,-1,Dist:,26.0192, Dist contribution: ,-130.096, New scanned ratio: ,0.0155179, New Scanned Cells Contribution: ,0,Area ratio: ,0.91507, Area ratio Contribution: ,0,Perim diff: ,1.06522, Perim diff Contribution: ,0,Frontier diff: ,0, Frontier diff Contribution ,0,Inverse Area ratio: ,0.952888, Inv Area Ratio Contribution: ,0,Inverse Perim ratio: ,1.08355, Inv Perim Contribution: ,0, Final Score: ,-131.096
Point: ,33,174,Repeat score:,1, Repeat contribution: ,-1,Dist:,27.3, Dist contribution: ,-136.5, New scanned ratio: ,0.016091, New Scanned Cells Contribution: ,0,Area ratio: ,0.912963, Area ratio Contribution: ,0,Perim diff: ,1.06622, Perim diff Contribution: ,0,Frontier diff: ,0, Frontier diff Contribution ,0,Inverse Area ratio: ,0.952225, Inv Area Ratio Contribution: ,0,Inverse Perim ratio: ,1.08603, Inv Perim Contribution: ,0, Final Score: ,-137.5
Point: ,32,173,Repeat score:,1, Repeat contribution: ,-1,Dist:,26.0192, Dist contribution: ,-130.096, New scanned ratio: ,0.0151358, New Scanned Cells Contribution: ,0,Area ratio: ,0.91482, Area ratio Contribution: ,0,Perim diff: ,1.06409, Perim diff Contribution: ,0,Frontier diff: ,0, Frontier diff Contribution ,0,Inverse Area ratio: ,0.953299, Inv Area Ratio Contribution: ,0,Inverse Perim ratio: ,1.08309, Inv Perim Contribution: ,0, Final Score: ,-131.096
Point: ,27,173,Repeat score:,1, Repeat contribution: ,-1,Dist:,26.6833, Dist contribution: ,-133.417, New scanned ratio: ,0.0145626, New Scanned Cells Contribution: ,0,Area ratio: ,0.914597, Area ratio Contribution: ,0,Perim diff: ,1.05735, Perim diff Contribution: ,0,Frontier diff: ,0, Frontier diff Contribution ,0,Inverse Area ratio: ,0.95395, Inv Area Ratio Contribution: ,0,Inverse Perim ratio: ,1.07857, Inv Perim Contribution: ,0, Final Score: ,-134.417
Point: ,24,171,Repeat score:,1, Repeat contribution: ,-1,Dist:,25.0711, Dist contribution: ,-125.355, New scanned ratio: ,0.0128431, New Scanned Cells Contribution: ,0,Area ratio: ,0.918518, Area ratio Contribution: ,0,Perim diff: ,1.05327, Perim diff Contribution: ,0,Frontier diff: ,0, Frontier diff Contribution ,0,Inverse Area ratio: ,0.955881, Inv Area Ratio Contribution: ,0,Inverse Perim ratio: ,1.07379, Inv Perim Contribution: ,0, Final Score: ,-126.355
Point: ,21,171,Repeat score:,1, Repeat contribution: ,-1,Dist:,26.2975, Dist contribution: ,-131.488, New scanned ratio: ,0.0129492, New Scanned Cells Contribution: ,0,Area ratio: ,0.918578, Area ratio Contribution: ,0,Perim diff: ,1.05024, Perim diff Contribution: ,0,Frontier diff: ,0, Frontier diff Contribution ,0,Inverse Area ratio: ,0.955733, Inv Area Ratio Contribution: ,0,Inverse Perim ratio: ,1.07273, Inv Perim Contribution: ,0, Final Score: ,-132.488
Point: ,20,172,Repeat score:,1, Repeat contribution: ,-1,Dist:,27.9122, Dist contribution: ,-139.561, New scanned ratio: ,0.0138833, New Scanned Cells Contribution: ,0,Area ratio: ,0.916634, Area ratio Contribution: ,0,Perim diff: ,1.05009, Perim diff Contribution: ,0,Frontier diff: ,-1, Frontier diff Contribution ,-0,Inverse Area ratio: ,0.958364, Inv Area Ratio Contribution: ,0,Inverse Perim ratio: ,1.06508, Inv Perim Contribution: ,0, Final Score: ,-140.561
Point: ,15,172,Repeat score:,1, Repeat contribution: ,-1,Dist:,30.5629, Dist contribution: ,-152.814, New scanned ratio: ,0.013204, New Scanned Cells Contribution: ,0,Area ratio: ,0.916676, Area ratio Contribution: ,0,Perim diff: ,1.04841, Perim diff Contribution: ,0,Frontier diff: ,0, Frontier diff Contribution ,0,Inverse Area ratio: ,0.967353, Inv Area Ratio Contribution: ,0,Inverse Perim ratio: ,1.04849, Inv Perim Contribution: ,0, Final Score: ,-153.814
Point: ,14,173,Repeat score:,1, Repeat contribution: ,-1,Dist:,32.2025, Dist contribution: ,-161.012, New scanned ratio: ,0.013671, New Scanned Cells Contribution: ,0,Area ratio: ,0.914653, Area ratio Contribution: ,0,Perim diff: ,1.04862, Perim diff Contribution: ,0,Frontier diff: ,0, Frontier diff Contribution ,0,Inverse Area ratio: ,0.968054, Inv Area Ratio Contribution: ,0,Inverse Perim ratio: ,1.04733, Inv Perim Contribution: ,0, Final Score: ,-162.012
Point: ,13,172,Repeat score:,1, Repeat contribution: ,-1,Dist:,31.7819, Dist contribution: ,-158.91, New scanned ratio: ,0.012652, New Scanned Cells Contribution: ,0,Area ratio: ,0.91664, Area ratio Contribution: ,0,Perim diff: ,1.04775, Perim diff Contribution: ,0,Frontier diff: ,0, Frontier diff Contribution ,0,Inverse Area ratio: ,0.969212, Inv Area Ratio Contribution: ,0,Inverse Perim ratio: ,1.04563, Inv Perim Contribution: ,0, Final Score: ,-159.91
Point: ,8,172,Repeat score:,1, Repeat contribution: ,-1,Dist:,35.1438, Dist contribution: ,-175.719, New scanned ratio: ,0.0109326, New Scanned Cells Contribution: ,0,Area ratio: ,0.916453, Area ratio Contribution: ,0,Perim diff: ,1.0492, Perim diff Contribution: ,0,Frontier diff: ,0, Frontier diff Contribution ,0,Inverse Area ratio: ,0.97289, Inv Area Ratio Contribution: ,0,Inverse Perim ratio: ,1.04446, Inv Perim Contribution: ,0, Final Score: ,-176.719
Point: ,2,169,Repeat score:,1, Repeat contribution: ,-1,Dist:,37.3315, Dist contribution: ,-186.657, New scanned ratio: ,0.0069841, New Scanned Cells Contribution: ,0,Area ratio: ,0.922622, Area ratio Contribution: ,0,Perim diff: ,1.04904, Perim diff Contribution: ,0,Frontier diff: ,0, Frontier diff Contribution ,0,Inverse Area ratio: ,0.973918, Inv Area Ratio Contribution: ,0,Inverse Perim ratio: ,1.04445, Inv Perim Contribution: ,0, Final Score: ,-187.657
Point: ,0,167,Repeat score:,1, Repeat contribution: ,-1,Dist:,37.6861, Dist contribution: ,-188.43, New scanned ratio: ,0.00539198, New Scanned Cells Contribution: ,0,Area ratio: ,0.926994, Area ratio Contribution: ,0,Perim diff: ,1.04653, Perim diff Contribution: ,0,Frontier diff: ,0, Frontier diff Contribution ,0,Inverse Area ratio: ,0.974999, Inv Area Ratio Contribution: ,0,Inverse Perim ratio: ,1.04157, Inv Perim Contribution: ,0, Final Score: ,-189.43
BEST Point:,53,154, Score: ,-101.211
COUNT COMMAND: 1
Total frontiers: ,102, Prioritised frontiers: ,24
At: ,52,153,
Point: ,87,155,Repeat score:,1, Repeat contribution: ,-1,Dist:,35.0964, Dist contribution: ,-175.482, New scanned ratio: ,0.0134454, New Scanned Cells Contribution: ,0,Area ratio: ,0.959359, Area ratio Contribution: ,0,Perim diff: ,1.04707, Perim diff Contribution: ,0,Frontier diff: ,0, Frontier diff Contribution ,0,Inverse Area ratio: ,0.959252, Inv Area Ratio Contribution: ,0,Inverse Perim ratio: ,1.05284, Inv Perim Contribution: ,0, Final Score: ,-176.482
Point: ,86,156,Repeat score:,1, Repeat contribution: ,-1,Dist:,34.2229, Dist contribution: ,-171.115, New scanned ratio: ,0.0140566, New Scanned Cells Contribution: ,0,Area ratio: ,0.957618, Area ratio Contribution: ,0,Perim diff: ,1.0454, Perim diff Contribution: ,0,Frontier diff: ,0, Frontier diff Contribution ,0,Inverse Area ratio: ,0.958593, Inv Area Ratio Contribution: ,0,Inverse Perim ratio: ,1.05112, Inv Perim Contribution: ,0, Final Score: ,-172.115
Point: ,85,155,Repeat score:,1, Repeat contribution: ,-1,Dist:,33.1023, Dist contribution: ,-165.511, New scanned ratio: ,0.013045, New Scanned Cells Contribution: ,0,Area ratio: ,0.959363, Area ratio Contribution: ,0,Perim diff: ,1.04414, Perim diff Contribution: ,0,Frontier diff: ,0, Frontier diff Contribution ,0,Inverse Area ratio: ,0.959726, Inv Area Ratio Contribution: ,0,Inverse Perim ratio: ,1.04971, Inv Perim Contribution: ,0, Final Score: ,-166.511
Point: ,80,155,Repeat score:,1, Repeat contribution: ,-1,Dist:,28.1205, Dist contribution: ,-140.602, New scanned ratio: ,0.0117174, New Scanned Cells Contribution: ,0,Area ratio: ,0.95903, Area ratio Contribution: ,0,Perim diff: ,1.04209, Perim diff Contribution: ,0,Frontier diff: ,0, Frontier diff Contribution ,0,Inverse Area ratio: ,0.961219, Inv Area Ratio Contribution: ,0,Inverse Perim ratio: ,1.0473, Inv Perim Contribution: ,0, Final Score: ,-141.602
Point: ,77,153,Repeat score:,1, Repeat contribution: ,-1,Dist:,25, Dist contribution: ,-125, New scanned ratio: ,0.00933595, New Scanned Cells Contribution: ,0,Area ratio: ,0.962212, Area ratio Contribution: ,0,Perim diff: ,1.04091, Perim diff Contribution: ,0,Frontier diff: ,0, Frontier diff Contribution ,0,Inverse Area ratio: ,0.962343, Inv Area Ratio Contribution: ,0,Inverse Perim ratio: ,1.04571, Inv Perim Contribution: ,0, Final Score: ,-126
Point: ,75,153,Repeat score:,1, Repeat contribution: ,-1,Dist:,23, Dist contribution: ,-115, New scanned ratio: ,0.00861942, New Scanned Cells Contribution: ,0,Area ratio: ,0.961963, Area ratio Contribution: ,0,Perim diff: ,1.0413, Perim diff Contribution: ,0,Frontier diff: ,0, Frontier diff Contribution ,0,Inverse Area ratio: ,0.960796, Inv Area Ratio Contribution: ,0,Inverse Perim ratio: ,1.04597, Inv Perim Contribution: ,0, Final Score: ,-116
Point: ,72,155,Repeat score:,1, Repeat contribution: ,-1,Dist:,20.1683, Dist contribution: ,-100.841, New scanned ratio: ,0.00889338, New Scanned Cells Contribution: ,0,Area ratio: ,0.957822, Area ratio Contribution: ,0,Perim diff: ,1.04197, Perim diff Contribution: ,0,Frontier diff: ,0, Frontier diff Contribution ,0,Inverse Area ratio: ,0.960366, Inv Area Ratio Contribution: ,0,Inverse Perim ratio: ,1.04698, Inv Perim Contribution: ,0, Final Score: ,-101.841
Point: ,72,159,Repeat score:,1, Repeat contribution: ,-1,Dist:,21.4672, Dist contribution: ,-107.336, New scanned ratio: ,0.0116752, New Scanned Cells Contribution: ,0,Area ratio: ,0.950068, Area ratio Contribution: ,0,Perim diff: ,1.04728, Perim diff Contribution: ,0,Frontier diff: ,0, Frontier diff Contribution ,0,Inverse Area ratio: ,0.957221, Inv Area Ratio Contribution: ,0,Inverse Perim ratio: ,1.05341, Inv Perim Contribution: ,0, Final Score: ,-108.336
Point: ,69,165,Repeat score:,1, Repeat contribution: ,-1,Dist:,23.0729, Dist contribution: ,-115.365, New scanned ratio: ,0.015005, New Scanned Cells Contribution: ,0,Area ratio: ,0.937945, Area ratio Contribution: ,0,Perim diff: ,1.0572, Perim diff Contribution: ,0,Frontier diff: ,0, Frontier diff Contribution ,0,Inverse Area ratio: ,0.953418, Inv Area Ratio Contribution: ,0,Inverse Perim ratio: ,1.06583, Inv Perim Contribution: ,0, Final Score: ,-116.365
Point: ,64,170,Repeat score:,1, Repeat contribution: ,-1,Dist:,25.1478, Dist contribution: ,-125.739, New scanned ratio: ,0.0166698, New Scanned Cells Contribution: ,0,Area ratio: ,0.927182, Area ratio Contribution: ,0,Perim diff: ,1.08003, Perim diff Contribution: ,0,Frontier diff: ,0, Frontier diff Contribution ,0,Inverse Area ratio: ,0.947415, Inv Area Ratio Contribution: ,0,Inverse Perim ratio: ,1.0925, Inv Perim Contribution: ,0, Final Score: ,-126.739
Point: ,58,173,Repeat score:,1, Repeat contribution: ,-1,Dist:,26.6833, Dist contribution: ,-133.417, New scanned ratio: ,0.0165645, New Scanned Cells Contribution: ,0,Area ratio: ,0.920174, Area ratio Contribution: ,0,Perim diff: ,1.0749, Perim diff Contribution: ,0,Frontier diff: ,0, Frontier diff Contribution ,0,Inverse Area ratio: ,0.947576, Inv Area Ratio Contribution: ,0,Inverse Perim ratio: ,1.08944, Inv Perim Contribution: ,0, Final Score: ,-134.417
Point: ,53,173,Repeat score:,1, Repeat contribution: ,-1,Dist:,26.0192, Dist contribution: ,-130.096, New scanned ratio: ,0.0152157, New Scanned Cells Contribution: ,0,Area ratio: ,0.919643, Area ratio Contribution: ,0,Perim diff: ,1.06749, Perim diff Contribution: ,0,Frontier diff: ,0, Frontier diff Contribution ,0,Inverse Area ratio: ,0.949136, Inv Area Ratio Contribution: ,0,Inverse Perim ratio: ,1.08224, Inv Perim Contribution: ,0, Final Score: ,-131.096
Point: ,52,174,Repeat score:,1, Repeat contribution: ,-1,Dist:,27.3, Dist contribution: ,-136.5, New scanned ratio: ,0.0157847, New Scanned Cells Contribution: ,0,Area ratio: ,0.917535, Area ratio Contribution: ,0,Perim diff: ,1.06897, Perim diff Contribution: ,0,Frontier diff: ,0, Frontier diff Contribution ,0,Inverse Area ratio: ,0.948493, Inv Area Ratio Contribution: ,0,Inverse Perim ratio: ,1.08473, Inv Perim Contribution: ,0, Final Score: ,-137.5
Point: ,51,173,Repeat score:,1, Repeat contribution: ,-1,Dist:,26.0192, Dist contribution: ,-130.096, New scanned ratio: ,0.0148153, New Scanned Cells Contribution: ,0,Area ratio: ,0.919526, Area ratio Contribution: ,0,Perim diff: ,1.06507, Perim diff Contribution: ,0,Frontier diff: ,0, Frontier diff Contribution ,0,Inverse Area ratio: ,0.949595, Inv Area Ratio Contribution: ,0,Inverse Perim ratio: ,1.07997, Inv Perim Contribution: ,0, Final Score: ,-131.096
Point: ,46,173,Repeat score:,1, Repeat contribution: ,-1,Dist:,26.6833, Dist contribution: ,-133.417, New scanned ratio: ,0.0141409, New Scanned Cells Contribution: ,0,Area ratio: ,0.919543, Area ratio Contribution: ,0,Perim diff: ,1.06162, Perim diff Contribution: ,0,Frontier diff: ,0, Frontier diff Contribution ,0,Inverse Area ratio: ,0.950341, Inv Area Ratio Contribution: ,0,Inverse Perim ratio: ,1.0772, Inv Perim Contribution: ,0, Final Score: ,-134.417
Point: ,43,171,Repeat score:,1, Repeat contribution: ,-1,Dist:,25.0711, Dist contribution: ,-125.355, New scanned ratio: ,0.0123707, New Scanned Cells Contribution: ,0,Area ratio: ,0.923568, Area ratio Contribution: ,0,Perim diff: ,1.05609, Perim diff Contribution: ,0,Frontier diff: ,0, Frontier diff Contribution ,0,Inverse Area ratio: ,0.952314, Inv Area Ratio Contribution: ,0,Inverse Perim ratio: ,1.0704, Inv Perim Contribution: ,0, Final Score: ,-126.355
Point: ,39,173,Repeat score:,1, Repeat contribution: ,-1,Dist:,29.0689, Dist contribution: ,-145.344, New scanned ratio: ,0.0140355, New Scanned Cells Contribution: ,0,Area ratio: ,0.920198, Area ratio Contribution: ,0,Perim diff: ,1.05639, Perim diff Contribution: ,0,Frontier diff: ,0, Frontier diff Contribution ,0,Inverse Area ratio: ,0.95049, Inv Area Ratio Contribution: ,0,Inverse Perim ratio: ,1.07331, Inv Perim Contribution: ,0, Final Score: ,-146.344
Point: ,34,173,Repeat score:,1, Repeat contribution: ,-1,Dist:,31.6228, Dist contribution: ,-158.114, New scanned ratio: ,0.0141409, New Scanned Cells Contribution: ,0,Area ratio: ,0.920759, Area ratio Contribution: ,0,Perim diff: ,1.0501, Perim diff Contribution: ,0,Frontier diff: ,0, Frontier diff Contribution ,0,Inverse Area ratio: ,0.950387, Inv Area Ratio Contribution: ,0,Inverse Perim ratio: ,1.06819, Inv Perim Contribution: ,0, Final Score: ,-159.114
Point: ,33,174,Repeat score:,1, Repeat contribution: ,-1,Dist:,33.2609, Dist contribution: ,-166.305, New scanned ratio: ,0.0149628, New Scanned Cells Contribution: ,0,Area ratio: ,0.918847, Area ratio Contribution: ,0,Perim diff: ,1.05397, Perim diff Contribution: ,0,Frontier diff: ,0, Frontier diff Contribution ,0,Inverse Area ratio: ,0.949423, Inv Area Ratio Contribution: ,0,Inverse Perim ratio: ,1.07366, Inv Perim Contribution: ,0, Final Score: ,-167.305
Point: ,32,173,Repeat score:,1, Repeat contribution: ,-1,Dist:,32.8024, Dist contribution: ,-164.012, New scanned ratio: ,0.014162, New Scanned Cells Contribution: ,0,Area ratio: ,0.920857, Area ratio Contribution: ,0,Perim diff: ,1.05114, Perim diff Contribution: ,0,Frontier diff: ,0, Frontier diff Contribution ,0,Inverse Area ratio: ,0.950341, Inv Area Ratio Contribution: ,0,Inverse Perim ratio: ,1.06999, Inv Perim Contribution: ,0, Final Score: ,-165.012
Point: ,27,173,Repeat score:,1, Repeat contribution: ,-1,Dist:,36.0694, Dist contribution: ,-180.347, New scanned ratio: ,0.0142884, New Scanned Cells Contribution: ,0,Area ratio: ,0.921196, Area ratio Contribution: ,0,Perim diff: ,1.05015, Perim diff Contribution: ,0,Frontier diff: ,0, Frontier diff Contribution ,0,Inverse Area ratio: ,0.950215, Inv Area Ratio Contribution: ,0,Inverse Perim ratio: ,1.0715, Inv Perim Contribution: ,0, Final Score: ,-181.347
Point: ,24,171,Repeat score:,1, Repeat contribution: ,-1,Dist:,36.4905, Dist contribution: ,-182.453, New scanned ratio: ,0.0127289, New Scanned Cells Contribution: ,0,Area ratio: ,0.925253, Area ratio Contribution: ,0,Perim diff: ,1.04948, Perim diff Contribution: ,0,Frontier diff: ,0, Frontier diff Contribution ,0,Inverse Area ratio: ,0.951936, Inv Area Ratio Contribution: ,0,Inverse Perim ratio: ,1.07012, Inv Perim Contribution: ,0, Final Score: ,-183.453
Point: ,21,171,Repeat score:,1, Repeat contribution: ,-1,Dist:,38.8402, Dist contribution: ,-194.201, New scanned ratio: ,0.0128554, New Scanned Cells Contribution: ,0,Area ratio: ,0.925333, Area ratio Contribution: ,0,Perim diff: ,1.04938, Perim diff Contribution: ,0,Frontier diff: ,0, Frontier diff Contribution ,0,Inverse Area ratio: ,0.951752, Inv Area Ratio Contribution: ,0,Inverse Perim ratio: ,1.07246, Inv Perim Contribution: ,0, Final Score: ,-195.201
Point: ,20,172,Repeat score:,1, Repeat contribution: ,-1,Dist:,40.4239, Dist contribution: ,-202.119, New scanned ratio: ,0.0137826, New Scanned Cells Contribution: ,0,Area ratio: ,0.923369, Area ratio Contribution: ,0,Perim diff: ,1.04924, Perim diff Contribution: ,0,Frontier diff: ,-1, Frontier diff Contribution ,-0,Inverse Area ratio: ,0.955677, Inv Area Ratio Contribution: ,0,Inverse Perim ratio: ,1.06524, Inv Perim Contribution: ,0, Final Score: ,-203.119
BEST Point:,72,155, Score: ,-101.841
COUNT COMMAND: 1
Total frontiers: ,102, Prioritised frontiers: ,24
At: ,71,154,
Point: ,107,155,Repeat score:,1, Repeat contribution: ,-1,Dist:,36.0235, Dist contribution: ,-180.117, New scanned ratio: ,0.0134867, New Scanned Cells Contribution: ,0,Area ratio: ,0.963123, Area ratio Contribution: ,0,Perim diff: ,1.04707, Perim diff Contribution: ,0,Frontier diff: ,0, Frontier diff Contribution ,0,Inverse Area ratio: ,0.9544, Inv Area Ratio Contribution: ,0,Inverse Perim ratio: ,1.05303, Inv Perim Contribution: ,0, Final Score: ,-181.117
Point: ,106,156,Repeat score:,1, Repeat contribution: ,-1,Dist:,35.0964, Dist contribution: ,-175.482, New scanned ratio: ,0.014093, New Scanned Cells Contribution: ,0,Area ratio: ,0.961478, Area ratio Contribution: ,0,Perim diff: ,1.04739, Perim diff Contribution: ,0,Frontier diff: ,0, Frontier diff Contribution ,0,Inverse Area ratio: ,0.953737, Inv Area Ratio Contribution: ,0,Inverse Perim ratio: ,1.0537, Inv Perim Contribution: ,0, Final Score: ,-176.482
Point: ,105,155,Repeat score:,1, Repeat contribution: ,-1,Dist:,34.0248, Dist contribution: ,-170.124, New scanned ratio: ,0.0131103, New Scanned Cells Contribution: ,0,Area ratio: ,0.963178, Area ratio Contribution: ,0,Perim diff: ,1.04424, Perim diff Contribution: ,0,Frontier diff: ,0, Frontier diff Contribution ,0,Inverse Area ratio: ,0.954864, Inv Area Ratio Contribution: ,0,Inverse Perim ratio: ,1.05011, Inv Perim Contribution: ,0, Final Score: ,-171.124
Point: ,100,155,Repeat score:,1, Repeat contribution: ,-1,Dist:,29.0291, Dist contribution: ,-145.146, New scanned ratio: ,0.011793, New Scanned Cells Contribution: ,0,Area ratio: ,0.96288, Area ratio Contribution: ,0,Perim diff: ,1.04227, Perim diff Contribution: ,0,Frontier diff: ,0, Frontier diff Contribution ,0,Inverse Area ratio: ,0.956328, Inv Area Ratio Contribution: ,0,Inverse Perim ratio: ,1.04777, Inv Perim Contribution: ,0, Final Score: ,-146.146
Point: ,97,153,Repeat score:,1, Repeat contribution: ,-1,Dist:,26.0325, Dist contribution: ,-130.162, New scanned ratio: ,0.00943021, New Scanned Cells Contribution: ,0,Area ratio: ,0.965417, Area ratio Contribution: ,0,Perim diff: ,1.0408, Perim diff Contribution: ,0,Frontier diff: ,0, Frontier diff Contribution ,0,Inverse Area ratio: ,0.957722, Inv Area Ratio Contribution: ,0,Inverse Perim ratio: ,1.04593, Inv Perim Contribution: ,0, Final Score: ,-131.162
Point: ,95,153,Repeat score:,1, Repeat contribution: ,-1,Dist:,24.0352, Dist contribution: ,-120.176, New scanned ratio: ,0.00871929, New Scanned Cells Contribution: ,0,Area ratio: ,0.96516, Area ratio Contribution: ,0,Perim diff: ,1.04133, Perim diff Contribution: ,0,Frontier diff: ,0, Frontier diff Contribution ,0,Inverse Area ratio: ,0.955992, Inv Area Ratio Contribution: ,0,Inverse Perim ratio: ,1.04636, Inv Perim Contribution: ,0, Final Score: ,-121.176
Point: ,91,155,Repeat score:,1, Repeat contribution: ,-1,Dist:,20.0422, Dist contribution: ,-100.211, New scanned ratio: ,0.00859383, New Scanned Cells Contribution: ,0,Area ratio: ,0.961505, Area ratio Contribution: ,0,Perim diff: ,1.04138, Perim diff Contribution: ,0,Frontier diff: ,0, Frontier diff Contribution ,0,Inverse Area ratio: ,0.955943, Inv Area Ratio Contribution: ,0,Inverse Perim ratio: ,1.04665, Inv Perim Contribution: ,0, Final Score: ,-101.211
Point: ,91,160,Repeat score:,1, Repeat contribution: ,-1,Dist:,21.4672, Dist contribution: ,-107.336, New scanned ratio: ,0.0120021, New Scanned Cells Contribution: ,0,Area ratio: ,0.951901, Area ratio Contribution: ,0,Perim diff: ,1.04766, Perim diff Contribution: ,0,Frontier diff: ,0, Frontier diff Contribution ,0,Inverse Area ratio: ,0.952102, Inv Area Ratio Contribution: ,0,Inverse Perim ratio: ,1.05438, Inv Perim Contribution: ,0, Final Score: ,-108.336
Point: ,88,166,Repeat score:,1, Repeat contribution: ,-1,Dist:,23.0729, Dist contribution: ,-115.365, New scanned ratio: ,0.0152013, New Scanned Cells Contribution: ,0,Area ratio: ,0.940004, Area ratio Contribution: ,0,Perim diff: ,1.05723, Perim diff Contribution: ,0,Frontier diff: ,0, Frontier diff Contribution ,0,Inverse Area ratio: ,0.948388, Inv Area Ratio Contribution: ,0,Inverse Perim ratio: ,1.06944, Inv Perim Contribution: ,0, Final Score: ,-116.365
Point: ,83,171,Repeat score:,1, Repeat contribution: ,-1,Dist:,25.1478, Dist contribution: ,-125.739, New scanned ratio: ,0.0165813, New Scanned Cells Contribution: ,0,Area ratio: ,0.92856, Area ratio Contribution: ,0,Perim diff: ,1.0804, Perim diff Contribution: ,0,Frontier diff: ,0, Frontier diff Contribution ,0,Inverse Area ratio: ,0.94268, Inv Area Ratio Contribution: ,0,Inverse Perim ratio: ,1.09308, Inv Perim Contribution: ,0, Final Score: ,-126.739
Point: ,77,174,Repeat score:,1, Repeat contribution: ,-1,Dist:,26.6833, Dist contribution: ,-133.417, New scanned ratio: ,0.0164976, New Scanned Cells Contribution: ,0,Area ratio: ,0.921585, Area ratio Contribution: ,0,Perim diff: ,1.07889, Perim diff Contribution: ,0,Frontier diff: ,0, Frontier diff Contribution ,0,Inverse Area ratio: ,0.942784, Inv Area Ratio Contribution: ,0,Inverse Perim ratio: ,1.09334, Inv Perim Contribution: ,0, Final Score: ,-134.417
Point: ,72,174,Repeat score:,1, Repeat contribution: ,-1,Dist:,26.0192, Dist contribution: ,-130.096, New scanned ratio: ,0.0152849, New Scanned Cells Contribution: ,0,Area ratio: ,0.921342, Area ratio Contribution: ,0,Perim diff: ,1.06999, Perim diff Contribution: ,0,Frontier diff: ,0, Frontier diff Contribution ,0,Inverse Area ratio: ,0.944236, Inv Area Ratio Contribution: ,0,Inverse Perim ratio: ,1.08434, Inv Perim Contribution: ,0, Final Score: ,-131.096
Point: ,71,175,Repeat score:,1, Repeat contribution: ,-1,Dist:,27.3, Dist contribution: ,-136.5, New scanned ratio: ,0.0158495, New Scanned Cells Contribution: ,0,Area ratio: ,0.91941, Area ratio Contribution: ,0,Perim diff: ,1.07171, Perim diff Contribution: ,0,Frontier diff: ,0, Frontier diff Contribution ,0,Inverse Area ratio: ,0.943568, Inv Area Ratio Contribution: ,0,Inverse Perim ratio: ,1.08682, Inv Perim Contribution: ,0, Final Score: ,-137.5
Point: ,70,174,Repeat score:,1, Repeat contribution: ,-1,Dist:,26.0192, Dist contribution: ,-130.096, New scanned ratio: ,0.0149085, New Scanned Cells Contribution: ,0,Area ratio: ,0.921342, Area ratio Contribution: ,0,Perim diff: ,1.06948, Perim diff Contribution: ,0,Frontier diff: ,0, Frontier diff Contribution ,0,Inverse Area ratio: ,0.944651, Inv Area Ratio Contribution: ,0,Inverse Perim ratio: ,1.08387, Inv Perim Contribution: ,0, Final Score: ,-131.096
Point: ,65,174,Repeat score:,1, Repeat contribution: ,-1,Dist:,26.6833, Dist contribution: ,-133.417, New scanned ratio: ,0.014344, New Scanned Cells Contribution: ,0,Area ratio: ,0.92174, Area ratio Contribution: ,0,Perim diff: ,1.06473, Perim diff Contribution: ,0,Frontier diff: ,0, Frontier diff Contribution ,0,Inverse Area ratio: ,0.945284, Inv Area Ratio Contribution: ,0,Inverse Perim ratio: ,1.0793, Inv Perim Contribution: ,0, Final Score: ,-134.417
Point: ,62,172,Repeat score:,1, Repeat contribution: ,-1,Dist:,25.0711, Dist contribution: ,-125.355, New scanned ratio: ,0.0126503, New Scanned Cells Contribution: ,0,Area ratio: ,0.926027, Area ratio Contribution: ,0,Perim diff: ,1.05821, Perim diff Contribution: ,0,Frontier diff: ,0, Frontier diff Contribution ,0,Inverse Area ratio: ,0.947231, Inv Area Ratio Contribution: ,0,Inverse Perim ratio: ,1.07465, Inv Perim Contribution: ,0, Final Score: ,-126.355
Point: ,59,172,Repeat score:,1, Repeat contribution: ,-1,Dist:,26.2975, Dist contribution: ,-131.488, New scanned ratio: ,0.0126503, New Scanned Cells Contribution: ,0,Area ratio: ,0.926518, Area ratio Contribution: ,0,Perim diff: ,1.05503, Perim diff Contribution: ,0,Frontier diff: ,0, Frontier diff Contribution ,0,Inverse Area ratio: ,0.947254, Inv Area Ratio Contribution: ,0,Inverse Perim ratio: ,1.06807, Inv Perim Contribution: ,0, Final Score: ,-132.488
Point: ,58,173,Repeat score:,1, Repeat contribution: ,-1,Dist:,27.9122, Dist contribution: ,-139.561, New scanned ratio: ,0.0135076, New Scanned Cells Contribution: ,0,Area ratio: ,0.924836, Area ratio Contribution: ,0,Perim diff: ,1.05517, Perim diff Contribution: ,0,Frontier diff: ,0, Frontier diff Contribution ,0,Inverse Area ratio: ,0.946333, Inv Area Ratio Contribution: ,0,Inverse Perim ratio: ,1.06913, Inv Perim Contribution: ,0, Final Score: ,-140.561
Point: ,53,173,Repeat score:,1, Repeat contribution: ,-1,Dist:,30.5629, Dist contribution: ,-152.814, New scanned ratio: ,0.0135703, New Scanned Cells Contribution: ,0,Area ratio: ,0.925609, Area ratio Contribution: ,0,Perim diff: ,1.05343, Perim diff Contribution: ,0,Frontier diff: ,0, Frontier diff Contribution ,0,Inverse Area ratio: ,0.946229, Inv Area Ratio Contribution: ,0,Inverse Perim ratio: ,1.06787, Inv Perim Contribution: ,0, Final Score: ,-153.814
Point: ,52,174,Repeat score:,1, Repeat contribution: ,-1,Dist:,32.2025, Dist contribution: ,-161.012, New scanned ratio: ,0.0144276, New Scanned Cells Contribution: ,0,Area ratio: ,0.923753, Area ratio Contribution: ,0,Perim diff: ,1.05561, Perim diff Contribution: ,0,Frontier diff: ,0, Frontier diff Contribution ,0,Inverse Area ratio: ,0.945261, Inv Area Ratio Contribution: ,0,Inverse Perim ratio: ,1.07108, Inv Perim Contribution: ,0, Final Score: ,-162.012
Point: ,51,173,Repeat score:,1, Repeat contribution: ,-1,Dist:,31.7819, Dist contribution: ,-158.91, New scanned ratio: ,0.013633, New Scanned Cells Contribution: ,0,Area ratio: ,0.925908, Area ratio Contribution: ,0,Perim diff: ,1.05254, Perim diff Contribution: ,0,Frontier diff: ,0, Frontier diff Contribution ,0,Inverse Area ratio: ,0.946171, Inv Area Ratio Contribution: ,0,Inverse Perim ratio: ,1.06721, Inv Perim Contribution: ,0, Final Score: ,-159.91
Point: ,46,173,Repeat score:,1, Repeat contribution: ,-1,Dist:,35.1438, Dist contribution: ,-175.719, New scanned ratio: ,0.0137376, New Scanned Cells Contribution: ,0,Area ratio: ,0.926557, Area ratio Contribution: ,0,Perim diff: ,1.05549, Perim diff Contribution: ,0,Frontier diff: ,0, Frontier diff Contribution ,0,Inverse Area ratio: ,0.946033, Inv Area Ratio Contribution: ,0,Inverse Perim ratio: ,1.07113, Inv Perim Contribution: ,0, Final Score: ,-176.719
Point: ,43,171,Repeat score:,1, Repeat contribution: ,-1,Dist:,35.6709, Dist contribution: ,-178.354, New scanned ratio: ,0.0122112, New Scanned Cells Contribution: ,0,Area ratio: ,0.930809, Area ratio Contribution: ,0,Perim diff: ,1.05274, Perim diff Contribution: ,0,Frontier diff: ,0, Frontier diff Contribution ,0,Inverse Area ratio: ,0.947715, Inv Area Ratio Contribution: ,0,Inverse Perim ratio: ,1.06706, Inv Perim Contribution: ,0, Final Score: ,-179.354
Point: ,39,173,Repeat score:,1, Repeat contribution: ,-1,Dist:,40.4239, Dist contribution: ,-202.119, New scanned ratio: ,0.0139258, New Scanned Cells Contribution: ,0,Area ratio: ,0.9274, Area ratio Contribution: ,0,Perim diff: ,1.05708, Perim diff Contribution: ,0,Frontier diff: ,0, Frontier diff Contribution ,0,Inverse Area ratio: ,0.945791, Inv Area Ratio Contribution: ,0,Inverse Perim ratio: ,1.07429, Inv Perim Contribution: ,0, Final Score: ,-203.119
BEST Point:,91,155, Score: ,-101.211
COUNT COMMAND: 1
Total frontiers: ,102, Prioritised frontiers: ,25
At: ,90,154,
Point: ,127,155,Repeat score:,1, Repeat contribution: ,-1,Dist:,37.0228, Dist contribution: ,-185.114, New scanned ratio: ,0.0135511, New Scanned Cells Contribution: ,0,Area ratio: ,0.966542, Area ratio Contribution: ,0,Perim diff: ,1.0483, Perim diff Contribution: ,0,Frontier diff: ,0, Frontier diff Contribution ,0,Inverse Area ratio: ,0.949705, Inv Area Ratio Contribution: ,0,Inverse Perim ratio: ,1.05439, Inv Perim Contribution: ,0, Final Score: ,-186.114
Point: ,126,156,Repeat score:,1, Repeat contribution: ,-1,Dist:,36.0938, Dist contribution: ,-180.469, New scanned ratio: ,0.0141944, New Scanned Cells Contribution: ,0,Area ratio: ,0.965099, Area ratio Contribution: ,0,Perim diff: ,1.04706, Perim diff Contribution: ,0,Frontier diff: ,0, Frontier diff Contribution ,0,Inverse Area ratio: ,0.949016, Inv Area Ratio Contribution: ,0,Inverse Perim ratio: ,1.05365, Inv Perim Contribution: ,0, Final Score: ,-181.469
Point: ,125,155,Repeat score:,1, Repeat contribution: ,-1,Dist:,35.0241, Dist contribution: ,-175.121, New scanned ratio: ,0.0132191, New Scanned Cells Contribution: ,0,Area ratio: ,0.966618, Area ratio Contribution: ,0,Perim diff: ,1.04517, Perim diff Contribution: ,0,Frontier diff: ,0, Frontier diff Contribution ,0,Inverse Area ratio: ,0.950125, Inv Area Ratio Contribution: ,0,Inverse Perim ratio: ,1.05146, Inv Perim Contribution: ,0, Final Score: ,-176.121
Point: ,120,155,Repeat score:,1, Repeat contribution: ,-1,Dist:,30.0282, Dist contribution: ,-150.141, New scanned ratio: ,0.0119947, New Scanned Cells Contribution: ,0,Area ratio: ,0.966473, Area ratio Contribution: ,0,Perim diff: ,1.04169, Perim diff Contribution: ,0,Frontier diff: ,0, Frontier diff Contribution ,0,Inverse Area ratio: ,0.951537, Inv Area Ratio Contribution: ,0,Inverse Perim ratio: ,1.04744, Inv Perim Contribution: ,0, Final Score: ,-151.141
Point: ,117,153,Repeat score:,1, Repeat contribution: ,-1,Dist:,27.0313, Dist contribution: ,-135.156, New scanned ratio: ,0.00964971, New Scanned Cells Contribution: ,0,Area ratio: ,0.968786, Area ratio Contribution: ,0,Perim diff: ,1.04129, Perim diff Contribution: ,0,Frontier diff: ,0, Frontier diff Contribution ,0,Inverse Area ratio: ,0.953118, Inv Area Ratio Contribution: ,0,Inverse Perim ratio: ,1.04669, Inv Perim Contribution: ,0, Final Score: ,-136.156
Point: ,115,153,Repeat score:,1, Repeat contribution: ,-1,Dist:,25.0338, Dist contribution: ,-125.169, New scanned ratio: ,0.00896489, New Scanned Cells Contribution: ,0,Area ratio: ,0.968561, Area ratio Contribution: ,0,Perim diff: ,1.04092, Perim diff Contribution: ,0,Frontier diff: ,0, Frontier diff Contribution ,0,Inverse Area ratio: ,0.951136, Inv Area Ratio Contribution: ,0,Inverse Perim ratio: ,1.04621, Inv Perim Contribution: ,0, Final Score: ,-126.169
Point: ,112,155,Repeat score:,1, Repeat contribution: ,-1,Dist:,22.0384, Dist contribution: ,-110.192, New scanned ratio: ,0.00923466, New Scanned Cells Contribution: ,0,Area ratio: ,0.965365, Area ratio Contribution: ,0,Perim diff: ,1.04156, Perim diff Contribution: ,0,Frontier diff: ,0, Frontier diff Contribution ,0,Inverse Area ratio: ,0.950717, Inv Area Ratio Contribution: ,0,Inverse Perim ratio: ,1.04717, Inv Perim Contribution: ,0, Final Score: ,-111.192
Point: ,110,155,Repeat score:,1, Repeat contribution: ,-1,Dist:,20.0422, Dist contribution: ,-100.211, New scanned ratio: ,0.00852909, New Scanned Cells Contribution: ,0,Area ratio: ,0.96509, Area ratio Contribution: ,0,Perim diff: ,1.04098, Perim diff Contribution: ,0,Frontier diff: ,0, Frontier diff Contribution ,0,Inverse Area ratio: ,0.951495, Inv Area Ratio Contribution: ,0,Inverse Perim ratio: ,1.04645, Inv Perim Contribution: ,0, Final Score: ,-101.211
Point: ,110,160,Repeat score:,1, Repeat contribution: ,-1,Dist:,21.4672, Dist contribution: ,-107.336, New scanned ratio: ,0.0119117, New Scanned Cells Contribution: ,0,Area ratio: ,0.955693, Area ratio Contribution: ,0,Perim diff: ,1.04724, Perim diff Contribution: ,0,Frontier diff: ,0, Frontier diff Contribution ,0,Inverse Area ratio: ,0.947603, Inv Area Ratio Contribution: ,0,Inverse Perim ratio: ,1.05453, Inv Perim Contribution: ,0, Final Score: ,-108.336
Point: ,107,166,Repeat score:,1, Repeat contribution: ,-1,Dist:,23.0729, Dist contribution: ,-115.365, New scanned ratio: ,0.0150867, New Scanned Cells Contribution: ,0,Area ratio: ,0.943575, Area ratio Contribution: ,0,Perim diff: ,1.05989, Perim diff Contribution: ,0,Frontier diff: ,0, Frontier diff Contribution ,0,Inverse Area ratio: ,0.943885, Inv Area Ratio Contribution: ,0,Inverse Perim ratio: ,1.06923, Inv Perim Contribution: ,0, Final Score: ,-116.365
Point: ,102,171,Repeat score:,1, Repeat contribution: ,-1,Dist:,25.1478, Dist contribution: ,-125.739, New scanned ratio: ,0.0164356, New Scanned Cells Contribution: ,0,Area ratio: ,0.932315, Area ratio Contribution: ,0,Perim diff: ,1.08023, Perim diff Contribution: ,0,Frontier diff: ,0, Frontier diff Contribution ,0,Inverse Area ratio: ,0.938219, Inv Area Ratio Contribution: ,0,Inverse Perim ratio: ,1.09294, Inv Perim Contribution: ,0, Final Score: ,-126.739
Point: ,96,174,Repeat score:,1, Repeat contribution: ,-1,Dist:,26.6833, Dist contribution: ,-133.417, New scanned ratio: ,0.0163111, New Scanned Cells Contribution: ,0,Area ratio: ,0.925289, Area ratio Contribution: ,0,Perim diff: ,1.07644, Perim diff Contribution: ,0,Frontier diff: ,0, Frontier diff Contribution ,0,Inverse Area ratio: ,0.938381, Inv Area Ratio Contribution: ,0,Inverse Perim ratio: ,1.09075, Inv Perim Contribution: ,0, Final Score: ,-134.417
Point: ,91,174,Repeat score:,1, Repeat contribution: ,-1,Dist:,26.0192, Dist contribution: ,-130.096, New scanned ratio: ,0.014983, New Scanned Cells Contribution: ,0,Area ratio: ,0.924925, Area ratio Contribution: ,0,Perim diff: ,1.06948, Perim diff Contribution: ,0,Frontier diff: ,0, Frontier diff Contribution ,0,Inverse Area ratio: ,0.939954, Inv Area Ratio Contribution: ,0,Inverse Perim ratio: ,1.08355, Inv Perim Contribution: ,0, Final Score: ,-131.096
Point: ,90,175,Repeat score:,1, Repeat contribution: ,-1,Dist:,27.3, Dist contribution: ,-136.5, New scanned ratio: ,0.0155433, New Scanned Cells Contribution: ,0,Area ratio: ,0.922981, Area ratio Contribution: ,0,Perim diff: ,1.07126, Perim diff Contribution: ,0,Frontier diff: ,0, Frontier diff Contribution ,0,Inverse Area ratio: ,0.939306, Inv Area Ratio Contribution: ,0,Inverse Perim ratio: ,1.08603, Inv Perim Contribution: ,0, Final Score: ,-137.5
Point: ,89,174,Repeat score:,1, Repeat contribution: ,-1,Dist:,26.0192, Dist contribution: ,-130.096, New scanned ratio: ,0.0145887, New Scanned Cells Contribution: ,0,Area ratio: ,0.924917, Area ratio Contribution: ,0,Perim diff: ,1.06727, Perim diff Contribution: ,0,Frontier diff: ,0, Frontier diff Contribution ,0,Inverse Area ratio: ,0.940417, Inv Area Ratio Contribution: ,0,Inverse Perim ratio: ,1.08128, Inv Perim Contribution: ,0, Final Score: ,-131.096
Point: ,84,174,Repeat score:,1, Repeat contribution: ,-1,Dist:,26.6833, Dist contribution: ,-133.417, New scanned ratio: ,0.0139246, New Scanned Cells Contribution: ,0,Area ratio: ,0.925203, Area ratio Contribution: ,0,Perim diff: ,1.06444, Perim diff Contribution: ,0,Frontier diff: ,0, Frontier diff Contribution ,0,Inverse Area ratio: ,0.941169, Inv Area Ratio Contribution: ,0,Inverse Perim ratio: ,1.07851, Inv Perim Contribution: ,0, Final Score: ,-134.417
Point: ,81,172,Repeat score:,1, Repeat contribution: ,-1,Dist:,25.0711, Dist contribution: ,-125.355, New scanned ratio: ,0.0121815, New Scanned Cells Contribution: ,0,Area ratio: ,0.929439, Area ratio Contribution: ,0,Perim diff: ,1.05882, Perim diff Contribution: ,0,Frontier diff: ,0, Frontier diff Contribution ,0,Inverse Area ratio: ,0.943159, Inv Area Ratio Contribution: ,0,Inverse Perim ratio: ,1.0717, Inv Perim Contribution: ,0, Final Score: ,-126.355
Point: ,77,174,Repeat score:,1, Repeat contribution: ,-1,Dist:,29.0689, Dist contribution: ,-145.344, New scanned ratio: ,0.0138209, New Scanned Cells Contribution: ,0,Area ratio: ,0.926352, Area ratio Contribution: ,0,Perim diff: ,1.06041, Perim diff Contribution: ,0,Frontier diff: ,0, Frontier diff Contribution ,0,Inverse Area ratio: ,0.941319, Inv Area Ratio Contribution: ,0,Inverse Perim ratio: ,1.07461, Inv Perim Contribution: ,0, Final Score: ,-146.344
Point: ,72,174,Repeat score:,1, Repeat contribution: ,-1,Dist:,31.6228, Dist contribution: ,-158.114, New scanned ratio: ,0.0139246, New Scanned Cells Contribution: ,0,Area ratio: ,0.927319, Area ratio Contribution: ,0,Perim diff: ,1.05533, Perim diff Contribution: ,0,Frontier diff: ,0, Frontier diff Contribution ,0,Inverse Area ratio: ,0.941215, Inv Area Ratio Contribution: ,0,Inverse Perim ratio: ,1.06948, Inv Perim Contribution: ,0, Final Score: ,-159.114
Point: ,71,175,Repeat score:,1, Repeat contribution: ,-1,Dist:,33.2609, Dist contribution: ,-166.305, New scanned ratio: ,0.014734, New Scanned Cells Contribution: ,0,Area ratio: ,0.925582, Area ratio Contribution: ,0,Perim diff: ,1.05992, Perim diff Contribution: ,0,Frontier diff: ,0, Frontier diff Contribution ,0,Inverse Area ratio: ,0.940243, Inv Area Ratio Contribution: ,0,Inverse Perim ratio: ,1.07497, Inv Perim Contribution: ,0, Final Score: ,-167.305
Point: ,70,174,Repeat score:,1, Repeat contribution: ,-1,Dist:,32.8024, Dist contribution: ,-164.012, New scanned ratio: ,0.0139454, New Scanned Cells Contribution: ,0,Area ratio: ,0.927667, Area ratio Contribution: ,0,Perim diff: ,1.05699, Perim diff Contribution: ,0,Frontier diff: ,0, Frontier diff Contribution ,0,Inverse Area ratio: ,0.941169, Inv Area Ratio Contribution: ,0,Inverse Perim ratio: ,1.07129, Inv Perim Contribution: ,0, Final Score: ,-165.012
Point: ,65,174,Repeat score:,1, Repeat contribution: ,-1,Dist:,36.0694, Dist contribution: ,-180.347, New scanned ratio: ,0.0140699, New Scanned Cells Contribution: ,0,Area ratio: ,0.928627, Area ratio Contribution: ,0,Perim diff: ,1.058, Perim diff Contribution: ,0,Frontier diff: ,0, Frontier diff Contribution ,0,Inverse Area ratio: ,0.941019, Inv Area Ratio Contribution: ,0,Inverse Perim ratio: ,1.07275, Inv Perim Contribution: ,0, Final Score: ,-181.347
Point: ,62,172,Repeat score:,1, Repeat contribution: ,-1,Dist:,36.4905, Dist contribution: ,-182.453, New scanned ratio: ,0.0125342, New Scanned Cells Contribution: ,0,Area ratio: ,0.933054, Area ratio Contribution: ,0,Perim diff: ,1.05492, Perim diff Contribution: ,0,Frontier diff: ,0, Frontier diff Contribution ,0,Inverse Area ratio: ,0.942754, Inv Area Ratio Contribution: ,0,Inverse Perim ratio: ,1.07149, Inv Perim Contribution: ,0, Final Score: ,-183.453
Point: ,59,172,Repeat score:,1, Repeat contribution: ,-1,Dist:,38.8402, Dist contribution: ,-194.201, New scanned ratio: ,0.012555, New Scanned Cells Contribution: ,0,Area ratio: ,0.933568, Area ratio Contribution: ,0,Perim diff: ,1.05469, Perim diff Contribution: ,0,Frontier diff: ,0, Frontier diff Contribution ,0,Inverse Area ratio: ,0.942742, Inv Area Ratio Contribution: ,0,Inverse Perim ratio: ,1.06833, Inv Perim Contribution: ,0, Final Score: ,-195.201
Point: ,58,173,Repeat score:,1, Repeat contribution: ,-1,Dist:,40.4239, Dist contribution: ,-202.119, New scanned ratio: ,0.0134058, New Scanned Cells Contribution: ,0,Area ratio: ,0.931867, Area ratio Contribution: ,0,Perim diff: ,1.05482, Perim diff Contribution: ,0,Frontier diff: ,0, Frontier diff Contribution ,0,Inverse Area ratio: ,0.941794, Inv Area Ratio Contribution: ,0,Inverse Perim ratio: ,1.06927, Inv Perim Contribution: ,0, Final Score: ,-203.119
BEST Point:,110,155, Score: ,-101.211
COUNT COMMAND: 1
Total frontiers: ,101, Prioritised frontiers: ,24
At: ,109,154,
Point: ,147,155,Repeat score:,1, Repeat contribution: ,-1,Dist:,38.0222, Dist contribution: ,-190.111, New scanned ratio: ,0.013594, New Scanned Cells Contribution: ,0,Area ratio: ,0.969885, Area ratio Contribution: ,0,Perim diff: ,1.04926, Perim diff Contribution: ,0,Frontier diff: ,0, Frontier diff Contribution ,0,Inverse Area ratio: ,0.945006, Inv Area Ratio Contribution: ,0,Inverse Perim ratio: ,1.0557, Inv Perim Contribution: ,0, Final Score: ,-191.111
Point: ,146,156,Repeat score:,1, Repeat contribution: ,-1,Dist:,37.0912, Dist contribution: ,-185.456, New scanned ratio: ,0.0142531, New Scanned Cells Contribution: ,0,Area ratio: ,0.968653, Area ratio Contribution: ,0,Perim diff: ,1.04935, Perim diff Contribution: ,0,Frontier diff: ,0, Frontier diff Contribution ,0,Inverse Area ratio: ,0.944279, Inv Area Ratio Contribution: ,0,Inverse Perim ratio: ,1.05628, Inv Perim Contribution: ,0, Final Score: ,-186.456
Point: ,145,155,Repeat score:,1, Repeat contribution: ,-1,Dist:,36.0235, Dist contribution: ,-180.117, New scanned ratio: ,0.0133056, New Scanned Cells Contribution: ,0,Area ratio: ,0.970001, Area ratio Contribution: ,0,Perim diff: ,1.04614, Perim diff Contribution: ,0,Frontier diff: ,0, Frontier diff Contribution ,0,Inverse Area ratio: ,0.94538, Inv Area Ratio Contribution: ,0,Inverse Perim ratio: ,1.05271, Inv Perim Contribution: ,0, Final Score: ,-181.117
Point: ,140,155,Repeat score:,1, Repeat contribution: ,-1,Dist:,31.0272, Dist contribution: ,-155.136, New scanned ratio: ,0.0121728, New Scanned Cells Contribution: ,0,Area ratio: ,0.96995, Area ratio Contribution: ,0,Perim diff: ,1.0425, Perim diff Contribution: ,0,Frontier diff: ,0, Frontier diff Contribution ,0,Inverse Area ratio: ,0.946704, Inv Area Ratio Contribution: ,0,Inverse Perim ratio: ,1.04858, Inv Perim Contribution: ,0, Final Score: ,-156.136
Point: ,137,153,Repeat score:,1, Repeat contribution: ,-1,Dist:,28.0302, Dist contribution: ,-140.151, New scanned ratio: ,0.00986591, New Scanned Cells Contribution: ,0,Area ratio: ,0.972085, Area ratio Contribution: ,0,Perim diff: ,1.0407, Perim diff Contribution: ,0,Frontier diff: ,0, Frontier diff Contribution ,0,Inverse Area ratio: ,0.94852, Inv Area Ratio Contribution: ,0,Inverse Perim ratio: ,1.04635, Inv Perim Contribution: ,0, Final Score: ,-141.151
Point: ,135,153,Repeat score:,1, Repeat contribution: ,-1,Dist:,26.0325, Dist contribution: ,-130.162, New scanned ratio: ,0.00920681, New Scanned Cells Contribution: ,0,Area ratio: ,0.971853, Area ratio Contribution: ,0,Perim diff: ,1.04073, Perim diff Contribution: ,0,Frontier diff: ,0, Frontier diff Contribution ,0,Inverse Area ratio: ,0.946334, Inv Area Ratio Contribution: ,0,Inverse Perim ratio: ,1.04629, Inv Perim Contribution: ,0, Final Score: ,-131.162
Point: ,132,155,Repeat score:,1, Repeat contribution: ,-1,Dist:,23.0367, Dist contribution: ,-115.184, New scanned ratio: ,0.00951577, New Scanned Cells Contribution: ,0,Area ratio: ,0.968922, Area ratio Contribution: ,0,Perim diff: ,1.04121, Perim diff Contribution: ,0,Frontier diff: ,0, Frontier diff Contribution ,0,Inverse Area ratio: ,0.94582, Inv Area Ratio Contribution: ,0,Inverse Perim ratio: ,1.04712, Inv Perim Contribution: ,0, Final Score: ,-116.184
Point: ,129,155,Repeat score:,1, Repeat contribution: ,-1,Dist:,20.0422, Dist contribution: ,-100.211, New scanned ratio: ,0.00846533, New Scanned Cells Contribution: ,0,Area ratio: ,0.968533, Area ratio Contribution: ,0,Perim diff: ,1.0408, Perim diff Contribution: ,0,Frontier diff: ,0, Frontier diff Contribution ,0,Inverse Area ratio: ,0.94701, Inv Area Ratio Contribution: ,0,Inverse Perim ratio: ,1.04626, Inv Perim Contribution: ,0, Final Score: ,-101.211
Point: ,129,160,Repeat score:,1, Repeat contribution: ,-1,Dist:,21.4672, Dist contribution: ,-107.336, New scanned ratio: ,0.0118226, New Scanned Cells Contribution: ,0,Area ratio: ,0.959383, Area ratio Contribution: ,0,Perim diff: ,1.04722, Perim diff Contribution: ,0,Frontier diff: ,0, Frontier diff Contribution ,0,Inverse Area ratio: ,0.94309, Inv Area Ratio Contribution: ,0,Inverse Perim ratio: ,1.05448, Inv Perim Contribution: ,0, Final Score: ,-108.336
Point: ,126,166,Repeat score:,1, Repeat contribution: ,-1,Dist:,23.0729, Dist contribution: ,-115.365, New scanned ratio: ,0.0149739, New Scanned Cells Contribution: ,0,Area ratio: ,0.946975, Area ratio Contribution: ,0,Perim diff: ,1.05974, Perim diff Contribution: ,0,Frontier diff: ,0, Frontier diff Contribution ,0,Inverse Area ratio: ,0.939368, Inv Area Ratio Contribution: ,0,Inverse Perim ratio: ,1.06939, Inv Perim Contribution: ,0, Final Score: ,-116.365
Point: ,121,171,Repeat score:,1, Repeat contribution: ,-1,Dist:,25.1478, Dist contribution: ,-125.739, New scanned ratio: ,0.0163127, New Scanned Cells Contribution: ,0,Area ratio: ,0.936073, Area ratio Contribution: ,0,Perim diff: ,1.07801, Perim diff Contribution: ,0,Frontier diff: ,0, Frontier diff Contribution ,0,Inverse Area ratio: ,0.933708, Inv Area Ratio Contribution: ,0,Inverse Perim ratio: ,1.09067, Inv Perim Contribution: ,0, Final Score: ,-126.739
Point: ,115,174,Repeat score:,1, Repeat contribution: ,-1,Dist:,26.6833, Dist contribution: ,-133.417, New scanned ratio: ,0.0161892, New Scanned Cells Contribution: ,0,Area ratio: ,0.929043, Area ratio Contribution: ,0,Perim diff: ,1.07671, Perim diff Contribution: ,0,Frontier diff: ,0, Frontier diff Contribution ,0,Inverse Area ratio: ,0.933848, Inv Area Ratio Contribution: ,0,Inverse Perim ratio: ,1.09075, Inv Perim Contribution: ,0, Final Score: ,-134.417
Point: ,110,174,Repeat score:,1, Repeat contribution: ,-1,Dist:,26.0192, Dist contribution: ,-130.096, New scanned ratio: ,0.014871, New Scanned Cells Contribution: ,0,Area ratio: ,0.928684, Area ratio Contribution: ,0,Perim diff: ,1.06984, Perim diff Contribution: ,0,Frontier diff: ,0, Frontier diff Contribution ,0,Inverse Area ratio: ,0.935428, Inv Area Ratio Contribution: ,0,Inverse Perim ratio: ,1.08355, Inv Perim Contribution: ,0, Final Score: ,-131.096
Point: ,109,175,Repeat score:,1, Repeat contribution: ,-1,Dist:,27.3, Dist contribution: ,-136.5, New scanned ratio: ,0.0154271, New Scanned Cells Contribution: ,0,Area ratio: ,0.926737, Area ratio Contribution: ,0,Perim diff: ,1.07168, Perim diff Contribution: ,0,Frontier diff: ,0, Frontier diff Contribution ,0,Inverse Area ratio: ,0.934777, Inv Area Ratio Contribution: ,0,Inverse Perim ratio: ,1.08603, Inv Perim Contribution: ,0, Final Score: ,-137.5
Point: ,108,174,Repeat score:,1, Repeat contribution: ,-1,Dist:,26.0192, Dist contribution: ,-130.096, New scanned ratio: ,0.0144796, New Scanned Cells Contribution: ,0,Area ratio: ,0.928677, Area ratio Contribution: ,0,Perim diff: ,1.06767, Perim diff Contribution: ,0,Frontier diff: ,0, Frontier diff Contribution ,0,Inverse Area ratio: ,0.935892, Inv Area Ratio Contribution: ,0,Inverse Perim ratio: ,1.08127, Inv Perim Contribution: ,0, Final Score: ,-131.096
Point: ,103,174,Repeat score:,1, Repeat contribution: ,-1,Dist:,26.6833, Dist contribution: ,-133.417, New scanned ratio: ,0.0138205, New Scanned Cells Contribution: ,0,Area ratio: ,0.928965, Area ratio Contribution: ,0,Perim diff: ,1.06496, Perim diff Contribution: ,0,Frontier diff: ,0, Frontier diff Contribution ,0,Inverse Area ratio: ,0.936648, Inv Area Ratio Contribution: ,0,Inverse Perim ratio: ,1.0785, Inv Perim Contribution: ,0, Final Score: ,-134.417
Point: ,100,172,Repeat score:,1, Repeat contribution: ,-1,Dist:,25.0711, Dist contribution: ,-125.355, New scanned ratio: ,0.0120904, New Scanned Cells Contribution: ,0,Area ratio: ,0.933182, Area ratio Contribution: ,0,Perim diff: ,1.05899, Perim diff Contribution: ,0,Frontier diff: ,0, Frontier diff Contribution ,0,Inverse Area ratio: ,0.938681, Inv Area Ratio Contribution: ,0,Inverse Perim ratio: ,1.07136, Inv Perim Contribution: ,0, Final Score: ,-126.355
Point: ,96,174,Repeat score:,1, Repeat contribution: ,-1,Dist:,29.0689, Dist contribution: ,-145.344, New scanned ratio: ,0.0136557, New Scanned Cells Contribution: ,0,Area ratio: ,0.930058, Area ratio Contribution: ,0,Perim diff: ,1.05843, Perim diff Contribution: ,0,Frontier diff: ,0, Frontier diff Contribution ,0,Inverse Area ratio: ,0.936915, Inv Area Ratio Contribution: ,0,Inverse Perim ratio: ,1.07179, Inv Perim Contribution: ,0, Final Score: ,-146.344
Point: ,91,174,Repeat score:,1, Repeat contribution: ,-1,Dist:,31.6228, Dist contribution: ,-158.114, New scanned ratio: ,0.0136351, New Scanned Cells Contribution: ,0,Area ratio: ,0.930901, Area ratio Contribution: ,0,Perim diff: ,1.05528, Perim diff Contribution: ,0,Frontier diff: ,0, Frontier diff Contribution ,0,Inverse Area ratio: ,0.936926, Inv Area Ratio Contribution: ,0,Inverse Perim ratio: ,1.06848, Inv Perim Contribution: ,0, Final Score: ,-159.114
Point: ,90,175,Repeat score:,1, Repeat contribution: ,-1,Dist:,33.2609, Dist contribution: ,-166.305, New scanned ratio: ,0.0144384, New Scanned Cells Contribution: ,0,Area ratio: ,0.929151, Area ratio Contribution: ,0,Perim diff: ,1.05994, Perim diff Contribution: ,0,Frontier diff: ,0, Frontier diff Contribution ,0,Inverse Area ratio: ,0.935974, Inv Area Ratio Contribution: ,0,Inverse Perim ratio: ,1.07396, Inv Perim Contribution: ,0, Final Score: ,-167.305
Point: ,89,174,Repeat score:,1, Repeat contribution: ,-1,Dist:,32.8024, Dist contribution: ,-164.012, New scanned ratio: ,0.0136351, New Scanned Cells Contribution: ,0,Area ratio: ,0.931239, Area ratio Contribution: ,0,Perim diff: ,1.05524, Perim diff Contribution: ,0,Frontier diff: ,0, Frontier diff Contribution ,0,Inverse Area ratio: ,0.936926, Inv Area Ratio Contribution: ,0,Inverse Perim ratio: ,1.06848, Inv Perim Contribution: ,0, Final Score: ,-165.012
Point: ,84,174,Repeat score:,1, Repeat contribution: ,-1,Dist:,36.0694, Dist contribution: ,-180.347, New scanned ratio: ,0.0136557, New Scanned Cells Contribution: ,0,Area ratio: ,0.932085, Area ratio Contribution: ,0,Perim diff: ,1.05818, Perim diff Contribution: ,0,Frontier diff: ,0, Frontier diff Contribution ,0,Inverse Area ratio: ,0.936892, Inv Area Ratio Contribution: ,0,Inverse Perim ratio: ,1.07174, Inv Perim Contribution: ,0, Final Score: ,-181.347
Point: ,81,172,Repeat score:,1, Repeat contribution: ,-1,Dist:,36.4905, Dist contribution: ,-182.453, New scanned ratio: ,0.0120698, New Scanned Cells Contribution: ,0,Area ratio: ,0.936461, Area ratio Contribution: ,0,Perim diff: ,1.056, Perim diff Contribution: ,0,Frontier diff: ,0, Frontier diff Contribution ,0,Inverse Area ratio: ,0.938669, Inv Area Ratio Contribution: ,0,Inverse Perim ratio: ,1.06833, Inv Perim Contribution: ,0, Final Score: ,-183.453
Point: ,77,174,Repeat score:,1, Repeat contribution: ,-1,Dist:,41.2311, Dist contribution: ,-206.155, New scanned ratio: ,0.0137175, New Scanned Cells Contribution: ,0,Area ratio: ,0.93331, Area ratio Contribution: ,0,Perim diff: ,1.06072, Perim diff Contribution: ,0,Frontier diff: ,0, Frontier diff Contribution ,0,Inverse Area ratio: ,0.936787, Inv Area Ratio Contribution: ,0,Inverse Perim ratio: ,1.07462, Inv Perim Contribution: ,0, Final Score: ,-207.155
BEST Point:,129,155, Score: ,-101.211
COUNT COMMAND: 1
Total frontiers: ,100, Prioritised frontiers: ,24
At: ,128,154,
Point: ,167,155,Repeat score:,1, Repeat contribution: ,-1,Dist:,39.0217, Dist contribution: ,-195.108, New scanned ratio: ,0.0136157, New Scanned Cells Contribution: ,0,Area ratio: ,0.972919, Area ratio Contribution: ,0,Perim diff: ,1.05012, Perim diff Contribution: ,0,Frontier diff: ,0, Frontier diff Contribution ,0,Inverse Area ratio: ,0.940101, Inv Area Ratio Contribution: ,0,Inverse Perim ratio: ,1.05701, Inv Perim Contribution: ,0, Final Score: ,-196.108
Point: ,166,156,Repeat score:,1, Repeat contribution: ,-1,Dist:,38.0888, Dist contribution: ,-190.444, New scanned ratio: ,0.0143108, New Scanned Cells Contribution: ,0,Area ratio: ,0.971639, Area ratio Contribution: ,0,Perim diff: ,1.04878, Perim diff Contribution: ,0,Frontier diff: ,0, Frontier diff Contribution ,0,Inverse Area ratio: ,0.939348, Inv Area Ratio Contribution: ,0,Inverse Perim ratio: ,1.05618, Inv Perim Contribution: ,0, Final Score: ,-191.444
Point: ,165,155,Repeat score:,1, Repeat contribution: ,-1,Dist:,37.0228, Dist contribution: ,-185.114, New scanned ratio: ,0.0133704, New Scanned Cells Contribution: ,0,Area ratio: ,0.973134, Area ratio Contribution: ,0,Perim diff: ,1.04723, Perim diff Contribution: ,0,Frontier diff: ,0, Frontier diff Contribution ,0,Inverse Area ratio: ,0.940431, Inv Area Ratio Contribution: ,0,Inverse Perim ratio: ,1.05401, Inv Perim Contribution: ,0, Final Score: ,-186.114
Point: ,160,155,Repeat score:,1, Repeat contribution: ,-1,Dist:,32.0264, Dist contribution: ,-160.132, New scanned ratio: ,0.0123482, New Scanned Cells Contribution: ,0,Area ratio: ,0.973272, Area ratio Contribution: ,0,Perim diff: ,1.04206, Perim diff Contribution: ,0,Frontier diff: ,0, Frontier diff Contribution ,0,Inverse Area ratio: ,0.941666, Inv Area Ratio Contribution: ,0,Inverse Perim ratio: ,1.04848, Inv Perim Contribution: ,0, Final Score: ,-161.132
Point: ,157,153,Repeat score:,1, Repeat contribution: ,-1,Dist:,29.0291, Dist contribution: ,-145.146, New scanned ratio: ,0.0100585, New Scanned Cells Contribution: ,0,Area ratio: ,0.975385, Area ratio Contribution: ,0,Perim diff: ,1.04156, Perim diff Contribution: ,0,Frontier diff: ,0, Frontier diff Contribution ,0,Inverse Area ratio: ,0.943668, Inv Area Ratio Contribution: ,0,Inverse Perim ratio: ,1.04754, Inv Perim Contribution: ,0, Final Score: ,-146.146
Point: ,155,153,Repeat score:,1, Repeat contribution: ,-1,Dist:,27.0313, Dist contribution: ,-135.156, New scanned ratio: ,0.0094247, New Scanned Cells Contribution: ,0,Area ratio: ,0.975165, Area ratio Contribution: ,0,Perim diff: ,1.04113, Perim diff Contribution: ,0,Frontier diff: ,0, Frontier diff Contribution ,0,Inverse Area ratio: ,0.941432, Inv Area Ratio Contribution: ,0,Inverse Perim ratio: ,1.04702, Inv Perim Contribution: ,0, Final Score: ,-136.156
Point: ,152,155,Repeat score:,1, Repeat contribution: ,-1,Dist:,24.0352, Dist contribution: ,-120.176, New scanned ratio: ,0.00977225, New Scanned Cells Contribution: ,0,Area ratio: ,0.97243, Area ratio Contribution: ,0,Perim diff: ,1.04131, Perim diff Contribution: ,0,Frontier diff: ,0, Frontier diff Contribution ,0,Inverse Area ratio: ,0.940905, Inv Area Ratio Contribution: ,0,Inverse Perim ratio: ,1.04757, Inv Perim Contribution: ,0, Final Score: ,-121.176
Point: ,148,155,Repeat score:,1, Repeat contribution: ,-1,Dist:,20.0422, Dist contribution: ,-100.211, New scanned ratio: ,0.0084025, New Scanned Cells Contribution: ,0,Area ratio: ,0.971929, Area ratio Contribution: ,0,Perim diff: ,1.04042, Perim diff Contribution: ,0,Frontier diff: ,0, Frontier diff Contribution ,0,Inverse Area ratio: ,0.942463, Inv Area Ratio Contribution: ,0,Inverse Perim ratio: ,1.04653, Inv Perim Contribution: ,0, Final Score: ,-101.211
Point: ,148,160,Repeat score:,1, Repeat contribution: ,-1,Dist:,21.4672, Dist contribution: ,-107.336, New scanned ratio: ,0.0117349, New Scanned Cells Contribution: ,0,Area ratio: ,0.962772, Area ratio Contribution: ,0,Perim diff: ,1.04676, Perim diff Contribution: ,0,Frontier diff: ,0, Frontier diff Contribution ,0,Inverse Area ratio: ,0.938538, Inv Area Ratio Contribution: ,0,Inverse Perim ratio: ,1.0544, Inv Perim Contribution: ,0, Final Score: ,-108.336
Point: ,145,166,Repeat score:,1, Repeat contribution: ,-1,Dist:,23.0729, Dist contribution: ,-115.365, New scanned ratio: ,0.0148628, New Scanned Cells Contribution: ,0,Area ratio: ,0.950358, Area ratio Contribution: ,0,Perim diff: ,1.05922, Perim diff Contribution: ,0,Frontier diff: ,0, Frontier diff Contribution ,0,Inverse Area ratio: ,0.934801, Inv Area Ratio Contribution: ,0,Inverse Perim ratio: ,1.06931, Inv Perim Contribution: ,0, Final Score: ,-116.365
Point: ,140,171,Repeat score:,1, Repeat contribution: ,-1,Dist:,25.1478, Dist contribution: ,-125.739, New scanned ratio: ,0.0161917, New Scanned Cells Contribution: ,0,Area ratio: ,0.939589, Area ratio Contribution: ,0,Perim diff: ,1.07598, Perim diff Contribution: ,0,Frontier diff: ,0, Frontier diff Contribution ,0,Inverse Area ratio: ,0.929148, Inv Area Ratio Contribution: ,0,Inverse Perim ratio: ,1.08902, Inv Perim Contribution: ,0, Final Score: ,-126.739
Point: ,134,174,Repeat score:,1, Repeat contribution: ,-1,Dist:,26.6833, Dist contribution: ,-133.417, New scanned ratio: ,0.016069, New Scanned Cells Contribution: ,0,Area ratio: ,0.932762, Area ratio Contribution: ,0,Perim diff: ,1.07631, Perim diff Contribution: ,0,Frontier diff: ,0, Frontier diff Contribution ,0,Inverse Area ratio: ,0.929276, Inv Area Ratio Contribution: ,0,Inverse Perim ratio: ,1.0907, Inv Perim Contribution: ,0, Final Score: ,-134.417
Point: ,129,174,Repeat score:,1, Repeat contribution: ,-1,Dist:,26.0192, Dist contribution: ,-130.096, New scanned ratio: ,0.0147606, New Scanned Cells Contribution: ,0,Area ratio: ,0.932408, Area ratio Contribution: ,0,Perim diff: ,1.06952, Perim diff Contribution: ,0,Frontier diff: ,0, Frontier diff Contribution ,0,Inverse Area ratio: ,0.930863, Inv Area Ratio Contribution: ,0,Inverse Perim ratio: ,1.0835, Inv Perim Contribution: ,0, Final Score: ,-131.096
Point: ,128,175,Repeat score:,1, Repeat contribution: ,-1,Dist:,27.3, Dist contribution: ,-136.5, New scanned ratio: ,0.0153126, New Scanned Cells Contribution: ,0,Area ratio: ,0.930457, Area ratio Contribution: ,0,Perim diff: ,1.07139, Perim diff Contribution: ,0,Frontier diff: ,0, Frontier diff Contribution ,0,Inverse Area ratio: ,0.93021, Inv Area Ratio Contribution: ,0,Inverse Perim ratio: ,1.08599, Inv Perim Contribution: ,0, Final Score: ,-137.5
Point: ,127,174,Repeat score:,1, Repeat contribution: ,-1,Dist:,26.0192, Dist contribution: ,-130.096, New scanned ratio: ,0.0143722, New Scanned Cells Contribution: ,0,Area ratio: ,0.932403, Area ratio Contribution: ,0,Perim diff: ,1.06739, Perim diff Contribution: ,0,Frontier diff: ,0, Frontier diff Contribution ,0,Inverse Area ratio: ,0.93133, Inv Area Ratio Contribution: ,0,Inverse Perim ratio: ,1.08123, Inv Perim Contribution: ,0, Final Score: ,-131.096
Point: ,122,174,Repeat score:,1, Repeat contribution: ,-1,Dist:,26.6833, Dist contribution: ,-133.417, New scanned ratio: ,0.013718, New Scanned Cells Contribution: ,0,Area ratio: ,0.932693, Area ratio Contribution: ,0,Perim diff: ,1.06476, Perim diff Contribution: ,0,Frontier diff: ,0, Frontier diff Contribution ,0,Inverse Area ratio: ,0.932088, Inv Area Ratio Contribution: ,0,Inverse Perim ratio: ,1.07846, Inv Perim Contribution: ,0, Final Score: ,-134.417
Point: ,119,172,Repeat score:,1, Repeat contribution: ,-1,Dist:,25.0711, Dist contribution: ,-125.355, New scanned ratio: ,0.0120007, New Scanned Cells Contribution: ,0,Area ratio: ,0.936918, Area ratio Contribution: ,0,Perim diff: ,1.0588, Perim diff Contribution: ,0,Frontier diff: ,0, Frontier diff Contribution ,0,Inverse Area ratio: ,0.93413, Inv Area Ratio Contribution: ,0,Inverse Perim ratio: ,1.07131, Inv Perim Contribution: ,0, Final Score: ,-126.355
Point: ,115,174,Repeat score:,1, Repeat contribution: ,-1,Dist:,29.0689, Dist contribution: ,-145.344, New scanned ratio: ,0.0135544, New Scanned Cells Contribution: ,0,Area ratio: ,0.933786, Area ratio Contribution: ,0,Perim diff: ,1.05836, Perim diff Contribution: ,0,Frontier diff: ,0, Frontier diff Contribution ,0,Inverse Area ratio: ,0.932356, Inv Area Ratio Contribution: ,0,Inverse Perim ratio: ,1.07175, Inv Perim Contribution: ,0, Final Score: ,-146.344
Point: ,110,174,Repeat score:,1, Repeat contribution: ,-1,Dist:,31.6228, Dist contribution: ,-158.114, New scanned ratio: ,0.013534, New Scanned Cells Contribution: ,0,Area ratio: ,0.93463, Area ratio Contribution: ,0,Perim diff: ,1.0553, Perim diff Contribution: ,0,Frontier diff: ,0, Frontier diff Contribution ,0,Inverse Area ratio: ,0.932368, Inv Area Ratio Contribution: ,0,Inverse Perim ratio: ,1.06843, Inv Perim Contribution: ,0, Final Score: ,-159.114
Point: ,109,175,Repeat score:,1, Repeat contribution: ,-1,Dist:,33.2609, Dist contribution: ,-166.305, New scanned ratio: ,0.0143313, New Scanned Cells Contribution: ,0,Area ratio: ,0.932876, Area ratio Contribution: ,0,Perim diff: ,1.06001, Perim diff Contribution: ,0,Frontier diff: ,0, Frontier diff Contribution ,0,Inverse Area ratio: ,0.931411, Inv Area Ratio Contribution: ,0,Inverse Perim ratio: ,1.07392, Inv Perim Contribution: ,0, Final Score: ,-167.305
Point: ,108,174,Repeat score:,1, Repeat contribution: ,-1,Dist:,32.8024, Dist contribution: ,-164.012, New scanned ratio: ,0.013534, New Scanned Cells Contribution: ,0,Area ratio: ,0.934968, Area ratio Contribution: ,0,Perim diff: ,1.0553, Perim diff Contribution: ,0,Frontier diff: ,0, Frontier diff Contribution ,0,Inverse Area ratio: ,0.932368, Inv Area Ratio Contribution: ,0,Inverse Perim ratio: ,1.06843, Inv Perim Contribution: ,0, Final Score: ,-165.012
Point: ,103,174,Repeat score:,1, Repeat contribution: ,-1,Dist:,36.0694, Dist contribution: ,-180.347, New scanned ratio: ,0.0135544, New Scanned Cells Contribution: ,0,Area ratio: ,0.935815, Area ratio Contribution: ,0,Perim diff: ,1.05836, Perim diff Contribution: ,0,Frontier diff: ,0, Frontier diff Contribution ,0,Inverse Area ratio: ,0.932333, Inv Area Ratio Contribution: ,0,Inverse Perim ratio: ,1.0717, Inv Perim Contribution: ,0, Final Score: ,-181.347
Point: ,100,172,Repeat score:,1, Repeat contribution: ,-1,Dist:,36.4905, Dist contribution: ,-182.453, New scanned ratio: ,0.0119802, New Scanned Cells Contribution: ,0,Area ratio: ,0.940169, Area ratio Contribution: ,0,Perim diff: ,1.05583, Perim diff Contribution: ,0,Frontier diff: ,0, Frontier diff Contribution ,0,Inverse Area ratio: ,0.934153, Inv Area Ratio Contribution: ,0,Inverse Perim ratio: ,1.06795, Inv Perim Contribution: ,0, Final Score: ,-183.453
Point: ,96,174,Repeat score:,1, Repeat contribution: ,-1,Dist:,41.2311, Dist contribution: ,-206.155, New scanned ratio: ,0.0135544, New Scanned Cells Contribution: ,0,Area ratio: ,0.936983, Area ratio Contribution: ,0,Perim diff: ,1.0584, Perim diff Contribution: ,0,Frontier diff: ,0, Frontier diff Contribution ,0,Inverse Area ratio: ,0.932345, Inv Area Ratio Contribution: ,0,Inverse Perim ratio: ,1.07176, Inv Perim Contribution: ,0, Final Score: ,-207.155
BEST Point:,148,155, Score: ,-101.211
COUNT COMMAND: 1
Total frontiers: ,99, Prioritised frontiers: ,23
At: ,147,154,
Point: ,186,156,Repeat score:,1, Repeat contribution: ,-1,Dist:,39.0866, Dist contribution: ,-195.433, New scanned ratio: ,0.0143272, New Scanned Cells Contribution: ,0,Area ratio: ,0.974532, Area ratio Contribution: ,0,Perim diff: ,1.05093, Perim diff Contribution: ,0,Frontier diff: ,0, Frontier diff Contribution ,0,Inverse Area ratio: ,0.931859, Inv Area Ratio Contribution: ,0,Inverse Perim ratio: ,1.05883, Inv Perim Contribution: ,0, Final Score: ,-196.433
Point: ,185,155,Repeat score:,1, Repeat contribution: ,-1,Dist:,38.0222, Dist contribution: ,-190.111, New scanned ratio: ,0.013414, New Scanned Cells Contribution: ,0,Area ratio: ,0.976037, Area ratio Contribution: ,0,Perim diff: ,1.048, Perim diff Contribution: ,0,Frontier diff: ,0, Frontier diff Contribution ,0,Inverse Area ratio: ,0.93293, Inv Area Ratio Contribution: ,0,Inverse Perim ratio: ,1.05526, Inv Perim Contribution: ,0, Final Score: ,-191.111
Point: ,180,155,Repeat score:,1, Repeat contribution: ,-1,Dist:,33.0256, Dist contribution: ,-165.128, New scanned ratio: ,0.0125008, New Scanned Cells Contribution: ,0,Area ratio: ,0.976277, Area ratio Contribution: ,0,Perim diff: ,1.04242, Perim diff Contribution: ,0,Frontier diff: ,0, Frontier diff Contribution ,0,Inverse Area ratio: ,0.934061, Inv Area Ratio Contribution: ,0,Inverse Perim ratio: ,1.04928, Inv Perim Contribution: ,0, Final Score: ,-166.128
Point: ,177,153,Repeat score:,1, Repeat contribution: ,-1,Dist:,30.0282, Dist contribution: ,-150.141, New scanned ratio: ,0.0102482, New Scanned Cells Contribution: ,0,Area ratio: ,0.978402, Area ratio Contribution: ,0,Perim diff: ,1.04109, Perim diff Contribution: ,0,Frontier diff: ,0, Frontier diff Contribution ,0,Inverse Area ratio: ,0.936676, Inv Area Ratio Contribution: ,0,Inverse Perim ratio: ,1.0474, Inv Perim Contribution: ,0, Final Score: ,-151.141
Point: ,175,153,Repeat score:,1, Repeat contribution: ,-1,Dist:,28.0302, Dist contribution: ,-140.151, New scanned ratio: ,0.00963939, New Scanned Cells Contribution: ,0,Area ratio: ,0.978234, Area ratio Contribution: ,0,Perim diff: ,1.04041, Perim diff Contribution: ,0,Frontier diff: ,0, Frontier diff Contribution ,0,Inverse Area ratio: ,0.936326, Inv Area Ratio Contribution: ,0,Inverse Perim ratio: ,1.04664, Inv Perim Contribution: ,0, Final Score: ,-141.151
Point: ,172,155,Repeat score:,1, Repeat contribution: ,-1,Dist:,25.0338, Dist contribution: ,-125.169, New scanned ratio: ,0.010025, New Scanned Cells Contribution: ,0,Area ratio: ,0.97559, Area ratio Contribution: ,0,Perim diff: ,1.04068, Perim diff Contribution: ,0,Frontier diff: ,0, Frontier diff Contribution ,0,Inverse Area ratio: ,0.935737, Inv Area Ratio Contribution: ,0,Inverse Perim ratio: ,1.04733, Inv Perim Contribution: ,0, Final Score: ,-126.169
Point: ,167,155,Repeat score:,1, Repeat contribution: ,-1,Dist:,20.0422, Dist contribution: ,-100.211, New scanned ratio: ,0.00834061, New Scanned Cells Contribution: ,0,Area ratio: ,0.975048, Area ratio Contribution: ,0,Perim diff: ,1.03997, Perim diff Contribution: ,0,Frontier diff: ,0, Frontier diff Contribution ,0,Inverse Area ratio: ,0.937713, Inv Area Ratio Contribution: ,0,Inverse Perim ratio: ,1.04644, Inv Perim Contribution: ,0, Final Score: ,-101.211
Point: ,167,160,Repeat score:,1, Repeat contribution: ,-1,Dist:,21.4672, Dist contribution: ,-107.336, New scanned ratio: ,0.0116484, New Scanned Cells Contribution: ,0,Area ratio: ,0.966126, Area ratio Contribution: ,0,Perim diff: ,1.04619, Perim diff Contribution: ,0,Frontier diff: ,0, Frontier diff Contribution ,0,Inverse Area ratio: ,0.933772, Inv Area Ratio Contribution: ,0,Inverse Perim ratio: ,1.0543, Inv Perim Contribution: ,0, Final Score: ,-108.336
Point: ,164,166,Repeat score:,1, Repeat contribution: ,-1,Dist:,23.0729, Dist contribution: ,-115.365, New scanned ratio: ,0.0147533, New Scanned Cells Contribution: ,0,Area ratio: ,0.953715, Area ratio Contribution: ,0,Perim diff: ,1.05853, Perim diff Contribution: ,0,Frontier diff: ,0, Frontier diff Contribution ,0,Inverse Area ratio: ,0.93002, Inv Area Ratio Contribution: ,0,Inverse Perim ratio: ,1.06922, Inv Perim Contribution: ,0, Final Score: ,-116.365
Point: ,159,171,Repeat score:,1, Repeat contribution: ,-1,Dist:,25.1478, Dist contribution: ,-125.739, New scanned ratio: ,0.0160724, New Scanned Cells Contribution: ,0,Area ratio: ,0.942964, Area ratio Contribution: ,0,Perim diff: ,1.07458, Perim diff Contribution: ,0,Frontier diff: ,0, Frontier diff Contribution ,0,Inverse Area ratio: ,0.924538, Inv Area Ratio Contribution: ,0,Inverse Perim ratio: ,1.08823, Inv Perim Contribution: ,0, Final Score: ,-126.739
Point: ,153,174,Repeat score:,1, Repeat contribution: ,-1,Dist:,26.6833, Dist contribution: ,-133.417, New scanned ratio: ,0.0159506, New Scanned Cells Contribution: ,0,Area ratio: ,0.936332, Area ratio Contribution: ,0,Perim diff: ,1.07561, Perim diff Contribution: ,0,Frontier diff: ,0, Frontier diff Contribution ,0,Inverse Area ratio: ,0.924667, Inv Area Ratio Contribution: ,0,Inverse Perim ratio: ,1.09063, Inv Perim Contribution: ,0, Final Score: ,-134.417
Point: ,148,174,Repeat score:,1, Repeat contribution: ,-1,Dist:,26.0192, Dist contribution: ,-130.096, New scanned ratio: ,0.0146519, New Scanned Cells Contribution: ,0,Area ratio: ,0.936071, Area ratio Contribution: ,0,Perim diff: ,1.06891, Perim diff Contribution: ,0,Frontier diff: ,0, Frontier diff Contribution ,0,Inverse Area ratio: ,0.92626, Inv Area Ratio Contribution: ,0,Inverse Perim ratio: ,1.08343, Inv Perim Contribution: ,0, Final Score: ,-131.096
Point: ,147,175,Repeat score:,1, Repeat contribution: ,-1,Dist:,27.3, Dist contribution: ,-136.5, New scanned ratio: ,0.0151998, New Scanned Cells Contribution: ,0,Area ratio: ,0.934153, Area ratio Contribution: ,0,Perim diff: ,1.07079, Perim diff Contribution: ,0,Frontier diff: ,0, Frontier diff Contribution ,0,Inverse Area ratio: ,0.925604, Inv Area Ratio Contribution: ,0,Inverse Perim ratio: ,1.08591, Inv Perim Contribution: ,0, Final Score: ,-137.5
Point: ,146,174,Repeat score:,1, Repeat contribution: ,-1,Dist:,26.0192, Dist contribution: ,-130.096, New scanned ratio: ,0.0142663, New Scanned Cells Contribution: ,0,Area ratio: ,0.936102, Area ratio Contribution: ,0,Perim diff: ,1.0668, Perim diff Contribution: ,0,Frontier diff: ,0, Frontier diff Contribution ,0,Inverse Area ratio: ,0.926729, Inv Area Ratio Contribution: ,0,Inverse Perim ratio: ,1.08115, Inv Perim Contribution: ,0, Final Score: ,-131.096
Point: ,141,174,Repeat score:,1, Repeat contribution: ,-1,Dist:,26.6833, Dist contribution: ,-133.417, New scanned ratio: ,0.0136169, New Scanned Cells Contribution: ,0,Area ratio: ,0.936395, Area ratio Contribution: ,0,Perim diff: ,1.06425, Perim diff Contribution: ,0,Frontier diff: ,0, Frontier diff Contribution ,0,Inverse Area ratio: ,0.92749, Inv Area Ratio Contribution: ,0,Inverse Perim ratio: ,1.07838, Inv Perim Contribution: ,0, Final Score: ,-134.417
Point: ,138,172,Repeat score:,1, Repeat contribution: ,-1,Dist:,25.0711, Dist contribution: ,-125.355, New scanned ratio: ,0.0119123, New Scanned Cells Contribution: ,0,Area ratio: ,0.940557, Area ratio Contribution: ,0,Perim diff: ,1.05834, Perim diff Contribution: ,0,Frontier diff: ,0, Frontier diff Contribution ,0,Inverse Area ratio: ,0.929541, Inv Area Ratio Contribution: ,0,Inverse Perim ratio: ,1.07124, Inv Perim Contribution: ,0, Final Score: ,-126.355
Point: ,134,174,Repeat score:,1, Repeat contribution: ,-1,Dist:,29.0689, Dist contribution: ,-145.344, New scanned ratio: ,0.0134546, New Scanned Cells Contribution: ,0,Area ratio: ,0.937489, Area ratio Contribution: ,0,Perim diff: ,1.05796, Perim diff Contribution: ,0,Frontier diff: ,0, Frontier diff Contribution ,0,Inverse Area ratio: ,0.92776, Inv Area Ratio Contribution: ,0,Inverse Perim ratio: ,1.07167, Inv Perim Contribution: ,0, Final Score: ,-146.344
Point: ,129,174,Repeat score:,1, Repeat contribution: ,-1,Dist:,31.6228, Dist contribution: ,-158.114, New scanned ratio: ,0.0134343, New Scanned Cells Contribution: ,0,Area ratio: ,0.938334, Area ratio Contribution: ,0,Perim diff: ,1.05499, Perim diff Contribution: ,0,Frontier diff: ,0, Frontier diff Contribution ,0,Inverse Area ratio: ,0.927771, Inv Area Ratio Contribution: ,0,Inverse Perim ratio: ,1.06836, Inv Perim Contribution: ,0, Final Score: ,-159.114
Point: ,128,175,Repeat score:,1, Repeat contribution: ,-1,Dist:,33.2609, Dist contribution: ,-166.305, New scanned ratio: ,0.0142257, New Scanned Cells Contribution: ,0,Area ratio: ,0.936576, Area ratio Contribution: ,0,Perim diff: ,1.05973, Perim diff Contribution: ,0,Frontier diff: ,0, Frontier diff Contribution ,0,Inverse Area ratio: ,0.926811, Inv Area Ratio Contribution: ,0,Inverse Perim ratio: ,1.07384, Inv Perim Contribution: ,0, Final Score: ,-167.305
Point: ,127,174,Repeat score:,1, Repeat contribution: ,-1,Dist:,32.8024, Dist contribution: ,-164.012, New scanned ratio: ,0.0134343, New Scanned Cells Contribution: ,0,Area ratio: ,0.938672, Area ratio Contribution: ,0,Perim diff: ,1.05502, Perim diff Contribution: ,0,Frontier diff: ,0, Frontier diff Contribution ,0,Inverse Area ratio: ,0.927771, Inv Area Ratio Contribution: ,0,Inverse Perim ratio: ,1.06836, Inv Perim Contribution: ,0, Final Score: ,-165.012
Point: ,122,174,Repeat score:,1, Repeat contribution: ,-1,Dist:,36.0694, Dist contribution: ,-180.347, New scanned ratio: ,0.0134546, New Scanned Cells Contribution: ,0,Area ratio: ,0.939519, Area ratio Contribution: ,0,Perim diff: ,1.05815, Perim diff Contribution: ,0,Frontier diff: ,0, Frontier diff Contribution ,0,Inverse Area ratio: ,0.927736, Inv Area Ratio Contribution: ,0,Inverse Perim ratio: ,1.07162, Inv Perim Contribution: ,0, Final Score: ,-181.347
Point: ,119,172,Repeat score:,1, Repeat contribution: ,-1,Dist:,36.4905, Dist contribution: ,-182.453, New scanned ratio: ,0.011892, New Scanned Cells Contribution: ,0,Area ratio: ,0.943881, Area ratio Contribution: ,0,Perim diff: ,1.05563, Perim diff Contribution: ,0,Frontier diff: ,0, Frontier diff Contribution ,0,Inverse Area ratio: ,0.929564, Inv Area Ratio Contribution: ,0,Inverse Perim ratio: ,1.06787, Inv Perim Contribution: ,0, Final Score: ,-183.453
Point: ,115,174,Repeat score:,1, Repeat contribution: ,-1,Dist:,41.2311, Dist contribution: ,-206.155, New scanned ratio: ,0.0134546, New Scanned Cells Contribution: ,0,Area ratio: ,0.940687, Area ratio Contribution: ,0,Perim diff: ,1.05833, Perim diff Contribution: ,0,Frontier diff: ,0, Frontier diff Contribution ,0,Inverse Area ratio: ,0.927748, Inv Area Ratio Contribution: ,0,Inverse Perim ratio: ,1.07169, Inv Perim Contribution: ,0, Final Score: ,-207.155
BEST Point:,167,155, Score: ,-101.211
COUNT COMMAND: 1
Total frontiers: ,99, Prioritised frontiers: ,23
At: ,166,154,
Point: ,205,155,Repeat score:,1, Repeat contribution: ,-1,Dist:,39.0217, Dist contribution: ,-195.108, New scanned ratio: ,0.0135775, New Scanned Cells Contribution: ,0,Area ratio: ,0.979061, Area ratio Contribution: ,0,Perim diff: ,1.04899, Perim diff Contribution: ,0,Frontier diff: ,0, Frontier diff Contribution ,0,Inverse Area ratio: ,0.927506, Inv Area Ratio Contribution: ,0,Inverse Perim ratio: ,1.06017, Inv Perim Contribution: ,0, Final Score: ,-196.108
Point: ,200,155,Repeat score:,1, Repeat contribution: ,-1,Dist:,34.0248, Dist contribution: ,-170.124, New scanned ratio: ,0.012671, New Scanned Cells Contribution: ,0,Area ratio: ,0.979273, Area ratio Contribution: ,0,Perim diff: ,1.04542, Perim diff Contribution: ,0,Frontier diff: ,0, Frontier diff Contribution ,0,Inverse Area ratio: ,0.928665, Inv Area Ratio Contribution: ,0,Inverse Perim ratio: ,1.05325, Inv Perim Contribution: ,0, Final Score: ,-171.124
Point: ,197,153,Repeat score:,1, Repeat contribution: ,-1,Dist:,31.0272, Dist contribution: ,-155.136, New scanned ratio: ,0.0103946, New Scanned Cells Contribution: ,0,Area ratio: ,0.981229, Area ratio Contribution: ,0,Perim diff: ,1.04141, Perim diff Contribution: ,0,Frontier diff: ,0, Frontier diff Contribution ,0,Inverse Area ratio: ,0.927795, Inv Area Ratio Contribution: ,0,Inverse Perim ratio: ,1.05136, Inv Perim Contribution: ,0, Final Score: ,-156.136
Point: ,195,153,Repeat score:,1, Repeat contribution: ,-1,Dist:,29.0291, Dist contribution: ,-145.146, New scanned ratio: ,0.00981044, New Scanned Cells Contribution: ,0,Area ratio: ,0.981072, Area ratio Contribution: ,0,Perim diff: ,1.04141, Perim diff Contribution: ,0,Frontier diff: ,0, Frontier diff Contribution ,0,Inverse Area ratio: ,0.928502, Inv Area Ratio Contribution: ,0,Inverse Perim ratio: ,1.04815, Inv Perim Contribution: ,0, Final Score: ,-146.146
Point: ,192,155,Repeat score:,1, Repeat contribution: ,-1,Dist:,26.0325, Dist contribution: ,-130.162, New scanned ratio: ,0.0102536, New Scanned Cells Contribution: ,0,Area ratio: ,0.978625, Area ratio Contribution: ,0,Perim diff: ,1.04017, Perim diff Contribution: ,0,Frontier diff: ,0, Frontier diff Contribution ,0,Inverse Area ratio: ,0.928078, Inv Area Ratio Contribution: ,0,Inverse Perim ratio: ,1.04734, Inv Perim Contribution: ,0, Final Score: ,-131.162
Point: ,187,155,Repeat score:,1, Repeat contribution: ,-1,Dist:,21.0402, Dist contribution: ,-105.201, New scanned ratio: ,0.00860176, New Scanned Cells Contribution: ,0,Area ratio: ,0.978157, Area ratio Contribution: ,0,Perim diff: ,1.03923, Perim diff Contribution: ,0,Frontier diff: ,0, Frontier diff Contribution ,0,Inverse Area ratio: ,0.929962, Inv Area Ratio Contribution: ,0,Inverse Perim ratio: ,1.04614, Inv Perim Contribution: ,0, Final Score: ,-106.201
Point: ,186,156,Repeat score:,1, Repeat contribution: ,-1,Dist:,20.1683, Dist contribution: ,-100.841, New scanned ratio: ,0.00890393, New Scanned Cells Contribution: ,0,Area ratio: ,0.97646, Area ratio Contribution: ,0,Perim diff: ,1.03977, Perim diff Contribution: ,0,Frontier diff: ,0, Frontier diff Contribution ,0,Inverse Area ratio: ,0.929632, Inv Area Ratio Contribution: ,0,Inverse Perim ratio: ,1.04701, Inv Perim Contribution: ,0, Final Score: ,-101.841
Point: ,186,160,Repeat score:,1, Repeat contribution: ,-1,Dist:,21.4672, Dist contribution: ,-107.336, New scanned ratio: ,0.011563, New Scanned Cells Contribution: ,0,Area ratio: ,0.969312, Area ratio Contribution: ,0,Perim diff: ,1.0448, Perim diff Contribution: ,0,Frontier diff: ,0, Frontier diff Contribution ,0,Inverse Area ratio: ,0.926428, Inv Area Ratio Contribution: ,0,Inverse Perim ratio: ,1.05349, Inv Perim Contribution: ,0, Final Score: ,-108.336
Point: ,183,166,Repeat score:,1, Repeat contribution: ,-1,Dist:,23.0729, Dist contribution: ,-115.365, New scanned ratio: ,0.014625, New Scanned Cells Contribution: ,0,Area ratio: ,0.957047, Area ratio Contribution: ,0,Perim diff: ,1.05758, Perim diff Contribution: ,0,Frontier diff: ,0, Frontier diff Contribution ,0,Inverse Area ratio: ,0.922683, Inv Area Ratio Contribution: ,0,Inverse Perim ratio: ,1.06907, Inv Perim Contribution: ,0, Final Score: ,-116.365
Point: ,178,171,Repeat score:,1, Repeat contribution: ,-1,Dist:,25.1478, Dist contribution: ,-125.739, New scanned ratio: ,0.0159344, New Scanned Cells Contribution: ,0,Area ratio: ,0.946286, Area ratio Contribution: ,0,Perim diff: ,1.07334, Perim diff Contribution: ,0,Frontier diff: ,0, Frontier diff Contribution ,0,Inverse Area ratio: ,0.919739, Inv Area Ratio Contribution: ,0,Inverse Perim ratio: ,1.08798, Inv Perim Contribution: ,0, Final Score: ,-126.739
Point: ,172,174,Repeat score:,1, Repeat contribution: ,-1,Dist:,26.6833, Dist contribution: ,-133.417, New scanned ratio: ,0.0158337, New Scanned Cells Contribution: ,0,Area ratio: ,0.939693, Area ratio Contribution: ,0,Perim diff: ,1.07394, Perim diff Contribution: ,0,Frontier diff: ,0, Frontier diff Contribution ,0,Inverse Area ratio: ,0.919833, Inv Area Ratio Contribution: ,0,Inverse Perim ratio: ,1.08987, Inv Perim Contribution: ,0, Final Score: ,-134.417
Point: ,167,174,Repeat score:,1, Repeat contribution: ,-1,Dist:,26.0192, Dist contribution: ,-130.096, New scanned ratio: ,0.0145444, New Scanned Cells Contribution: ,0,Area ratio: ,0.939436, Area ratio Contribution: ,0,Perim diff: ,1.06734, Perim diff Contribution: ,0,Frontier diff: ,0, Frontier diff Contribution ,0,Inverse Area ratio: ,0.921433, Inv Area Ratio Contribution: ,0,Inverse Perim ratio: ,1.08266, Inv Perim Contribution: ,0, Final Score: ,-131.096
Point: ,166,175,Repeat score:,1, Repeat contribution: ,-1,Dist:,27.3, Dist contribution: ,-136.5, New scanned ratio: ,0.0150883, New Scanned Cells Contribution: ,0,Area ratio: ,0.937604, Area ratio Contribution: ,0,Perim diff: ,1.06921, Perim diff Contribution: ,0,Frontier diff: ,0, Frontier diff Contribution ,0,Inverse Area ratio: ,0.920774, Inv Area Ratio Contribution: ,0,Inverse Perim ratio: ,1.08515, Inv Perim Contribution: ,0, Final Score: ,-137.5
Point: ,165,174,Repeat score:,1, Repeat contribution: ,-1,Dist:,26.0192, Dist contribution: ,-130.096, New scanned ratio: ,0.0141617, New Scanned Cells Contribution: ,0,Area ratio: ,0.939469, Area ratio Contribution: ,0,Perim diff: ,1.06527, Perim diff Contribution: ,0,Frontier diff: ,0, Frontier diff Contribution ,0,Inverse Area ratio: ,0.921903, Inv Area Ratio Contribution: ,0,Inverse Perim ratio: ,1.08039, Inv Perim Contribution: ,0, Final Score: ,-131.096
Point: ,160,174,Repeat score:,1, Repeat contribution: ,-1,Dist:,26.6833, Dist contribution: ,-133.417, New scanned ratio: ,0.0135171, New Scanned Cells Contribution: ,0,Area ratio: ,0.939852, Area ratio Contribution: ,0,Perim diff: ,1.06281, Perim diff Contribution: ,0,Frontier diff: ,0, Frontier diff Contribution ,0,Inverse Area ratio: ,0.922668, Inv Area Ratio Contribution: ,0,Inverse Perim ratio: ,1.07762, Inv Perim Contribution: ,0, Final Score: ,-134.417
Point: ,157,172,Repeat score:,1, Repeat contribution: ,-1,Dist:,25.0711, Dist contribution: ,-125.355, New scanned ratio: ,0.0118249, New Scanned Cells Contribution: ,0,Area ratio: ,0.94393, Area ratio Contribution: ,0,Perim diff: ,1.05698, Perim diff Contribution: ,0,Frontier diff: ,0, Frontier diff Contribution ,0,Inverse Area ratio: ,0.924727, Inv Area Ratio Contribution: ,0,Inverse Perim ratio: ,1.07047, Inv Perim Contribution: ,0, Final Score: ,-126.355
Point: ,153,174,Repeat score:,1, Repeat contribution: ,-1,Dist:,29.0689, Dist contribution: ,-145.344, New scanned ratio: ,0.0133559, New Scanned Cells Contribution: ,0,Area ratio: ,0.941071, Area ratio Contribution: ,0,Perim diff: ,1.05664, Perim diff Contribution: ,0,Frontier diff: ,0, Frontier diff Contribution ,0,Inverse Area ratio: ,0.922938, Inv Area Ratio Contribution: ,0,Inverse Perim ratio: ,1.07091, Inv Perim Contribution: ,0, Final Score: ,-146.344
Point: ,148,174,Repeat score:,1, Repeat contribution: ,-1,Dist:,31.6228, Dist contribution: ,-158.114, New scanned ratio: ,0.0133358, New Scanned Cells Contribution: ,0,Area ratio: ,0.942005, Area ratio Contribution: ,0,Perim diff: ,1.05375, Perim diff Contribution: ,0,Frontier diff: ,0, Frontier diff Contribution ,0,Inverse Area ratio: ,0.92295, Inv Area Ratio Contribution: ,0,Inverse Perim ratio: ,1.06759, Inv Perim Contribution: ,0, Final Score: ,-159.114
Point: ,147,175,Repeat score:,1, Repeat contribution: ,-1,Dist:,33.2609, Dist contribution: ,-166.305, New scanned ratio: ,0.0141214, New Scanned Cells Contribution: ,0,Area ratio: ,0.940278, Area ratio Contribution: ,0,Perim diff: ,1.05849, Perim diff Contribution: ,0,Frontier diff: ,0, Frontier diff Contribution ,0,Inverse Area ratio: ,0.921986, Inv Area Ratio Contribution: ,0,Inverse Perim ratio: ,1.07308, Inv Perim Contribution: ,0, Final Score: ,-167.305
Point: ,146,174,Repeat score:,1, Repeat contribution: ,-1,Dist:,32.8024, Dist contribution: ,-164.012, New scanned ratio: ,0.0133358, New Scanned Cells Contribution: ,0,Area ratio: ,0.942379, Area ratio Contribution: ,0,Perim diff: ,1.05381, Perim diff Contribution: ,0,Frontier diff: ,0, Frontier diff Contribution ,0,Inverse Area ratio: ,0.92295, Inv Area Ratio Contribution: ,0,Inverse Perim ratio: ,1.06759, Inv Perim Contribution: ,0, Final Score: ,-165.012
Point: ,141,174,Repeat score:,1, Repeat contribution: ,-1,Dist:,36.0694, Dist contribution: ,-180.347, New scanned ratio: ,0.0133559, New Scanned Cells Contribution: ,0,Area ratio: ,0.943226, Area ratio Contribution: ,0,Perim diff: ,1.05702, Perim diff Contribution: ,0,Frontier diff: ,0, Frontier diff Contribution ,0,Inverse Area ratio: ,0.922915, Inv Area Ratio Contribution: ,0,Inverse Perim ratio: ,1.07086, Inv Perim Contribution: ,0, Final Score: ,-181.347
Point: ,138,172,Repeat score:,1, Repeat contribution: ,-1,Dist:,36.4905, Dist contribution: ,-182.453, New scanned ratio: ,0.0118048, New Scanned Cells Contribution: ,0,Area ratio: ,0.947524, Area ratio Contribution: ,0,Perim diff: ,1.05454, Perim diff Contribution: ,0,Frontier diff: ,0, Frontier diff Contribution ,0,Inverse Area ratio: ,0.92475, Inv Area Ratio Contribution: ,0,Inverse Perim ratio: ,1.06711, Inv Perim Contribution: ,0, Final Score: ,-183.453
Point: ,134,174,Repeat score:,1, Repeat contribution: ,-1,Dist:,41.2311, Dist contribution: ,-206.155, New scanned ratio: ,0.0133559, New Scanned Cells Contribution: ,0,Area ratio: ,0.944395, Area ratio Contribution: ,0,Perim diff: ,1.0573, Perim diff Contribution: ,0,Frontier diff: ,0, Frontier diff Contribution ,0,Inverse Area ratio: ,0.922927, Inv Area Ratio Contribution: ,0,Inverse Perim ratio: ,1.07092, Inv Perim Contribution: ,0, Final Score: ,-207.155
BEST Point:,186,156, Score: ,-101.841
COUNT COMMAND: 1
Total frontiers: ,99, Prioritised frontiers: ,22
At: ,185,155,
Point: ,220,154,Repeat score:,1, Repeat contribution: ,-1,Dist:,35.0241, Dist contribution: ,-175.121, New scanned ratio: ,0.0123713, New Scanned Cells Contribution: ,0,Area ratio: ,0.98312, Area ratio Contribution: ,0,Perim diff: ,1.04326, Perim diff Contribution: ,0,Frontier diff: ,0, Frontier diff Contribution ,0,Inverse Area ratio: ,0.922365, Inv Area Ratio Contribution: ,0,Inverse Perim ratio: ,1.0517, Inv Perim Contribution: ,0, Final Score: ,-176.121
Point: ,217,152,Repeat score:,1, Repeat contribution: ,-1,Dist:,32.2368, Dist contribution: ,-161.184, New scanned ratio: ,0.0101729, New Scanned Cells Contribution: ,0,Area ratio: ,0.983866, Area ratio Contribution: ,0,Perim diff: ,1.04175, Perim diff Contribution: ,0,Frontier diff: ,0, Frontier diff Contribution ,0,Inverse Area ratio: ,0.924998, Inv Area Ratio Contribution: ,0,Inverse Perim ratio: ,1.04936, Inv Perim Contribution: ,0, Final Score: ,-162.184
Point: ,212,155,Repeat score:,1, Repeat contribution: ,-1,Dist:,27, Dist contribution: ,-135, New scanned ratio: ,0.0106326, New Scanned Cells Contribution: ,0,Area ratio: ,0.982176, Area ratio Contribution: ,0,Perim diff: ,1.04126, Perim diff Contribution: ,0,Frontier diff: ,0, Frontier diff Contribution ,0,Inverse Area ratio: ,0.921677, Inv Area Ratio Contribution: ,0,Inverse Perim ratio: ,1.04924, Inv Perim Contribution: ,0, Final Score: ,-136
Point: ,207,155,Repeat score:,1, Repeat contribution: ,-1,Dist:,22, Dist contribution: ,-110, New scanned ratio: ,0.00887379, New Scanned Cells Contribution: ,0,Area ratio: ,0.981557, Area ratio Contribution: ,0,Perim diff: ,1.04112, Perim diff Contribution: ,0,Frontier diff: ,0, Frontier diff Contribution ,0,Inverse Area ratio: ,0.923805, Inv Area Ratio Contribution: ,0,Inverse Perim ratio: ,1.04884, Inv Perim Contribution: ,0, Final Score: ,-111
Point: ,205,156,Repeat score:,1, Repeat contribution: ,-1,Dist:,20.0422, Dist contribution: ,-100.211, New scanned ratio: ,0.00875387, New Scanned Cells Contribution: ,0,Area ratio: ,0.979911, Area ratio Contribution: ,0,Perim diff: ,1.04244, Perim diff Contribution: ,0,Frontier diff: ,0, Frontier diff Contribution ,0,Inverse Area ratio: ,0.923924, Inv Area Ratio Contribution: ,0,Inverse Perim ratio: ,1.05046, Inv Perim Contribution: ,0, Final Score: ,-101.211
Point: ,205,161,Repeat score:,1, Repeat contribution: ,-1,Dist:,21.4672, Dist contribution: ,-107.336, New scanned ratio: ,0.0119916, New Scanned Cells Contribution: ,0,Area ratio: ,0.971005, Area ratio Contribution: ,0,Perim diff: ,1.0481, Perim diff Contribution: ,0,Frontier diff: ,0, Frontier diff Contribution ,0,Inverse Area ratio: ,0.919986, Inv Area Ratio Contribution: ,0,Inverse Perim ratio: ,1.05833, Inv Perim Contribution: ,0, Final Score: ,-108.336
Point: ,202,167,Repeat score:,1, Repeat contribution: ,-1,Dist:,23.0729, Dist contribution: ,-115.365, New scanned ratio: ,0.0147097, New Scanned Cells Contribution: ,0,Area ratio: ,0.958498, Area ratio Contribution: ,0,Perim diff: ,1.06316, Perim diff Contribution: ,0,Frontier diff: ,0, Frontier diff Contribution ,0,Inverse Area ratio: ,0.913071, Inv Area Ratio Contribution: ,0,Inverse Perim ratio: ,1.07663, Inv Perim Contribution: ,0, Final Score: ,-116.365
Point: ,197,172,Repeat score:,1, Repeat contribution: ,-1,Dist:,25.1478, Dist contribution: ,-125.739, New scanned ratio: ,0.0158489, New Scanned Cells Contribution: ,0,Area ratio: ,0.947628, Area ratio Contribution: ,0,Perim diff: ,1.07598, Perim diff Contribution: ,0,Frontier diff: ,0, Frontier diff Contribution ,0,Inverse Area ratio: ,0.911563, Inv Area Ratio Contribution: ,0,Inverse Perim ratio: ,1.09294, Inv Perim Contribution: ,0, Final Score: ,-126.739
Point: ,191,175,Repeat score:,1, Repeat contribution: ,-1,Dist:,26.6833, Dist contribution: ,-133.417, New scanned ratio: ,0.015769, New Scanned Cells Contribution: ,0,Area ratio: ,0.941106, Area ratio Contribution: ,0,Perim diff: ,1.07529, Perim diff Contribution: ,0,Frontier diff: ,0, Frontier diff Contribution ,0,Inverse Area ratio: ,0.911658, Inv Area Ratio Contribution: ,0,Inverse Perim ratio: ,1.0934, Inv Perim Contribution: ,0, Final Score: ,-134.417
Point: ,186,175,Repeat score:,1, Repeat contribution: ,-1,Dist:,26.0192, Dist contribution: ,-130.096, New scanned ratio: ,0.0146098, New Scanned Cells Contribution: ,0,Area ratio: ,0.940973, Area ratio Contribution: ,0,Perim diff: ,1.06708, Perim diff Contribution: ,0,Frontier diff: ,0, Frontier diff Contribution ,0,Inverse Area ratio: ,0.913142, Inv Area Ratio Contribution: ,0,Inverse Perim ratio: ,1.08439, Inv Perim Contribution: ,0, Final Score: ,-131.096
Point: ,185,176,Repeat score:,1, Repeat contribution: ,-1,Dist:,27.3, Dist contribution: ,-136.5, New scanned ratio: ,0.0151494, New Scanned Cells Contribution: ,0,Area ratio: ,0.939159, Area ratio Contribution: ,0,Perim diff: ,1.06897, Perim diff Contribution: ,0,Frontier diff: ,0, Frontier diff Contribution ,0,Inverse Area ratio: ,0.912459, Inv Area Ratio Contribution: ,0,Inverse Perim ratio: ,1.08687, Inv Perim Contribution: ,0, Final Score: ,-137.5
Point: ,184,175,Repeat score:,1, Repeat contribution: ,-1,Dist:,26.0192, Dist contribution: ,-130.096, New scanned ratio: ,0.01425, New Scanned Cells Contribution: ,0,Area ratio: ,0.941016, Area ratio Contribution: ,0,Perim diff: ,1.06685, Perim diff Contribution: ,0,Frontier diff: ,0, Frontier diff Contribution ,0,Inverse Area ratio: ,0.913566, Inv Area Ratio Contribution: ,0,Inverse Perim ratio: ,1.08392, Inv Perim Contribution: ,0, Final Score: ,-131.096
Point: ,179,175,Repeat score:,1, Repeat contribution: ,-1,Dist:,26.6833, Dist contribution: ,-133.417, New scanned ratio: ,0.0137104, New Scanned Cells Contribution: ,0,Area ratio: ,0.94151, Area ratio Contribution: ,0,Perim diff: ,1.0628, Perim diff Contribution: ,0,Frontier diff: ,0, Frontier diff Contribution ,0,Inverse Area ratio: ,0.914214, Inv Area Ratio Contribution: ,0,Inverse Perim ratio: ,1.07934, Inv Perim Contribution: ,0, Final Score: ,-134.417
Point: ,176,173,Repeat score:,1, Repeat contribution: ,-1,Dist:,25.0711, Dist contribution: ,-125.355, New scanned ratio: ,0.0120915, New Scanned Cells Contribution: ,0,Area ratio: ,0.945657, Area ratio Contribution: ,0,Perim diff: ,1.05651, Perim diff Contribution: ,0,Frontier diff: ,0, Frontier diff Contribution ,0,Inverse Area ratio: ,0.916204, Inv Area Ratio Contribution: ,0,Inverse Perim ratio: ,1.07469, Inv Perim Contribution: ,0, Final Score: ,-126.355
Point: ,173,173,Repeat score:,1, Repeat contribution: ,-1,Dist:,26.2975, Dist contribution: ,-131.488, New scanned ratio: ,0.0120915, New Scanned Cells Contribution: ,0,Area ratio: ,0.946199, Area ratio Contribution: ,0,Perim diff: ,1.05373, Perim diff Contribution: ,0,Frontier diff: ,0, Frontier diff Contribution ,0,Inverse Area ratio: ,0.916228, Inv Area Ratio Contribution: ,0,Inverse Perim ratio: ,1.06812, Inv Perim Contribution: ,0, Final Score: ,-132.488
Point: ,172,174,Repeat score:,1, Repeat contribution: ,-1,Dist:,27.9122, Dist contribution: ,-139.561, New scanned ratio: ,0.012911, New Scanned Cells Contribution: ,0,Area ratio: ,0.94463, Area ratio Contribution: ,0,Perim diff: ,1.05415, Perim diff Contribution: ,0,Frontier diff: ,0, Frontier diff Contribution ,0,Inverse Area ratio: ,0.915286, Inv Area Ratio Contribution: ,0,Inverse Perim ratio: ,1.06918, Inv Perim Contribution: ,0, Final Score: ,-140.561
Point: ,167,174,Repeat score:,1, Repeat contribution: ,-1,Dist:,30.5629, Dist contribution: ,-152.814, New scanned ratio: ,0.0129709, New Scanned Cells Contribution: ,0,Area ratio: ,0.945649, Area ratio Contribution: ,0,Perim diff: ,1.05321, Perim diff Contribution: ,0,Frontier diff: ,0, Frontier diff Contribution ,0,Inverse Area ratio: ,0.91518, Inv Area Ratio Contribution: ,0,Inverse Perim ratio: ,1.06791, Inv Perim Contribution: ,0, Final Score: ,-153.814
Point: ,166,175,Repeat score:,1, Repeat contribution: ,-1,Dist:,32.2025, Dist contribution: ,-161.012, New scanned ratio: ,0.0137903, New Scanned Cells Contribution: ,0,Area ratio: ,0.944065, Area ratio Contribution: ,0,Perim diff: ,1.05579, Perim diff Contribution: ,0,Frontier diff: ,0, Frontier diff Contribution ,0,Inverse Area ratio: ,0.91419, Inv Area Ratio Contribution: ,0,Inverse Perim ratio: ,1.07113, Inv Perim Contribution: ,0, Final Score: ,-162.012
Point: ,165,174,Repeat score:,1, Repeat contribution: ,-1,Dist:,31.7819, Dist contribution: ,-158.91, New scanned ratio: ,0.0130309, New Scanned Cells Contribution: ,0,Area ratio: ,0.946089, Area ratio Contribution: ,0,Perim diff: ,1.05268, Perim diff Contribution: ,0,Frontier diff: ,0, Frontier diff Contribution ,0,Inverse Area ratio: ,0.915121, Inv Area Ratio Contribution: ,0,Inverse Perim ratio: ,1.06725, Inv Perim Contribution: ,0, Final Score: ,-159.91
Point: ,160,174,Repeat score:,1, Repeat contribution: ,-1,Dist:,35.1438, Dist contribution: ,-175.719, New scanned ratio: ,0.0131308, New Scanned Cells Contribution: ,0,Area ratio: ,0.947091, Area ratio Contribution: ,0,Perim diff: ,1.05661, Perim diff Contribution: ,0,Frontier diff: ,0, Frontier diff Contribution ,0,Inverse Area ratio: ,0.914979, Inv Area Ratio Contribution: ,0,Inverse Perim ratio: ,1.07118, Inv Perim Contribution: ,0, Final Score: ,-176.719
Point: ,157,172,Repeat score:,1, Repeat contribution: ,-1,Dist:,35.6709, Dist contribution: ,-178.354, New scanned ratio: ,0.0116718, New Scanned Cells Contribution: ,0,Area ratio: ,0.951393, Area ratio Contribution: ,0,Perim diff: ,1.05358, Perim diff Contribution: ,0,Frontier diff: ,0, Frontier diff Contribution ,0,Inverse Area ratio: ,0.916734, Inv Area Ratio Contribution: ,0,Inverse Perim ratio: ,1.06676, Inv Perim Contribution: ,0, Final Score: ,-179.354
Point: ,153,174,Repeat score:,1, Repeat contribution: ,-1,Dist:,40.4239, Dist contribution: ,-202.119, New scanned ratio: ,0.0132507, New Scanned Cells Contribution: ,0,Area ratio: ,0.9485, Area ratio Contribution: ,0,Perim diff: ,1.05727, Perim diff Contribution: ,0,Frontier diff: ,0, Frontier diff Contribution ,0,Inverse Area ratio: ,0.91485, Inv Area Ratio Contribution: ,0,Inverse Perim ratio: ,1.07153, Inv Perim Contribution: ,0, Final Score: ,-203.119
BEST Point:,205,156, Score: ,-101.211
COUNT COMMAND: 1
Total frontiers: ,102, Prioritised frontiers: ,26
At: ,204,155,
Point: ,240,154,Repeat score:,1, Repeat contribution: ,-1,Dist:,36.0235, Dist contribution: ,-180.117, New scanned ratio: ,0.0127122, New Scanned Cells Contribution: ,0,Area ratio: ,0.986369, Area ratio Contribution: ,0,Perim diff: ,1.04298, Perim diff Contribution: ,0,Frontier diff: ,0, Frontier diff Contribution ,0,Inverse Area ratio: ,0.912581, Inv Area Ratio Contribution: ,0,Inverse Perim ratio: ,1.05287, Inv Perim Contribution: ,0, Final Score: ,-181.117
Point: ,237,152,Repeat score:,1, Repeat contribution: ,-1,Dist:,33.2297, Dist contribution: ,-166.148, New scanned ratio: ,0.0105704, New Scanned Cells Contribution: ,0,Area ratio: ,0.986793, Area ratio Contribution: ,0,Perim diff: ,1.04049, Perim diff Contribution: ,0,Frontier diff: ,0, Frontier diff Contribution ,0,Inverse Area ratio: ,0.915178, Inv Area Ratio Contribution: ,0,Inverse Perim ratio: ,1.0492, Inv Perim Contribution: ,0, Final Score: ,-167.148
Point: ,235,152,Repeat score:,1, Repeat contribution: ,-1,Dist:,31.2444, Dist contribution: ,-156.222, New scanned ratio: ,0.0100151, New Scanned Cells Contribution: ,0,Area ratio: ,0.986729, Area ratio Contribution: ,0,Perim diff: ,1.0398, Perim diff Contribution: ,0,Frontier diff: ,0, Frontier diff Contribution ,0,Inverse Area ratio: ,0.915831, Inv Area Ratio Contribution: ,0,Inverse Perim ratio: ,1.04814, Inv Perim Contribution: ,0, Final Score: ,-157.222
Point: ,232,154,Repeat score:,1, Repeat contribution: ,-1,Dist:,28.0302, Dist contribution: ,-140.151, New scanned ratio: ,0.0104514, New Scanned Cells Contribution: ,0,Area ratio: ,0.985963, Area ratio Contribution: ,0,Perim diff: ,1.03847, Perim diff Contribution: ,0,Frontier diff: ,0, Frontier diff Contribution ,0,Inverse Area ratio: ,0.915392, Inv Area Ratio Contribution: ,0,Inverse Perim ratio: ,1.04726, Inv Perim Contribution: ,0, Final Score: ,-141.151
Point: ,227,154,Repeat score:,1, Repeat contribution: ,-1,Dist:,23.0367, Dist contribution: ,-115.184, New scanned ratio: ,0.00880533, New Scanned Cells Contribution: ,0,Area ratio: ,0.985497, Area ratio Contribution: ,0,Perim diff: ,1.03738, Perim diff Contribution: ,0,Frontier diff: ,0, Frontier diff Contribution ,0,Inverse Area ratio: ,0.917372, Inv Area Ratio Contribution: ,0,Inverse Perim ratio: ,1.0457, Inv Perim Contribution: ,0, Final Score: ,-116.184
Point: ,226,155,Repeat score:,1, Repeat contribution: ,-1,Dist:,22, Dist contribution: ,-110, New scanned ratio: ,0.00906314, New Scanned Cells Contribution: ,0,Area ratio: ,0.985067, Area ratio Contribution: ,0,Perim diff: ,1.03818, Perim diff Contribution: ,0,Frontier diff: ,0, Frontier diff Contribution ,0,Inverse Area ratio: ,0.917064, Inv Area Ratio Contribution: ,0,Inverse Perim ratio: ,1.04689, Inv Perim Contribution: ,0, Final Score: ,-111
Point: ,224,154,Repeat score:,1, Repeat contribution: ,-1,Dist:,20.0422, Dist contribution: ,-100.211, New scanned ratio: ,0.00775424, New Scanned Cells Contribution: ,0,Area ratio: ,0.985154, Area ratio Contribution: ,0,Perim diff: ,1.03846, Perim diff Contribution: ,0,Frontier diff: ,0, Frontier diff Contribution ,0,Inverse Area ratio: ,0.918629, Inv Area Ratio Contribution: ,0,Inverse Perim ratio: ,1.04665, Inv Perim Contribution: ,0, Final Score: ,-101.211
Point: ,225,155,Repeat score:,1, Repeat contribution: ,-1,Dist:,21, Dist contribution: ,-105, New scanned ratio: ,0.00870617, New Scanned Cells Contribution: ,0,Area ratio: ,0.984976, Area ratio Contribution: ,0,Perim diff: ,1.03736, Perim diff Contribution: ,0,Frontier diff: ,0, Frontier diff Contribution ,0,Inverse Area ratio: ,0.917467, Inv Area Ratio Contribution: ,0,Inverse Perim ratio: ,1.04913, Inv Perim Contribution: ,0, Final Score: ,-106
Point: ,224,156,Repeat score:,1, Repeat contribution: ,-1,Dist:,20.0422, Dist contribution: ,-100.211, New scanned ratio: ,0.00892432, New Scanned Cells Contribution: ,0,Area ratio: ,0.983585, Area ratio Contribution: ,0,Perim diff: ,1.04105, Perim diff Contribution: ,0,Frontier diff: ,0, Frontier diff Contribution ,0,Inverse Area ratio: ,0.917171, Inv Area Ratio Contribution: ,0,Inverse Perim ratio: ,1.05012, Inv Perim Contribution: ,0, Final Score: ,-101.211
Point: ,224,161,Repeat score:,1, Repeat contribution: ,-1,Dist:,21.4672, Dist contribution: ,-107.336, New scanned ratio: ,0.0121371, New Scanned Cells Contribution: ,0,Area ratio: ,0.974831, Area ratio Contribution: ,0,Perim diff: ,1.04666, Perim diff Contribution: ,0,Frontier diff: ,0, Frontier diff Contribution ,0,Inverse Area ratio: ,0.913245, Inv Area Ratio Contribution: ,0,Inverse Perim ratio: ,1.05839, Inv Perim Contribution: ,0, Final Score: ,-108.336
Point: ,221,167,Repeat score:,1, Repeat contribution: ,-1,Dist:,23.0729, Dist contribution: ,-115.365, New scanned ratio: ,0.0147747, New Scanned Cells Contribution: ,0,Area ratio: ,0.96234, Area ratio Contribution: ,0,Perim diff: ,1.06281, Perim diff Contribution: ,0,Frontier diff: ,0, Frontier diff Contribution ,0,Inverse Area ratio: ,0.90711, Inv Area Ratio Contribution: ,0,Inverse Perim ratio: ,1.07839, Inv Perim Contribution: ,0, Final Score: ,-116.365
Point: ,216,172,Repeat score:,1, Repeat contribution: ,-1,Dist:,25.1478, Dist contribution: ,-125.739, New scanned ratio: ,0.0157663, New Scanned Cells Contribution: ,0,Area ratio: ,0.951237, Area ratio Contribution: ,0,Perim diff: ,1.07431, Perim diff Contribution: ,0,Frontier diff: ,-1, Frontier diff Contribution ,-0,Inverse Area ratio: ,0.90575, Inv Area Ratio Contribution: ,0,Inverse Perim ratio: ,1.09369, Inv Perim Contribution: ,0, Final Score: ,-126.739
Point: ,210,175,Repeat score:,1, Repeat contribution: ,-1,Dist:,26.6833, Dist contribution: ,-133.417, New scanned ratio: ,0.0155878, New Scanned Cells Contribution: ,0,Area ratio: ,0.944595, Area ratio Contribution: ,0,Perim diff: ,1.07366, Perim diff Contribution: ,0,Frontier diff: ,0, Frontier diff Contribution ,0,Inverse Area ratio: ,0.905998, Inv Area Ratio Contribution: ,0,Inverse Perim ratio: ,1.0939, Inv Perim Contribution: ,0, Final Score: ,-134.417
Point: ,205,175,Repeat score:,1, Repeat contribution: ,-1,Dist:,26.0192, Dist contribution: ,-130.096, New scanned ratio: ,0.0143186, New Scanned Cells Contribution: ,0,Area ratio: ,0.944478, Area ratio Contribution: ,0,Perim diff: ,1.06747, Perim diff Contribution: ,0,Frontier diff: ,0, Frontier diff Contribution ,0,Inverse Area ratio: ,0.907606, Inv Area Ratio Contribution: ,0,Inverse Perim ratio: ,1.08669, Inv Perim Contribution: ,0, Final Score: ,-131.096
Point: ,204,176,Repeat score:,1, Repeat contribution: ,-1,Dist:,27.3, Dist contribution: ,-136.5, New scanned ratio: ,0.014854, New Scanned Cells Contribution: ,0,Area ratio: ,0.942626, Area ratio Contribution: ,0,Perim diff: ,1.06927, Perim diff Contribution: ,0,Frontier diff: ,0, Frontier diff Contribution ,0,Inverse Area ratio: ,0.906944, Inv Area Ratio Contribution: ,0,Inverse Perim ratio: ,1.08918, Inv Perim Contribution: ,0, Final Score: ,-137.5
Point: ,203,175,Repeat score:,1, Repeat contribution: ,-1,Dist:,26.0192, Dist contribution: ,-130.096, New scanned ratio: ,0.0139418, New Scanned Cells Contribution: ,0,Area ratio: ,0.944565, Area ratio Contribution: ,0,Perim diff: ,1.06554, Perim diff Contribution: ,0,Frontier diff: ,0, Frontier diff Contribution ,0,Inverse Area ratio: ,0.908079, Inv Area Ratio Contribution: ,0,Inverse Perim ratio: ,1.08442, Inv Perim Contribution: ,0, Final Score: ,-131.096
Point: ,198,175,Repeat score:,1, Repeat contribution: ,-1,Dist:,26.6833, Dist contribution: ,-133.417, New scanned ratio: ,0.0133072, New Scanned Cells Contribution: ,0,Area ratio: ,0.944975, Area ratio Contribution: ,0,Perim diff: ,1.06341, Perim diff Contribution: ,0,Frontier diff: ,0, Frontier diff Contribution ,0,Inverse Area ratio: ,0.908848, Inv Area Ratio Contribution: ,0,Inverse Perim ratio: ,1.08165, Inv Perim Contribution: ,0, Final Score: ,-134.417
Point: ,195,173,Repeat score:,1, Repeat contribution: ,-1,Dist:,25.0711, Dist contribution: ,-125.355, New scanned ratio: ,0.0116413, New Scanned Cells Contribution: ,0,Area ratio: ,0.94907, Area ratio Contribution: ,0,Perim diff: ,1.05829, Perim diff Contribution: ,0,Frontier diff: ,0, Frontier diff Contribution ,0,Inverse Area ratio: ,0.910882, Inv Area Ratio Contribution: ,0,Inverse Perim ratio: ,1.07484, Inv Perim Contribution: ,0, Final Score: ,-126.355
Point: ,191,175,Repeat score:,1, Repeat contribution: ,-1,Dist:,29.0689, Dist contribution: ,-145.344, New scanned ratio: ,0.013208, New Scanned Cells Contribution: ,0,Area ratio: ,0.946245, Area ratio Contribution: ,0,Perim diff: ,1.06031, Perim diff Contribution: ,0,Frontier diff: ,0, Frontier diff Contribution ,0,Inverse Area ratio: ,0.909002, Inv Area Ratio Contribution: ,0,Inverse Perim ratio: ,1.07775, Inv Perim Contribution: ,0, Final Score: ,-146.344
Point: ,186,175,Repeat score:,1, Repeat contribution: ,-1,Dist:,31.6228, Dist contribution: ,-158.114, New scanned ratio: ,0.0133072, New Scanned Cells Contribution: ,0,Area ratio: ,0.947296, Area ratio Contribution: ,0,Perim diff: ,1.0559, Perim diff Contribution: ,0,Frontier diff: ,0, Frontier diff Contribution ,0,Inverse Area ratio: ,0.908895, Inv Area Ratio Contribution: ,0,Inverse Perim ratio: ,1.07262, Inv Perim Contribution: ,0, Final Score: ,-159.114
Point: ,185,176,Repeat score:,1, Repeat contribution: ,-1,Dist:,33.2609, Dist contribution: ,-166.305, New scanned ratio: ,0.0140806, New Scanned Cells Contribution: ,0,Area ratio: ,0.945671, Area ratio Contribution: ,0,Perim diff: ,1.06065, Perim diff Contribution: ,0,Frontier diff: ,0, Frontier diff Contribution ,0,Inverse Area ratio: ,0.907902, Inv Area Ratio Contribution: ,0,Inverse Perim ratio: ,1.07811, Inv Perim Contribution: ,0, Final Score: ,-167.305
Point: ,184,175,Repeat score:,1, Repeat contribution: ,-1,Dist:,32.8024, Dist contribution: ,-164.012, New scanned ratio: ,0.013327, New Scanned Cells Contribution: ,0,Area ratio: ,0.947678, Area ratio Contribution: ,0,Perim diff: ,1.05782, Perim diff Contribution: ,0,Frontier diff: ,0, Frontier diff Contribution ,0,Inverse Area ratio: ,0.908848, Inv Area Ratio Contribution: ,0,Inverse Perim ratio: ,1.07443, Inv Perim Contribution: ,0, Final Score: ,-165.012
Point: ,179,175,Repeat score:,1, Repeat contribution: ,-1,Dist:,36.0694, Dist contribution: ,-180.347, New scanned ratio: ,0.013446, New Scanned Cells Contribution: ,0,Area ratio: ,0.948722, Area ratio Contribution: ,0,Perim diff: ,1.05952, Perim diff Contribution: ,0,Frontier diff: ,0, Frontier diff Contribution ,0,Inverse Area ratio: ,0.908694, Inv Area Ratio Contribution: ,0,Inverse Perim ratio: ,1.07589, Inv Perim Contribution: ,0, Final Score: ,-181.347
Point: ,176,173,Repeat score:,1, Repeat contribution: ,-1,Dist:,36.4905, Dist contribution: ,-182.453, New scanned ratio: ,0.0119784, New Scanned Cells Contribution: ,0,Area ratio: ,0.953005, Area ratio Contribution: ,0,Perim diff: ,1.05667, Perim diff Contribution: ,0,Frontier diff: ,0, Frontier diff Contribution ,0,Inverse Area ratio: ,0.910468, Inv Area Ratio Contribution: ,0,Inverse Perim ratio: ,1.07463, Inv Perim Contribution: ,0, Final Score: ,-183.453
Point: ,173,173,Repeat score:,1, Repeat contribution: ,-1,Dist:,38.8402, Dist contribution: ,-194.201, New scanned ratio: ,0.0119983, New Scanned Cells Contribution: ,0,Area ratio: ,0.953571, Area ratio Contribution: ,0,Perim diff: ,1.05684, Perim diff Contribution: ,0,Frontier diff: ,0, Frontier diff Contribution ,0,Inverse Area ratio: ,0.910456, Inv Area Ratio Contribution: ,0,Inverse Perim ratio: ,1.07147, Inv Perim Contribution: ,0, Final Score: ,-195.201
Point: ,172,174,Repeat score:,1, Repeat contribution: ,-1,Dist:,40.4239, Dist contribution: ,-202.119, New scanned ratio: ,0.0128114, New Scanned Cells Contribution: ,0,Area ratio: ,0.951984, Area ratio Contribution: ,0,Perim diff: ,1.05726, Perim diff Contribution: ,0,Frontier diff: ,0, Frontier diff Contribution ,0,Inverse Area ratio: ,0.909486, Inv Area Ratio Contribution: ,0,Inverse Perim ratio: ,1.07241, Inv Perim Contribution: ,0, Final Score: ,-203.119
BEST Point:,224,154, Score: ,-101.211
COUNT COMMAND: 1
Total frontiers: ,101, Prioritised frontiers: ,25
At: ,223,154,
Point: ,260,154,Repeat score:,1, Repeat contribution: ,-1,Dist:,37, Dist contribution: ,-185, New scanned ratio: ,0.0128748, New Scanned Cells Contribution: ,0,Area ratio: ,0.988363, Area ratio Contribution: ,0,Perim diff: ,1.04277, Perim diff Contribution: ,0,Frontier diff: ,0, Frontier diff Contribution ,0,Inverse Area ratio: ,0.903401, Inv Area Ratio Contribution: ,0,Inverse Perim ratio: ,1.05619, Inv Perim Contribution: ,0, Final Score: ,-186
Point: ,257,152,Repeat score:,1, Repeat contribution: ,-1,Dist:,34.0993, Dist contribution: ,-170.496, New scanned ratio: ,0.0107487, New Scanned Cells Contribution: ,0,Area ratio: ,0.989233, Area ratio Contribution: ,0,Perim diff: ,1.03838, Perim diff Contribution: ,0,Frontier diff: ,0, Frontier diff Contribution ,0,Inverse Area ratio: ,0.905999, Inv Area Ratio Contribution: ,0,Inverse Perim ratio: ,1.05263, Inv Perim Contribution: ,0, Final Score: ,-171.496
Point: ,255,152,Repeat score:,1, Repeat contribution: ,-1,Dist:,32.1055, Dist contribution: ,-160.527, New scanned ratio: ,0.0102368, New Scanned Cells Contribution: ,0,Area ratio: ,0.989275, Area ratio Contribution: ,0,Perim diff: ,1.03824, Perim diff Contribution: ,0,Frontier diff: ,0, Frontier diff Contribution ,0,Inverse Area ratio: ,0.906651, Inv Area Ratio Contribution: ,0,Inverse Perim ratio: ,1.04875, Inv Perim Contribution: ,0, Final Score: ,-161.527
Point: ,252,154,Repeat score:,1, Repeat contribution: ,-1,Dist:,29, Dist contribution: ,-145, New scanned ratio: ,0.0107684, New Scanned Cells Contribution: ,0,Area ratio: ,0.988656, Area ratio Contribution: ,0,Perim diff: ,1.03649, Perim diff Contribution: ,0,Frontier diff: ,0, Frontier diff Contribution ,0,Inverse Area ratio: ,0.906046, Inv Area Ratio Contribution: ,0,Inverse Perim ratio: ,1.0476, Inv Perim Contribution: ,0, Final Score: ,-146
Point: ,247,154,Repeat score:,1, Repeat contribution: ,-1,Dist:,24, Dist contribution: ,-120, New scanned ratio: ,0.00921314, New Scanned Cells Contribution: ,0,Area ratio: ,0.988532, Area ratio Contribution: ,0,Perim diff: ,1.03554, Perim diff Contribution: ,0,Frontier diff: ,0, Frontier diff Contribution ,0,Inverse Area ratio: ,0.907956, Inv Area Ratio Contribution: ,0,Inverse Perim ratio: ,1.04574, Inv Perim Contribution: ,0, Final Score: ,-121
Point: ,246,155,Repeat score:,1, Repeat contribution: ,-1,Dist:,23.0367, Dist contribution: ,-115.184, New scanned ratio: ,0.00952812, New Scanned Cells Contribution: ,0,Area ratio: ,0.988132, Area ratio Contribution: ,0,Perim diff: ,1.03575, Perim diff Contribution: ,0,Frontier diff: ,0, Frontier diff Contribution ,0,Inverse Area ratio: ,0.907576, Inv Area Ratio Contribution: ,0,Inverse Perim ratio: ,1.04642, Inv Perim Contribution: ,0, Final Score: ,-116.184
Point: ,244,154,Repeat score:,1, Repeat contribution: ,-1,Dist:,21, Dist contribution: ,-105, New scanned ratio: ,0.00822883, New Scanned Cells Contribution: ,0,Area ratio: ,0.988338, Area ratio Contribution: ,0,Perim diff: ,1.03633, Perim diff Contribution: ,0,Frontier diff: ,0, Frontier diff Contribution ,0,Inverse Area ratio: ,0.909142, Inv Area Ratio Contribution: ,0,Inverse Perim ratio: ,1.04617, Inv Perim Contribution: ,0, Final Score: ,-106
Point: ,243,155,Repeat score:,1, Repeat contribution: ,-1,Dist:,20.0422, Dist contribution: ,-100.211, New scanned ratio: ,0.00846507, New Scanned Cells Contribution: ,0,Area ratio: ,0.98785, Area ratio Contribution: ,0,Perim diff: ,1.03883, Perim diff Contribution: ,0,Frontier diff: ,0, Frontier diff Contribution ,0,Inverse Area ratio: ,0.908833, Inv Area Ratio Contribution: ,0,Inverse Perim ratio: ,1.04917, Inv Perim Contribution: ,0, Final Score: ,-101.211
Point: ,243,160,Repeat score:,1, Repeat contribution: ,-1,Dist:,21.4672, Dist contribution: ,-107.336, New scanned ratio: ,0.0116739, New Scanned Cells Contribution: ,0,Area ratio: ,0.979728, Area ratio Contribution: ,0,Perim diff: ,1.04188, Perim diff Contribution: ,0,Frontier diff: ,0, Frontier diff Contribution ,0,Inverse Area ratio: ,0.904872, Inv Area Ratio Contribution: ,0,Inverse Perim ratio: ,1.05543, Inv Perim Contribution: ,0, Final Score: ,-108.336
Point: ,240,166,Repeat score:,1, Repeat contribution: ,-1,Dist:,23.0729, Dist contribution: ,-115.365, New scanned ratio: ,0.0144103, New Scanned Cells Contribution: ,0,Area ratio: ,0.967208, Area ratio Contribution: ,0,Perim diff: ,1.05748, Perim diff Contribution: ,0,Frontier diff: ,0, Frontier diff Contribution ,0,Inverse Area ratio: ,0.901338, Inv Area Ratio Contribution: ,0,Inverse Perim ratio: ,1.07544, Inv Perim Contribution: ,0, Final Score: ,-116.365
Point: ,235,171,Repeat score:,1, Repeat contribution: ,-1,Dist:,25.1478, Dist contribution: ,-125.739, New scanned ratio: ,0.0156308, New Scanned Cells Contribution: ,0,Area ratio: ,0.956129, Area ratio Contribution: ,0,Perim diff: ,1.06831, Perim diff Contribution: ,0,Frontier diff: ,0, Frontier diff Contribution ,0,Inverse Area ratio: ,0.899725, Inv Area Ratio Contribution: ,0,Inverse Perim ratio: ,1.08982, Inv Perim Contribution: ,0, Final Score: ,-126.739
Point: ,229,174,Repeat score:,1, Repeat contribution: ,-1,Dist:,26.6833, Dist contribution: ,-133.417, New scanned ratio: ,0.0153552, New Scanned Cells Contribution: ,0,Area ratio: ,0.949449, Area ratio Contribution: ,0,Perim diff: ,1.06794, Perim diff Contribution: ,0,Frontier diff: ,0, Frontier diff Contribution ,0,Inverse Area ratio: ,0.900033, Inv Area Ratio Contribution: ,0,Inverse Perim ratio: ,1.09054, Inv Perim Contribution: ,0, Final Score: ,-134.417
Point: ,224,174,Repeat score:,1, Repeat contribution: ,-1,Dist:,26.0192, Dist contribution: ,-130.096, New scanned ratio: ,0.0140166, New Scanned Cells Contribution: ,0,Area ratio: ,0.949449, Area ratio Contribution: ,0,Perim diff: ,1.06147, Perim diff Contribution: ,0,Frontier diff: ,0, Frontier diff Contribution ,0,Inverse Area ratio: ,0.901753, Inv Area Ratio Contribution: ,0,Inverse Perim ratio: ,1.08267, Inv Perim Contribution: ,0, Final Score: ,-131.096
Point: ,223,175,Repeat score:,1, Repeat contribution: ,-1,Dist:,27.3, Dist contribution: ,-136.5, New scanned ratio: ,0.0145284, New Scanned Cells Contribution: ,0,Area ratio: ,0.947552, Area ratio Contribution: ,0,Perim diff: ,1.06173, Perim diff Contribution: ,0,Frontier diff: ,0, Frontier diff Contribution ,0,Inverse Area ratio: ,0.901124, Inv Area Ratio Contribution: ,0,Inverse Perim ratio: ,1.08355, Inv Perim Contribution: ,0, Final Score: ,-137.5
Point: ,222,174,Repeat score:,1, Repeat contribution: ,-1,Dist:,26.0192, Dist contribution: ,-130.096, New scanned ratio: ,0.0135835, New Scanned Cells Contribution: ,0,Area ratio: ,0.949543, Area ratio Contribution: ,0,Perim diff: ,1.06031, Perim diff Contribution: ,0,Frontier diff: ,0, Frontier diff Contribution ,0,Inverse Area ratio: ,0.902287, Inv Area Ratio Contribution: ,0,Inverse Perim ratio: ,1.08107, Inv Perim Contribution: ,0, Final Score: ,-131.096
Point: ,217,174,Repeat score:,1, Repeat contribution: ,-1,Dist:,26.6833, Dist contribution: ,-133.417, New scanned ratio: ,0.0128748, New Scanned Cells Contribution: ,0,Area ratio: ,0.950185, Area ratio Contribution: ,0,Perim diff: ,1.05654, Perim diff Contribution: ,0,Frontier diff: ,0, Frontier diff Contribution ,0,Inverse Area ratio: ,0.903164, Inv Area Ratio Contribution: ,0,Inverse Perim ratio: ,1.07623, Inv Perim Contribution: ,0, Final Score: ,-134.417
Point: ,216,173,Repeat score:,1, Repeat contribution: ,-1,Dist:,25.6727, Dist contribution: ,-128.364, New scanned ratio: ,0.0120086, New Scanned Cells Contribution: ,0,Area ratio: ,0.952267, Area ratio Contribution: ,0,Perim diff: ,1.05523, Perim diff Contribution: ,0,Frontier diff: ,0, Frontier diff Contribution ,0,Inverse Area ratio: ,0.904232, Inv Area Ratio Contribution: ,0,Inverse Perim ratio: ,1.07395, Inv Perim Contribution: ,0, Final Score: ,-129.364
Point: ,213,173,Repeat score:,1, Repeat contribution: ,-1,Dist:,26.6475, Dist contribution: ,-133.238, New scanned ratio: ,0.0118905, New Scanned Cells Contribution: ,0,Area ratio: ,0.952814, Area ratio Contribution: ,0,Perim diff: ,1.0534, Perim diff Contribution: ,0,Frontier diff: ,0, Frontier diff Contribution ,0,Inverse Area ratio: ,0.904398, Inv Area Ratio Contribution: ,0,Inverse Perim ratio: ,1.07168, Inv Perim Contribution: ,0, Final Score: ,-134.238
Point: ,210,175,Repeat score:,1, Repeat contribution: ,-1,Dist:,30.2372, Dist contribution: ,-151.186, New scanned ratio: ,0.0133472, New Scanned Cells Contribution: ,0,Area ratio: ,0.949724, Area ratio Contribution: ,0,Perim diff: ,1.05369, Perim diff Contribution: ,0,Frontier diff: ,0, Frontier diff Contribution ,0,Inverse Area ratio: ,0.902642, Inv Area Ratio Contribution: ,0,Inverse Perim ratio: ,1.07299, Inv Perim Contribution: ,0, Final Score: ,-152.186
Point: ,205,175,Repeat score:,1, Repeat contribution: ,-1,Dist:,32.7, Dist contribution: ,-163.5, New scanned ratio: ,0.0132291, New Scanned Cells Contribution: ,0,Area ratio: ,0.950674, Area ratio Contribution: ,0,Perim diff: ,1.053, Perim diff Contribution: ,0,Frontier diff: ,0, Frontier diff Contribution ,0,Inverse Area ratio: ,0.902773, Inv Area Ratio Contribution: ,0,Inverse Perim ratio: ,1.07148, Inv Perim Contribution: ,0, Final Score: ,-164.5
Point: ,204,176,Repeat score:,1, Repeat contribution: ,-1,Dist:,34.336, Dist contribution: ,-171.68, New scanned ratio: ,0.0139772, New Scanned Cells Contribution: ,0,Area ratio: ,0.949011, Area ratio Contribution: ,0,Perim diff: ,1.05594, Perim diff Contribution: ,0,Frontier diff: ,0, Frontier diff Contribution ,0,Inverse Area ratio: ,0.901824, Inv Area Ratio Contribution: ,0,Inverse Perim ratio: ,1.07516, Inv Perim Contribution: ,0, Final Score: ,-172.68
Point: ,203,175,Repeat score:,1, Repeat contribution: ,-1,Dist:,33.8421, Dist contribution: ,-169.211, New scanned ratio: ,0.0132094, New Scanned Cells Contribution: ,0,Area ratio: ,0.95109, Area ratio Contribution: ,0,Perim diff: ,1.05146, Perim diff Contribution: ,0,Frontier diff: ,0, Frontier diff Contribution ,0,Inverse Area ratio: ,0.90282, Inv Area Ratio Contribution: ,0,Inverse Perim ratio: ,1.06967, Inv Perim Contribution: ,0, Final Score: ,-170.211
Point: ,198,175,Repeat score:,1, Repeat contribution: ,-1,Dist:,37.0174, Dist contribution: ,-185.087, New scanned ratio: ,0.013111, New Scanned Cells Contribution: ,0,Area ratio: ,0.951927, Area ratio Contribution: ,0,Perim diff: ,1.05683, Perim diff Contribution: ,0,Frontier diff: ,0, Frontier diff Contribution ,0,Inverse Area ratio: ,0.902903, Inv Area Ratio Contribution: ,0,Inverse Perim ratio: ,1.07474, Inv Perim Contribution: ,0, Final Score: ,-186.087
Point: ,194,173,Repeat score:,1, Repeat contribution: ,-1,Dist:,38.0932, Dist contribution: ,-190.466, New scanned ratio: ,0.0115558, New Scanned Cells Contribution: ,0,Area ratio: ,0.956317, Area ratio Contribution: ,0,Perim diff: ,1.05325, Perim diff Contribution: ,0,Frontier diff: ,0, Frontier diff Contribution ,0,Inverse Area ratio: ,0.904801, Inv Area Ratio Contribution: ,0,Inverse Perim ratio: ,1.06926, Inv Perim Contribution: ,0, Final Score: ,-191.466
Point: ,191,175,Repeat score:,1, Repeat contribution: ,-1,Dist:,42.0629, Dist contribution: ,-210.315, New scanned ratio: ,0.013111, New Scanned Cells Contribution: ,0,Area ratio: ,0.953234, Area ratio Contribution: ,0,Perim diff: ,1.05749, Perim diff Contribution: ,0,Frontier diff: ,0, Frontier diff Contribution ,0,Inverse Area ratio: ,0.902903, Inv Area Ratio Contribution: ,0,Inverse Perim ratio: ,1.07474, Inv Perim Contribution: ,0, Final Score: ,-211.315
BEST Point:,243,155, Score: ,-101.211
COUNT COMMAND: 1
Total frontiers: ,101, Prioritised frontiers: ,25
At: ,242,154,
Point: ,280,153,Repeat score:,1, Repeat contribution: ,-1,Dist:,38.0222, Dist contribution: ,-190.111, New scanned ratio: ,0.0126614, New Scanned Cells Contribution: ,0,Area ratio: ,0.989847, Area ratio Contribution: ,0,Perim diff: ,1.03813, Perim diff Contribution: ,0,Frontier diff: ,0, Frontier diff Contribution ,0,Inverse Area ratio: ,0.930988, Inv Area Ratio Contribution: ,0,Inverse Perim ratio: ,1.04986, Inv Perim Contribution: ,0, Final Score: ,-191.111
Point: ,277,151,Repeat score:,1, Repeat contribution: ,-1,Dist:,35.2166, Dist contribution: ,-176.083, New scanned ratio: ,0.0105317, New Scanned Cells Contribution: ,0,Area ratio: ,0.9904, Area ratio Contribution: ,0,Perim diff: ,1.03617, Perim diff Contribution: ,0,Frontier diff: ,0, Frontier diff Contribution ,0,Inverse Area ratio: ,0.89708, Inv Area Ratio Contribution: ,0,Inverse Perim ratio: ,1.05402, Inv Perim Contribution: ,0, Final Score: ,-177.083
Point: ,272,154,Repeat score:,1, Repeat contribution: ,-1,Dist:,30, Dist contribution: ,-150, New scanned ratio: ,0.0112546, New Scanned Cells Contribution: ,0,Area ratio: ,0.990416, Area ratio Contribution: ,0,Perim diff: ,1.03343, Perim diff Contribution: ,0,Frontier diff: ,0, Frontier diff Contribution ,0,Inverse Area ratio: ,0.896214, Inv Area Ratio Contribution: ,0,Inverse Perim ratio: ,1.05062, Inv Perim Contribution: ,0, Final Score: ,-151
Point: ,267,154,Repeat score:,1, Repeat contribution: ,-1,Dist:,25, Dist contribution: ,-125, New scanned ratio: ,0.00967194, New Scanned Cells Contribution: ,0,Area ratio: ,0.990496, Area ratio Contribution: ,0,Perim diff: ,1.03319, Perim diff Contribution: ,0,Frontier diff: ,0, Frontier diff Contribution ,0,Inverse Area ratio: ,0.898207, Inv Area Ratio Contribution: ,0,Inverse Perim ratio: ,1.04808, Inv Perim Contribution: ,0, Final Score: ,-126
Point: ,266,155,Repeat score:,1, Repeat contribution: ,-1,Dist:,24.0352, Dist contribution: ,-120.176, New scanned ratio: ,0.00996502, New Scanned Cells Contribution: ,0,Area ratio: ,0.990059, Area ratio Contribution: ,0,Perim diff: ,1.03344, Perim diff Contribution: ,0,Frontier diff: ,0, Frontier diff Contribution ,0,Inverse Area ratio: ,0.897851, Inv Area Ratio Contribution: ,0,Inverse Perim ratio: ,1.04881, Inv Perim Contribution: ,0, Final Score: ,-121.176
Point: ,265,154,Repeat score:,1, Repeat contribution: ,-1,Dist:,23, Dist contribution: ,-115, New scanned ratio: ,0.00898806, New Scanned Cells Contribution: ,0,Area ratio: ,0.990557, Area ratio Contribution: ,0,Perim diff: ,1.03159, Perim diff Contribution: ,0,Frontier diff: ,0, Frontier diff Contribution ,0,Inverse Area ratio: ,0.899001, Inv Area Ratio Contribution: ,0,Inverse Perim ratio: ,1.04888, Inv Perim Contribution: ,0, Final Score: ,-116
Point: ,263,154,Repeat score:,1, Repeat contribution: ,-1,Dist:,21, Dist contribution: ,-105, New scanned ratio: ,0.00828465, New Scanned Cells Contribution: ,0,Area ratio: ,0.990387, Area ratio Contribution: ,0,Perim diff: ,1.03492, Perim diff Contribution: ,0,Frontier diff: ,0, Frontier diff Contribution ,0,Inverse Area ratio: ,0.899891, Inv Area Ratio Contribution: ,0,Inverse Perim ratio: ,1.04851, Inv Perim Contribution: ,0, Final Score: ,-106
Point: ,262,155,Repeat score:,1, Repeat contribution: ,-1,Dist:,20.0422, Dist contribution: ,-100.211, New scanned ratio: ,0.00849958, New Scanned Cells Contribution: ,0,Area ratio: ,0.989872, Area ratio Contribution: ,0,Perim diff: ,1.0356, Perim diff Contribution: ,0,Frontier diff: ,0, Frontier diff Contribution ,0,Inverse Area ratio: ,0.899606, Inv Area Ratio Contribution: ,0,Inverse Perim ratio: ,1.0497, Inv Perim Contribution: ,0, Final Score: ,-101.211
Point: ,262,160,Repeat score:,1, Repeat contribution: ,-1,Dist:,21.4672, Dist contribution: ,-107.336, New scanned ratio: ,0.0116649, New Scanned Cells Contribution: ,0,Area ratio: ,0.981836, Area ratio Contribution: ,0,Perim diff: ,1.03917, Perim diff Contribution: ,0,Frontier diff: ,0, Frontier diff Contribution ,0,Inverse Area ratio: ,0.895669, Inv Area Ratio Contribution: ,0,Inverse Perim ratio: ,1.05777, Inv Perim Contribution: ,0, Final Score: ,-108.336
Point: ,259,166,Repeat score:,1, Repeat contribution: ,-1,Dist:,23.0729, Dist contribution: ,-115.365, New scanned ratio: ,0.0142832, New Scanned Cells Contribution: ,0,Area ratio: ,0.96932, Area ratio Contribution: ,0,Perim diff: ,1.04985, Perim diff Contribution: ,0,Frontier diff: ,0, Frontier diff Contribution ,0,Inverse Area ratio: ,0.892289, Inv Area Ratio Contribution: ,0,Inverse Perim ratio: ,1.07349, Inv Perim Contribution: ,0, Final Score: ,-116.365
Point: ,254,171,Repeat score:,1, Repeat contribution: ,-1,Dist:,25.1478, Dist contribution: ,-125.739, New scanned ratio: ,0.0155142, New Scanned Cells Contribution: ,0,Area ratio: ,0.958347, Area ratio Contribution: ,0,Perim diff: ,1.06093, Perim diff Contribution: ,0,Frontier diff: ,-1, Frontier diff Contribution ,-0,Inverse Area ratio: ,0.890628, Inv Area Ratio Contribution: ,0,Inverse Perim ratio: ,1.08832, Inv Perim Contribution: ,0, Final Score: ,-126.739
Point: ,248,174,Repeat score:,1, Repeat contribution: ,-1,Dist:,26.6833, Dist contribution: ,-133.417, New scanned ratio: ,0.0153579, New Scanned Cells Contribution: ,0,Area ratio: ,0.951838, Area ratio Contribution: ,0,Perim diff: ,1.06308, Perim diff Contribution: ,0,Frontier diff: ,0, Frontier diff Contribution ,0,Inverse Area ratio: ,0.890842, Inv Area Ratio Contribution: ,0,Inverse Perim ratio: ,1.091, Inv Perim Contribution: ,0, Final Score: ,-134.417
Point: ,243,174,Repeat score:,1, Repeat contribution: ,-1,Dist:,26.0192, Dist contribution: ,-130.096, New scanned ratio: ,0.0141073, New Scanned Cells Contribution: ,0,Area ratio: ,0.952011, Area ratio Contribution: ,0,Perim diff: ,1.05796, Perim diff Contribution: ,0,Frontier diff: ,0, Frontier diff Contribution ,0,Inverse Area ratio: ,0.892455, Inv Area Ratio Contribution: ,0,Inverse Perim ratio: ,1.08379, Inv Perim Contribution: ,0, Final Score: ,-131.096
Point: ,242,175,Repeat score:,1, Repeat contribution: ,-1,Dist:,27.3, Dist contribution: ,-136.5, New scanned ratio: ,0.0146349, New Scanned Cells Contribution: ,0,Area ratio: ,0.950127, Area ratio Contribution: ,0,Perim diff: ,1.05972, Perim diff Contribution: ,0,Frontier diff: ,0, Frontier diff Contribution ,0,Inverse Area ratio: ,0.891791, Inv Area Ratio Contribution: ,0,Inverse Perim ratio: ,1.08628, Inv Perim Contribution: ,0, Final Score: ,-137.5
Point: ,241,174,Repeat score:,1, Repeat contribution: ,-1,Dist:,26.0192, Dist contribution: ,-130.096, New scanned ratio: ,0.0137361, New Scanned Cells Contribution: ,0,Area ratio: ,0.952171, Area ratio Contribution: ,0,Perim diff: ,1.05641, Perim diff Contribution: ,0,Frontier diff: ,0, Frontier diff Contribution ,0,Inverse Area ratio: ,0.892929, Inv Area Ratio Contribution: ,0,Inverse Perim ratio: ,1.08152, Inv Perim Contribution: ,0, Final Score: ,-131.096
Point: ,236,174,Repeat score:,1, Repeat contribution: ,-1,Dist:,26.6833, Dist contribution: ,-133.417, New scanned ratio: ,0.0131108, New Scanned Cells Contribution: ,0,Area ratio: ,0.952869, Area ratio Contribution: ,0,Perim diff: ,1.0551, Perim diff Contribution: ,0,Frontier diff: ,0, Frontier diff Contribution ,0,Inverse Area ratio: ,0.893688, Inv Area Ratio Contribution: ,0,Inverse Perim ratio: ,1.0787, Inv Perim Contribution: ,0, Final Score: ,-134.417
Point: ,233,172,Repeat score:,1, Repeat contribution: ,-1,Dist:,25.0711, Dist contribution: ,-125.355, New scanned ratio: ,0.0114305, New Scanned Cells Contribution: ,0,Area ratio: ,0.957357, Area ratio Contribution: ,0,Perim diff: ,1.05077, Perim diff Contribution: ,0,Frontier diff: ,0, Frontier diff Contribution ,0,Inverse Area ratio: ,0.895799, Inv Area Ratio Contribution: ,0,Inverse Perim ratio: ,1.07188, Inv Perim Contribution: ,0, Final Score: ,-126.355
Point: ,229,174,Repeat score:,1, Repeat contribution: ,-1,Dist:,29.0689, Dist contribution: ,-145.344, New scanned ratio: ,0.0128373, New Scanned Cells Contribution: ,0,Area ratio: ,0.954427, Area ratio Contribution: ,0,Perim diff: ,1.04992, Perim diff Contribution: ,0,Frontier diff: ,0, Frontier diff Contribution ,0,Inverse Area ratio: ,0.894091, Inv Area Ratio Contribution: ,0,Inverse Perim ratio: ,1.07163, Inv Perim Contribution: ,0, Final Score: ,-146.344
Point: ,224,174,Repeat score:,1, Repeat contribution: ,-1,Dist:,31.6228, Dist contribution: ,-158.114, New scanned ratio: ,0.0127396, New Scanned Cells Contribution: ,0,Area ratio: ,0.955605, Area ratio Contribution: ,0,Perim diff: ,1.04722, Perim diff Contribution: ,0,Frontier diff: ,0, Frontier diff Contribution ,0,Inverse Area ratio: ,0.89421, Inv Area Ratio Contribution: ,0,Inverse Perim ratio: ,1.06765, Inv Perim Contribution: ,0, Final Score: ,-159.114
Point: ,223,175,Repeat score:,1, Repeat contribution: ,-1,Dist:,33.2609, Dist contribution: ,-166.305, New scanned ratio: ,0.0134821, New Scanned Cells Contribution: ,0,Area ratio: ,0.953897, Area ratio Contribution: ,0,Perim diff: ,1.05034, Perim diff Contribution: ,0,Frontier diff: ,0, Frontier diff Contribution ,0,Inverse Area ratio: ,0.893273, Inv Area Ratio Contribution: ,0,Inverse Perim ratio: ,1.07153, Inv Perim Contribution: ,0, Final Score: ,-167.305
Point: ,222,174,Repeat score:,1, Repeat contribution: ,-1,Dist:,32.8024, Dist contribution: ,-164.012, New scanned ratio: ,0.012681, New Scanned Cells Contribution: ,0,Area ratio: ,0.956038, Area ratio Contribution: ,0,Perim diff: ,1.04821, Perim diff Contribution: ,0,Frontier diff: ,0, Frontier diff Contribution ,0,Inverse Area ratio: ,0.894269, Inv Area Ratio Contribution: ,0,Inverse Perim ratio: ,1.06832, Inv Perim Contribution: ,0, Final Score: ,-165.012
Point: ,217,174,Repeat score:,1, Repeat contribution: ,-1,Dist:,36.0694, Dist contribution: ,-180.347, New scanned ratio: ,0.0126224, New Scanned Cells Contribution: ,0,Area ratio: ,0.957229, Area ratio Contribution: ,0,Perim diff: ,1.05017, Perim diff Contribution: ,0,Frontier diff: ,0, Frontier diff Contribution ,0,Inverse Area ratio: ,0.89434, Inv Area Ratio Contribution: ,0,Inverse Perim ratio: ,1.06951, Inv Perim Contribution: ,0, Final Score: ,-181.347
Point: ,216,173,Repeat score:,1, Repeat contribution: ,-1,Dist:,35.8621, Dist contribution: ,-179.31, New scanned ratio: ,0.0118213, New Scanned Cells Contribution: ,0,Area ratio: ,0.959369, Area ratio Contribution: ,0,Perim diff: ,1.05012, Perim diff Contribution: ,0,Frontier diff: ,0, Frontier diff Contribution ,0,Inverse Area ratio: ,0.895313, Inv Area Ratio Contribution: ,0,Inverse Perim ratio: ,1.06857, Inv Perim Contribution: ,0, Final Score: ,-180.31
Point: ,213,173,Repeat score:,1, Repeat contribution: ,-1,Dist:,38.0932, Dist contribution: ,-190.466, New scanned ratio: ,0.0118017, New Scanned Cells Contribution: ,0,Area ratio: ,0.960042, Area ratio Contribution: ,0,Perim diff: ,1.05054, Perim diff Contribution: ,0,Frontier diff: ,0, Frontier diff Contribution ,0,Inverse Area ratio: ,0.895325, Inv Area Ratio Contribution: ,0,Inverse Perim ratio: ,1.07173, Inv Perim Contribution: ,0, Final Score: ,-191.466
Point: ,210,175,Repeat score:,1, Repeat contribution: ,-1,Dist:,42.0629, Dist contribution: ,-210.315, New scanned ratio: ,0.0132476, New Scanned Cells Contribution: ,0,Area ratio: ,0.956825, Area ratio Contribution: ,0,Perim diff: ,1.05385, Perim diff Contribution: ,0,Frontier diff: ,0, Frontier diff Contribution ,0,Inverse Area ratio: ,0.893558, Inv Area Ratio Contribution: ,0,Inverse Perim ratio: ,1.07305, Inv Perim Contribution: ,0, Final Score: ,-211.315
BEST Point:,262,155, Score: ,-101.211
COUNT COMMAND: 1
Total frontiers: ,102, Prioritised frontiers: ,24
At: ,261,154,
Point: ,299,149,Repeat score:,1, Repeat contribution: ,-1,Dist:,38.5519, Dist contribution: ,-192.76, New scanned ratio: ,0.00513914, New Scanned Cells Contribution: ,0,Area ratio: ,0.989274, Area ratio Contribution: ,0,Perim diff: ,1.04134, Perim diff Contribution: ,0,Frontier diff: ,0, Frontier diff Contribution ,0,Inverse Area ratio: ,0.924772, Inv Area Ratio Contribution: ,0,Inverse Perim ratio: ,1.04282, Inv Perim Contribution: ,0, Final Score: ,-193.76
Point: ,292,153,Repeat score:,1, Repeat contribution: ,-1,Dist:,31.0272, Dist contribution: ,-155.136, New scanned ratio: ,0.00781538, New Scanned Cells Contribution: ,0,Area ratio: ,0.990635, Area ratio Contribution: ,0,Perim diff: ,1.03232, Perim diff Contribution: ,0,Frontier diff: ,0, Frontier diff Contribution ,0,Inverse Area ratio: ,0.953721, Inv Area Ratio Contribution: ,0,Inverse Perim ratio: ,1.03721, Inv Perim Contribution: ,0, Final Score: ,-156.136
Point: ,287,153,Repeat score:,1, Repeat contribution: ,-1,Dist:,26.0325, Dist contribution: ,-130.162, New scanned ratio: ,0.00806749, New Scanned Cells Contribution: ,0,Area ratio: ,0.99118, Area ratio Contribution: ,0,Perim diff: ,1.02978, Perim diff Contribution: ,0,Frontier diff: ,0, Frontier diff Contribution ,0,Inverse Area ratio: ,0.963018, Inv Area Ratio Contribution: ,0,Inverse Perim ratio: ,1.03531, Inv Perim Contribution: ,0, Final Score: ,-131.162
Point: ,286,154,Repeat score:,1, Repeat contribution: ,-1,Dist:,25, Dist contribution: ,-125, New scanned ratio: ,0.00855231, New Scanned Cells Contribution: ,0,Area ratio: ,0.991032, Area ratio Contribution: ,0,Perim diff: ,1.02955, Perim diff Contribution: ,0,Frontier diff: ,0, Frontier diff Contribution ,0,Inverse Area ratio: ,0.962416, Inv Area Ratio Contribution: ,0,Inverse Perim ratio: ,1.03545, Inv Perim Contribution: ,0, Final Score: ,-126
Point: ,285,153,Repeat score:,1, Repeat contribution: ,-1,Dist:,24.0352, Dist contribution: ,-120.176, New scanned ratio: ,0.00800931, New Scanned Cells Contribution: ,0,Area ratio: ,0.991351, Area ratio Contribution: ,0,Perim diff: ,1.02982, Perim diff Contribution: ,0,Frontier diff: ,0, Frontier diff Contribution ,0,Inverse Area ratio: ,0.955746, Inv Area Ratio Contribution: ,0,Inverse Perim ratio: ,1.0362, Inv Perim Contribution: ,0, Final Score: ,-121.176
Point: ,281,153,Repeat score:,1, Repeat contribution: ,-1,Dist:,20.0422, Dist contribution: ,-100.211, New scanned ratio: ,0.00754388, New Scanned Cells Contribution: ,0,Area ratio: ,0.991634, Area ratio Contribution: ,0,Perim diff: ,1.02941, Perim diff Contribution: ,0,Frontier diff: ,0, Frontier diff Contribution ,0,Inverse Area ratio: ,0.934926, Inv Area Ratio Contribution: ,0,Inverse Perim ratio: ,1.0393, Inv Perim Contribution: ,0, Final Score: ,-101.211
Point: ,282,154,Repeat score:,1, Repeat contribution: ,-1,Dist:,21, Dist contribution: ,-105, New scanned ratio: ,0.00826142, New Scanned Cells Contribution: ,0,Area ratio: ,0.991373, Area ratio Contribution: ,0,Perim diff: ,1.02914, Perim diff Contribution: ,0,Frontier diff: ,0, Frontier diff Contribution ,0,Inverse Area ratio: ,0.94459, Inv Area Ratio Contribution: ,0,Inverse Perim ratio: ,1.03788, Inv Perim Contribution: ,0, Final Score: ,-106
Point: ,281,155,Repeat score:,1, Repeat contribution: ,-1,Dist:,20.0422, Dist contribution: ,-100.211, New scanned ratio: ,0.00864928, New Scanned Cells Contribution: ,0,Area ratio: ,0.990909, Area ratio Contribution: ,0,Perim diff: ,1.02938, Perim diff Contribution: ,0,Frontier diff: ,0, Frontier diff Contribution ,0,Inverse Area ratio: ,0.940526, Inv Area Ratio Contribution: ,0,Inverse Perim ratio: ,1.03943, Inv Perim Contribution: ,0, Final Score: ,-101.211
Point: ,281,160,Repeat score:,1, Repeat contribution: ,-1,Dist:,21.4672, Dist contribution: ,-107.336, New scanned ratio: ,0.0116552, New Scanned Cells Contribution: ,0,Area ratio: ,0.982987, Area ratio Contribution: ,0,Perim diff: ,1.03057, Perim diff Contribution: ,0,Frontier diff: ,-1, Frontier diff Contribution ,-0,Inverse Area ratio: ,0.954467, Inv Area Ratio Contribution: ,0,Inverse Perim ratio: ,1.04008, Inv Perim Contribution: ,0, Final Score: ,-108.336
Point: ,278,166,Repeat score:,1, Repeat contribution: ,-1,Dist:,23.0729, Dist contribution: ,-115.365, New scanned ratio: ,0.0143896, New Scanned Cells Contribution: ,0,Area ratio: ,0.97062, Area ratio Contribution: ,0,Perim diff: ,1.03875, Perim diff Contribution: ,0,Frontier diff: ,0, Frontier diff Contribution ,0,Inverse Area ratio: ,0.882872, Inv Area Ratio Contribution: ,0,Inverse Perim ratio: ,1.07516, Inv Perim Contribution: ,0, Final Score: ,-116.365
Point: ,273,171,Repeat score:,1, Repeat contribution: ,-1,Dist:,25.1478, Dist contribution: ,-125.739, New scanned ratio: ,0.0154174, New Scanned Cells Contribution: ,0,Area ratio: ,0.959662, Area ratio Contribution: ,0,Perim diff: ,1.05825, Perim diff Contribution: ,0,Frontier diff: ,0, Frontier diff Contribution ,0,Inverse Area ratio: ,0.881366, Inv Area Ratio Contribution: ,0,Inverse Perim ratio: ,1.09746, Inv Perim Contribution: ,0, Final Score: ,-126.739
Point: ,267,174,Repeat score:,1, Repeat contribution: ,-1,Dist:,26.6833, Dist contribution: ,-133.417, New scanned ratio: ,0.0152429, New Scanned Cells Contribution: ,0,Area ratio: ,0.953456, Area ratio Contribution: ,0,Perim diff: ,1.05567, Perim diff Contribution: ,0,Frontier diff: ,0, Frontier diff Contribution ,0,Inverse Area ratio: ,0.881639, Inv Area Ratio Contribution: ,0,Inverse Perim ratio: ,1.09333, Inv Perim Contribution: ,0, Final Score: ,-134.417
Point: ,262,174,Repeat score:,1, Repeat contribution: ,-1,Dist:,26.0192, Dist contribution: ,-130.096, New scanned ratio: ,0.0140017, New Scanned Cells Contribution: ,0,Area ratio: ,0.953859, Area ratio Contribution: ,0,Perim diff: ,1.05207, Perim diff Contribution: ,0,Frontier diff: ,0, Frontier diff Contribution ,0,Inverse Area ratio: ,0.883252, Inv Area Ratio Contribution: ,0,Inverse Perim ratio: ,1.08613, Inv Perim Contribution: ,0, Final Score: ,-131.096
Point: ,261,175,Repeat score:,1, Repeat contribution: ,-1,Dist:,27.3, Dist contribution: ,-136.5, New scanned ratio: ,0.0145254, New Scanned Cells Contribution: ,0,Area ratio: ,0.951981, Area ratio Contribution: ,0,Perim diff: ,1.05389, Perim diff Contribution: ,0,Frontier diff: ,0, Frontier diff Contribution ,0,Inverse Area ratio: ,0.882587, Inv Area Ratio Contribution: ,0,Inverse Perim ratio: ,1.08861, Inv Perim Contribution: ,0, Final Score: ,-137.5
Point: ,260,174,Repeat score:,1, Repeat contribution: ,-1,Dist:,26.0192, Dist contribution: ,-130.096, New scanned ratio: ,0.0136333, New Scanned Cells Contribution: ,0,Area ratio: ,0.954089, Area ratio Contribution: ,0,Perim diff: ,1.05105, Perim diff Contribution: ,0,Frontier diff: ,0, Frontier diff Contribution ,0,Inverse Area ratio: ,0.883726, Inv Area Ratio Contribution: ,0,Inverse Perim ratio: ,1.08386, Inv Perim Contribution: ,0, Final Score: ,-131.096
Point: ,255,174,Repeat score:,1, Repeat contribution: ,-1,Dist:,26.6833, Dist contribution: ,-133.417, New scanned ratio: ,0.0130127, New Scanned Cells Contribution: ,0,Area ratio: ,0.954962, Area ratio Contribution: ,0,Perim diff: ,1.05086, Perim diff Contribution: ,0,Frontier diff: ,0, Frontier diff Contribution ,0,Inverse Area ratio: ,0.884497, Inv Area Ratio Contribution: ,0,Inverse Perim ratio: ,1.08108, Inv Perim Contribution: ,0, Final Score: ,-134.417
Point: ,252,172,Repeat score:,1, Repeat contribution: ,-1,Dist:,25.0711, Dist contribution: ,-125.355, New scanned ratio: ,0.0113837, New Scanned Cells Contribution: ,0,Area ratio: ,0.959636, Area ratio Contribution: ,0,Perim diff: ,1.0472, Perim diff Contribution: ,0,Frontier diff: ,0, Frontier diff Contribution ,0,Inverse Area ratio: ,0.886572, Inv Area Ratio Contribution: ,0,Inverse Perim ratio: ,1.07394, Inv Perim Contribution: ,0, Final Score: ,-126.355
Point: ,248,174,Repeat score:,1, Repeat contribution: ,-1,Dist:,29.0689, Dist contribution: ,-145.344, New scanned ratio: ,0.0128576, New Scanned Cells Contribution: ,0,Area ratio: ,0.956856, Area ratio Contribution: ,0,Perim diff: ,1.04731, Perim diff Contribution: ,0,Frontier diff: ,0, Frontier diff Contribution ,0,Inverse Area ratio: ,0.88477, Inv Area Ratio Contribution: ,0,Inverse Perim ratio: ,1.07437, Inv Perim Contribution: ,0, Final Score: ,-146.344
Point: ,243,174,Repeat score:,1, Repeat contribution: ,-1,Dist:,31.6228, Dist contribution: ,-158.114, New scanned ratio: ,0.0128382, New Scanned Cells Contribution: ,0,Area ratio: ,0.958201, Area ratio Contribution: ,0,Perim diff: ,1.04593, Perim diff Contribution: ,0,Frontier diff: ,0, Frontier diff Contribution ,0,Inverse Area ratio: ,0.884781, Inv Area Ratio Contribution: ,0,Inverse Perim ratio: ,1.07106, Inv Perim Contribution: ,0, Final Score: ,-159.114
Point: ,242,175,Repeat score:,1, Repeat contribution: ,-1,Dist:,33.2609, Dist contribution: ,-166.305, New scanned ratio: ,0.0135945, New Scanned Cells Contribution: ,0,Area ratio: ,0.956505, Area ratio Contribution: ,0,Perim diff: ,1.05052, Perim diff Contribution: ,0,Frontier diff: ,0, Frontier diff Contribution ,0,Inverse Area ratio: ,0.883809, Inv Area Ratio Contribution: ,0,Inverse Perim ratio: ,1.07654, Inv Perim Contribution: ,0, Final Score: ,-167.305
Point: ,241,174,Repeat score:,1, Repeat contribution: ,-1,Dist:,32.8024, Dist contribution: ,-164.012, New scanned ratio: ,0.0128382, New Scanned Cells Contribution: ,0,Area ratio: ,0.958698, Area ratio Contribution: ,0,Perim diff: ,1.04652, Perim diff Contribution: ,0,Frontier diff: ,0, Frontier diff Contribution ,0,Inverse Area ratio: ,0.884781, Inv Area Ratio Contribution: ,0,Inverse Perim ratio: ,1.07106, Inv Perim Contribution: ,0, Final Score: ,-165.012
Point: ,236,174,Repeat score:,1, Repeat contribution: ,-1,Dist:,36.0694, Dist contribution: ,-180.347, New scanned ratio: ,0.0128576, New Scanned Cells Contribution: ,0,Area ratio: ,0.959676, Area ratio Contribution: ,0,Perim diff: ,1.0509, Perim diff Contribution: ,0,Frontier diff: ,0, Frontier diff Contribution ,0,Inverse Area ratio: ,0.884734, Inv Area Ratio Contribution: ,0,Inverse Perim ratio: ,1.07427, Inv Perim Contribution: ,0, Final Score: ,-181.347
Point: ,233,172,Repeat score:,1, Repeat contribution: ,-1,Dist:,36.4905, Dist contribution: ,-182.453, New scanned ratio: ,0.0113255, New Scanned Cells Contribution: ,0,Area ratio: ,0.963238, Area ratio Contribution: ,0,Perim diff: ,1.04982, Perim diff Contribution: ,0,Frontier diff: ,0, Frontier diff Contribution ,0,Inverse Area ratio: ,0.88662, Inv Area Ratio Contribution: ,0,Inverse Perim ratio: ,1.07086, Inv Perim Contribution: ,0, Final Score: ,-183.453
Point: ,229,174,Repeat score:,1, Repeat contribution: ,-1,Dist:,41.2311, Dist contribution: ,-206.155, New scanned ratio: ,0.0127412, New Scanned Cells Contribution: ,0,Area ratio: ,0.959938, Area ratio Contribution: ,0,Perim diff: ,1.05204, Perim diff Contribution: ,0,Frontier diff: ,0, Frontier diff Contribution ,0,Inverse Area ratio: ,0.884876, Inv Area Ratio Contribution: ,0,Inverse Perim ratio: ,1.07398, Inv Perim Contribution: ,0, Final Score: ,-207.155
BEST Point:,281,153, Score: ,-101.211
COUNT COMMAND: 1
Total frontiers: ,101, Prioritised frontiers: ,17
At: ,280,153,
Point: ,299,160,Repeat score:,1, Repeat contribution: ,-1,Dist:,21.0668, Dist contribution: ,-105.334, New scanned ratio: ,0.00294554, New Scanned Cells Contribution: ,0,Area ratio: ,0.981533, Area ratio Contribution: ,0,Perim diff: ,1.03151, Perim diff Contribution: ,0,Frontier diff: ,0, Frontier diff Contribution ,0,Inverse Area ratio: ,0.971289, Inv Area Ratio Contribution: ,0,Inverse Perim ratio: ,1.03468, Inv Perim Contribution: ,0, Final Score: ,-106.334
Point: ,297,165,Repeat score:,1, Repeat contribution: ,-1,Dist:,23.0729, Dist contribution: ,-115.365, New scanned ratio: ,0.00510175, New Scanned Cells Contribution: ,0,Area ratio: ,0.971135, Area ratio Contribution: ,0,Perim diff: ,1.03345, Perim diff Contribution: ,0,Frontier diff: ,0, Frontier diff Contribution ,0,Inverse Area ratio: ,0.970335, Inv Area Ratio Contribution: ,0,Inverse Perim ratio: ,1.03563, Inv Perim Contribution: ,0, Final Score: ,-116.365
Point: ,292,170,Repeat score:,1, Repeat contribution: ,-1,Dist:,25.1478, Dist contribution: ,-125.739, New scanned ratio: ,0.00883661, New Scanned Cells Contribution: ,0,Area ratio: ,0.961341, Area ratio Contribution: ,0,Perim diff: ,1.03828, Perim diff Contribution: ,0,Frontier diff: ,0, Frontier diff Contribution ,0,Inverse Area ratio: ,0.967116, Inv Area Ratio Contribution: ,0,Inverse Perim ratio: ,1.04059, Inv Perim Contribution: ,0, Final Score: ,-126.739
Point: ,286,173,Repeat score:,1, Repeat contribution: ,-1,Dist:,26.6833, Dist contribution: ,-133.417, New scanned ratio: ,0.012456, New Scanned Cells Contribution: ,0,Area ratio: ,0.956288, Area ratio Contribution: ,0,Perim diff: ,1.03842, Perim diff Contribution: ,0,Frontier diff: ,0, Frontier diff Contribution ,0,Inverse Area ratio: ,0.96602, Inv Area Ratio Contribution: ,0,Inverse Perim ratio: ,1.0437, Inv Perim Contribution: ,0, Final Score: ,-134.417
Point: ,281,173,Repeat score:,1, Repeat contribution: ,-1,Dist:,26.0192, Dist contribution: ,-130.096, New scanned ratio: ,0.0134378, New Scanned Cells Contribution: ,0,Area ratio: ,0.95707, Area ratio Contribution: ,0,Perim diff: ,1.03832, Perim diff Contribution: ,0,Frontier diff: ,-1, Frontier diff Contribution ,-0,Inverse Area ratio: ,0.961976, Inv Area Ratio Contribution: ,0,Inverse Perim ratio: ,1.04863, Inv Perim Contribution: ,0, Final Score: ,-131.096
Point: ,280,174,Repeat score:,1, Repeat contribution: ,-1,Dist:,27.3, Dist contribution: ,-136.5, New scanned ratio: ,0.0141886, New Scanned Cells Contribution: ,0,Area ratio: ,0.955167, Area ratio Contribution: ,0,Perim diff: ,1.03927, Perim diff Contribution: ,0,Frontier diff: ,-1, Frontier diff Contribution ,-0,Inverse Area ratio: ,0.960179, Inv Area Ratio Contribution: ,0,Inverse Perim ratio: ,1.05105, Inv Perim Contribution: ,0, Final Score: ,-137.5
Point: ,279,173,Repeat score:,1, Repeat contribution: ,-1,Dist:,26.0192, Dist contribution: ,-130.096, New scanned ratio: ,0.0132838, New Scanned Cells Contribution: ,0,Area ratio: ,0.9571, Area ratio Contribution: ,0,Perim diff: ,1.04002, Perim diff Contribution: ,0,Frontier diff: ,-1, Frontier diff Contribution ,-0,Inverse Area ratio: ,0.956804, Inv Area Ratio Contribution: ,0,Inverse Perim ratio: ,1.05701, Inv Perim Contribution: ,0, Final Score: ,-131.096
Point: ,274,173,Repeat score:,1, Repeat contribution: ,-1,Dist:,26.6833, Dist contribution: ,-133.417, New scanned ratio: ,0.0125907, New Scanned Cells Contribution: ,0,Area ratio: ,0.957822, Area ratio Contribution: ,0,Perim diff: ,1.04012, Perim diff Contribution: ,0,Frontier diff: ,0, Frontier diff Contribution ,0,Inverse Area ratio: ,0.911735, Inv Area Ratio Contribution: ,0,Inverse Perim ratio: ,1.07075, Inv Perim Contribution: ,0, Final Score: ,-134.417
Point: ,273,172,Repeat score:,1, Repeat contribution: ,-1,Dist:,25.6727, Dist contribution: ,-128.364, New scanned ratio: ,0.0117436, New Scanned Cells Contribution: ,0,Area ratio: ,0.959951, Area ratio Contribution: ,0,Perim diff: ,1.03988, Perim diff Contribution: ,0,Frontier diff: ,0, Frontier diff Contribution ,0,Inverse Area ratio: ,0.912846, Inv Area Ratio Contribution: ,0,Inverse Perim ratio: ,1.06845, Inv Perim Contribution: ,0, Final Score: ,-129.364
Point: ,270,172,Repeat score:,1, Repeat contribution: ,-1,Dist:,26.6475, Dist contribution: ,-133.238, New scanned ratio: ,0.0116281, New Scanned Cells Contribution: ,0,Area ratio: ,0.960495, Area ratio Contribution: ,0,Perim diff: ,1.03962, Perim diff Contribution: ,0,Frontier diff: ,0, Frontier diff Contribution ,0,Inverse Area ratio: ,0.913019, Inv Area Ratio Contribution: ,0,Inverse Perim ratio: ,1.06614, Inv Perim Contribution: ,0, Final Score: ,-134.238
Point: ,267,174,Repeat score:,1, Repeat contribution: ,-1,Dist:,30.2372, Dist contribution: ,-151.186, New scanned ratio: ,0.0130528, New Scanned Cells Contribution: ,0,Area ratio: ,0.957034, Area ratio Contribution: ,0,Perim diff: ,1.04039, Perim diff Contribution: ,0,Frontier diff: ,0, Frontier diff Contribution ,0,Inverse Area ratio: ,0.911192, Inv Area Ratio Contribution: ,0,Inverse Perim ratio: ,1.06747, Inv Perim Contribution: ,0, Final Score: ,-152.186
Point: ,262,174,Repeat score:,1, Repeat contribution: ,-1,Dist:,32.7, Dist contribution: ,-163.5, New scanned ratio: ,0.0129373, New Scanned Cells Contribution: ,0,Area ratio: ,0.957583, Area ratio Contribution: ,0,Perim diff: ,1.04131, Perim diff Contribution: ,0,Frontier diff: ,0, Frontier diff Contribution ,0,Inverse Area ratio: ,0.911328, Inv Area Ratio Contribution: ,0,Inverse Perim ratio: ,1.06594, Inv Perim Contribution: ,0, Final Score: ,-164.5
Point: ,261,175,Repeat score:,1, Repeat contribution: ,-1,Dist:,34.336, Dist contribution: ,-171.68, New scanned ratio: ,0.0136688, New Scanned Cells Contribution: ,0,Area ratio: ,0.955779, Area ratio Contribution: ,0,Perim diff: ,1.04419, Perim diff Contribution: ,0,Frontier diff: ,0, Frontier diff Contribution ,0,Inverse Area ratio: ,0.910341, Inv Area Ratio Contribution: ,0,Inverse Perim ratio: ,1.06966, Inv Perim Contribution: ,0, Final Score: ,-172.68
Point: ,260,174,Repeat score:,1, Repeat contribution: ,-1,Dist:,33.8421, Dist contribution: ,-169.211, New scanned ratio: ,0.012918, New Scanned Cells Contribution: ,0,Area ratio: ,0.957838, Area ratio Contribution: ,0,Perim diff: ,1.04029, Perim diff Contribution: ,0,Frontier diff: ,0, Frontier diff Contribution ,0,Inverse Area ratio: ,0.911377, Inv Area Ratio Contribution: ,0,Inverse Perim ratio: ,1.06411, Inv Perim Contribution: ,0, Final Score: ,-170.211
Point: ,255,174,Repeat score:,1, Repeat contribution: ,-1,Dist:,37.0174, Dist contribution: ,-185.087, New scanned ratio: ,0.0128217, New Scanned Cells Contribution: ,0,Area ratio: ,0.958096, Area ratio Contribution: ,0,Perim diff: ,1.04652, Perim diff Contribution: ,0,Frontier diff: ,0, Frontier diff Contribution ,0,Inverse Area ratio: ,0.911464, Inv Area Ratio Contribution: ,0,Inverse Perim ratio: ,1.06925, Inv Perim Contribution: ,0, Final Score: ,-186.087
Point: ,252,172,Repeat score:,1, Repeat contribution: ,-1,Dist:,37.3375, Dist contribution: ,-186.688, New scanned ratio: ,0.0113008, New Scanned Cells Contribution: ,0,Area ratio: ,0.961974, Area ratio Contribution: ,0,Perim diff: ,1.0433, Perim diff Contribution: ,0,Frontier diff: ,0, Frontier diff Contribution ,0,Inverse Area ratio: ,0.913475, Inv Area Ratio Contribution: ,0,Inverse Perim ratio: ,1.06335, Inv Perim Contribution: ,0, Final Score: ,-187.688
Point: ,248,174,Repeat score:,1, Repeat contribution: ,-1,Dist:,42.0629, Dist contribution: ,-210.315, New scanned ratio: ,0.012764, New Scanned Cells Contribution: ,0,Area ratio: ,0.958473, Area ratio Contribution: ,0,Perim diff: ,1.04538, Perim diff Contribution: ,0,Frontier diff: ,0, Frontier diff Contribution ,0,Inverse Area ratio: ,0.911587, Inv Area Ratio Contribution: ,0,Inverse Perim ratio: ,1.0664, Inv Perim Contribution: ,0, Final Score: ,-211.315
BEST Point:,299,160, Score: ,-106.334
COUNT COMMAND: 1
Total frontiers: ,103, Prioritised frontiers: ,14
At: ,298,159,
Point: ,299,179,Repeat score:,1, Repeat contribution: ,-1,Dist:,26.0192, Dist contribution: ,-130.096, New scanned ratio: ,0.00725723, New Scanned Cells Contribution: ,0,Area ratio: ,0.940993, Area ratio Contribution: ,0,Perim diff: ,1.04635, Perim diff Contribution: ,0,Frontier diff: ,0, Frontier diff Contribution ,0,Inverse Area ratio: ,0.967077, Inv Area Ratio Contribution: ,0,Inverse Perim ratio: ,1.04027, Inv Perim Contribution: ,0, Final Score: ,-131.096
Point: ,298,180,Repeat score:,1, Repeat contribution: ,-1,Dist:,27.3, Dist contribution: ,-136.5, New scanned ratio: ,0.00814038, New Scanned Cells Contribution: ,0,Area ratio: ,0.939155, Area ratio Contribution: ,0,Perim diff: ,1.04872, Perim diff Contribution: ,0,Frontier diff: ,0, Frontier diff Contribution ,0,Inverse Area ratio: ,0.965852, Inv Area Ratio Contribution: ,0,Inverse Perim ratio: ,1.04362, Inv Perim Contribution: ,0, Final Score: ,-137.5
Point: ,297,179,Repeat score:,1, Repeat contribution: ,-1,Dist:,26.0192, Dist contribution: ,-130.096, New scanned ratio: ,0.00825558, New Scanned Cells Contribution: ,0,Area ratio: ,0.941509, Area ratio Contribution: ,0,Perim diff: ,1.04637, Perim diff Contribution: ,0,Frontier diff: ,0, Frontier diff Contribution ,0,Inverse Area ratio: ,0.966351, Inv Area Ratio Contribution: ,0,Inverse Perim ratio: ,1.04201, Inv Perim Contribution: ,0, Final Score: ,-131.096
Point: ,292,179,Repeat score:,1, Repeat contribution: ,-1,Dist:,26.6833, Dist contribution: ,-133.417, New scanned ratio: ,0.0107323, New Scanned Cells Contribution: ,0,Area ratio: ,0.942733, Area ratio Contribution: ,0,Perim diff: ,1.0488, Perim diff Contribution: ,0,Frontier diff: ,0, Frontier diff Contribution ,0,Inverse Area ratio: ,0.963437, Inv Area Ratio Contribution: ,0,Inverse Perim ratio: ,1.04713, Inv Perim Contribution: ,0, Final Score: ,-134.417
Point: ,286,176,Repeat score:,1, Repeat contribution: ,-1,Dist:,25.1478, Dist contribution: ,-125.739, New scanned ratio: ,0.0115962, New Scanned Cells Contribution: ,0,Area ratio: ,0.950284, Area ratio Contribution: ,0,Perim diff: ,1.04184, Perim diff Contribution: ,0,Frontier diff: ,0, Frontier diff Contribution ,0,Inverse Area ratio: ,0.964641, Inv Area Ratio Contribution: ,0,Inverse Perim ratio: ,1.04653, Inv Perim Contribution: ,0, Final Score: ,-126.739
Point: ,283,173,Repeat score:,1, Repeat contribution: ,-1,Dist:,23.5847, Dist contribution: ,-117.924, New scanned ratio: ,0.0104251, New Scanned Cells Contribution: ,0,Area ratio: ,0.956831, Area ratio Contribution: ,0,Perim diff: ,1.0383, Perim diff Contribution: ,0,Frontier diff: ,0, Frontier diff Contribution ,0,Inverse Area ratio: ,0.964103, Inv Area Ratio Contribution: ,0,Inverse Perim ratio: ,1.04643, Inv Perim Contribution: ,0, Final Score: ,-118.924
Point: ,281,173,Repeat score:,1, Repeat contribution: ,-1,Dist:,24.9046, Dist contribution: ,-124.523, New scanned ratio: ,0.0107706, New Scanned Cells Contribution: ,0,Area ratio: ,0.95718, Area ratio Contribution: ,0,Perim diff: ,1.03705, Perim diff Contribution: ,0,Frontier diff: ,0, Frontier diff Contribution ,0,Inverse Area ratio: ,0.961974, Inv Area Ratio Contribution: ,0,Inverse Perim ratio: ,1.04911, Inv Perim Contribution: ,0, Final Score: ,-125.523
Point: ,280,174,Repeat score:,1, Repeat contribution: ,-1,Dist:,26.5377, Dist contribution: ,-132.689, New scanned ratio: ,0.0116346, New Scanned Cells Contribution: ,0,Area ratio: ,0.955386, Area ratio Contribution: ,0,Perim diff: ,1.038, Perim diff Contribution: ,0,Frontier diff: ,0, Frontier diff Contribution ,0,Inverse Area ratio: ,0.960173, Inv Area Ratio Contribution: ,0,Inverse Perim ratio: ,1.05192, Inv Perim Contribution: ,0, Final Score: ,-133.689
Point: ,279,173,Repeat score:,1, Repeat contribution: ,-1,Dist:,26.3105, Dist contribution: ,-131.552, New scanned ratio: ,0.0109626, New Scanned Cells Contribution: ,0,Area ratio: ,0.957443, Area ratio Contribution: ,0,Perim diff: ,1.03788, Perim diff Contribution: ,0,Frontier diff: ,0, Frontier diff Contribution ,0,Inverse Area ratio: ,0.959845, Inv Area Ratio Contribution: ,0,Inverse Perim ratio: ,1.05211, Inv Perim Contribution: ,0, Final Score: ,-132.552
Point: ,274,173,Repeat score:,1, Repeat contribution: ,-1,Dist:,30.1204, Dist contribution: ,-150.602, New scanned ratio: ,0.011481, New Scanned Cells Contribution: ,0,Area ratio: ,0.957938, Area ratio Contribution: ,0,Perim diff: ,1.04081, Perim diff Contribution: ,0,Frontier diff: ,0, Frontier diff Contribution ,0,Inverse Area ratio: ,0.959143, Inv Area Ratio Contribution: ,0,Inverse Perim ratio: ,1.05334, Inv Perim Contribution: ,0, Final Score: ,-151.602
Point: ,273,172,Repeat score:,1, Repeat contribution: ,-1,Dist:,30.1763, Dist contribution: ,-150.882, New scanned ratio: ,0.0108282, New Scanned Cells Contribution: ,0,Area ratio: ,0.959921, Area ratio Contribution: ,0,Perim diff: ,1.04081, Perim diff Contribution: ,0,Frontier diff: ,0, Frontier diff Contribution ,0,Inverse Area ratio: ,0.960066, Inv Area Ratio Contribution: ,0,Inverse Perim ratio: ,1.05248, Inv Perim Contribution: ,0, Final Score: ,-151.882
Point: ,270,172,Repeat score:,1, Repeat contribution: ,-1,Dist:,32.7049, Dist contribution: ,-163.524, New scanned ratio: ,0.0111738, New Scanned Cells Contribution: ,0,Area ratio: ,0.960145, Area ratio Contribution: ,0,Perim diff: ,1.04139, Perim diff Contribution: ,0,Frontier diff: ,0, Frontier diff Contribution ,0,Inverse Area ratio: ,0.961748, Inv Area Ratio Contribution: ,0,Inverse Perim ratio: ,1.05252, Inv Perim Contribution: ,0, Final Score: ,-164.524
Point: ,267,174,Repeat score:,1, Repeat contribution: ,-1,Dist:,36.6231, Dist contribution: ,-183.115, New scanned ratio: ,0.0128825, New Scanned Cells Contribution: ,0,Area ratio: ,0.956468, Area ratio Contribution: ,0,Perim diff: ,1.04548, Perim diff Contribution: ,0,Frontier diff: ,0, Frontier diff Contribution ,0,Inverse Area ratio: ,0.958639, Inv Area Ratio Contribution: ,0,Inverse Perim ratio: ,1.05798, Inv Perim Contribution: ,0, Final Score: ,-184.115
Point: ,262,174,Repeat score:,1, Repeat contribution: ,-1,Dist:,40.942, Dist contribution: ,-204.71, New scanned ratio: ,0.0129017, New Scanned Cells Contribution: ,0,Area ratio: ,0.956303, Area ratio Contribution: ,0,Perim diff: ,1.05042, Perim diff Contribution: ,0,Frontier diff: ,0, Frontier diff Contribution ,0,Inverse Area ratio: ,0.956205, Inv Area Ratio Contribution: ,0,Inverse Perim ratio: ,1.06209, Inv Perim Contribution: ,0, Final Score: ,-205.71
BEST Point:,283,173, Score: ,-118.924
COUNT COMMAND: 1
Total frontiers: ,100, Prioritised frontiers: ,16
At: ,283,172,
Point: ,299,185,Repeat score:,1, Repeat contribution: ,-1,Dist:,23.2725, Dist contribution: ,-116.363, New scanned ratio: ,0.00431616, New Scanned Cells Contribution: ,0,Area ratio: ,0.933051, Area ratio Contribution: ,0,Perim diff: ,1.04132, Perim diff Contribution: ,0,Frontier diff: ,0, Frontier diff Contribution ,0,Inverse Area ratio: ,0.968492, Inv Area Ratio Contribution: ,0,Inverse Perim ratio: ,1.03761, Inv Perim Contribution: ,0, Final Score: ,-117.363
Point: ,295,189,Repeat score:,1, Repeat contribution: ,-1,Dist:,25.1478, Dist contribution: ,-125.739, New scanned ratio: ,0.00714924, New Scanned Cells Contribution: ,0,Area ratio: ,0.925032, Area ratio Contribution: ,0,Perim diff: ,1.04532, Perim diff Contribution: ,0,Frontier diff: ,0, Frontier diff Contribution ,0,Inverse Area ratio: ,0.965951, Inv Area Ratio Contribution: ,0,Inverse Perim ratio: ,1.0406, Inv Perim Contribution: ,0, Final Score: ,-126.739
Point: ,289,192,Repeat score:,1, Repeat contribution: ,-1,Dist:,26.6833, Dist contribution: ,-133.417, New scanned ratio: ,0.0109901, New Scanned Cells Contribution: ,0,Area ratio: ,0.919714, Area ratio Contribution: ,0,Perim diff: ,1.05136, Perim diff Contribution: ,0,Frontier diff: ,0, Frontier diff Contribution ,0,Inverse Area ratio: ,0.960997, Inv Area Ratio Contribution: ,0,Inverse Perim ratio: ,1.04816, Inv Perim Contribution: ,0, Final Score: ,-134.417
Point: ,284,192,Repeat score:,1, Repeat contribution: ,-1,Dist:,26.0192, Dist contribution: ,-130.096, New scanned ratio: ,0.0131006, New Scanned Cells Contribution: ,0,Area ratio: ,0.920396, Area ratio Contribution: ,0,Perim diff: ,1.05603, Perim diff Contribution: ,0,Frontier diff: ,0, Frontier diff Contribution ,0,Inverse Area ratio: ,0.956155, Inv Area Ratio Contribution: ,0,Inverse Perim ratio: ,1.05852, Inv Perim Contribution: ,0, Final Score: ,-131.096
Point: ,283,193,Repeat score:,1, Repeat contribution: ,-1,Dist:,27.3, Dist contribution: ,-136.5, New scanned ratio: ,0.0141654, New Scanned Cells Contribution: ,0,Area ratio: ,0.918745, Area ratio Contribution: ,0,Perim diff: ,1.05766, Perim diff Contribution: ,0,Frontier diff: ,0, Frontier diff Contribution ,0,Inverse Area ratio: ,0.954653, Inv Area Ratio Contribution: ,0,Inverse Perim ratio: ,1.06114, Inv Perim Contribution: ,0, Final Score: ,-137.5
Point: ,282,192,Repeat score:,1, Repeat contribution: ,-1,Dist:,26.0192, Dist contribution: ,-130.096, New scanned ratio: ,0.0139182, New Scanned Cells Contribution: ,0,Area ratio: ,0.920778, Area ratio Contribution: ,0,Perim diff: ,1.05814, Perim diff Contribution: ,0,Frontier diff: ,0, Frontier diff Contribution ,0,Inverse Area ratio: ,0.953585, Inv Area Ratio Contribution: ,0,Inverse Perim ratio: ,1.06534, Inv Perim Contribution: ,0, Final Score: ,-131.096
Point: ,277,192,Repeat score:,1, Repeat contribution: ,-1,Dist:,26.6833, Dist contribution: ,-133.417, New scanned ratio: ,0.0150971, New Scanned Cells Contribution: ,0,Area ratio: ,0.921693, Area ratio Contribution: ,0,Perim diff: ,1.06582, Perim diff Contribution: ,0,Frontier diff: ,0, Frontier diff Contribution ,0,Inverse Area ratio: ,0.94327, Inv Area Ratio Contribution: ,0,Inverse Perim ratio: ,1.09943, Inv Perim Contribution: ,0, Final Score: ,-134.417
Point: ,271,189,Repeat score:,1, Repeat contribution: ,-1,Dist:,25.1478, Dist contribution: ,-125.739, New scanned ratio: ,0.014945, New Scanned Cells Contribution: ,0,Area ratio: ,0.92893, Area ratio Contribution: ,0,Perim diff: ,1.06234, Perim diff Contribution: ,0,Frontier diff: ,0, Frontier diff Contribution ,0,Inverse Area ratio: ,0.9442, Inv Area Ratio Contribution: ,0,Inverse Perim ratio: ,1.08747, Inv Perim Contribution: ,0, Final Score: ,-126.739
Point: ,266,184,Repeat score:,1, Repeat contribution: ,-1,Dist:,23.0729, Dist contribution: ,-115.365, New scanned ratio: ,0.0134809, New Scanned Cells Contribution: ,0,Area ratio: ,0.939612, Area ratio Contribution: ,0,Perim diff: ,1.05157, Perim diff Contribution: ,0,Frontier diff: ,0, Frontier diff Contribution ,0,Inverse Area ratio: ,0.94891, Inv Area Ratio Contribution: ,0,Inverse Perim ratio: ,1.07156, Inv Perim Contribution: ,0, Final Score: ,-116.365
Point: ,263,178,Repeat score:,1, Repeat contribution: ,-1,Dist:,21.4672, Dist contribution: ,-107.336, New scanned ratio: ,0.0104957, New Scanned Cells Contribution: ,0,Area ratio: ,0.951039, Area ratio Contribution: ,0,Perim diff: ,1.044, Perim diff Contribution: ,0,Frontier diff: ,0, Frontier diff Contribution ,0,Inverse Area ratio: ,0.954979, Inv Area Ratio Contribution: ,0,Inverse Perim ratio: ,1.05557, Inv Perim Contribution: ,0, Final Score: ,-108.336
Point: ,263,174,Repeat score:,1, Repeat contribution: ,-1,Dist:,20.1683, Dist contribution: ,-100.841, New scanned ratio: ,0.00798585, New Scanned Cells Contribution: ,0,Area ratio: ,0.958258, Area ratio Contribution: ,0,Perim diff: ,1.03776, Perim diff Contribution: ,0,Frontier diff: ,0, Frontier diff Contribution ,0,Inverse Area ratio: ,0.958559, Inv Area Ratio Contribution: ,0,Inverse Perim ratio: ,1.04714, Inv Perim Contribution: ,0, Final Score: ,-101.841
Point: ,261,175,Repeat score:,1, Repeat contribution: ,-1,Dist:,22.343, Dist contribution: ,-111.715, New scanned ratio: ,0.00922176, New Scanned Cells Contribution: ,0,Area ratio: ,0.95673, Area ratio Contribution: ,0,Perim diff: ,1.04055, Perim diff Contribution: ,0,Frontier diff: ,0, Frontier diff Contribution ,0,Inverse Area ratio: ,0.956815, Inv Area Ratio Contribution: ,0,Inverse Perim ratio: ,1.05048, Inv Perim Contribution: ,0, Final Score: ,-112.715
Point: ,260,174,Repeat score:,1, Repeat contribution: ,-1,Dist:,23.1465, Dist contribution: ,-115.732, New scanned ratio: ,0.00889852, New Scanned Cells Contribution: ,0,Area ratio: ,0.958627, Area ratio Contribution: ,0,Perim diff: ,1.0383, Perim diff Contribution: ,0,Frontier diff: ,0, Frontier diff Contribution ,0,Inverse Area ratio: ,0.957261, Inv Area Ratio Contribution: ,0,Inverse Perim ratio: ,1.04769, Inv Perim Contribution: ,0, Final Score: ,-116.732
Point: ,255,174,Repeat score:,1, Repeat contribution: ,-1,Dist:,28.1205, Dist contribution: ,-140.602, New scanned ratio: ,0.0103246, New Scanned Cells Contribution: ,0,Area ratio: ,0.959111, Area ratio Contribution: ,0,Perim diff: ,1.04194, Perim diff Contribution: ,0,Frontier diff: ,0, Frontier diff Contribution ,0,Inverse Area ratio: ,0.955267, Inv Area Ratio Contribution: ,0,Inverse Perim ratio: ,1.05186, Inv Perim Contribution: ,0, Final Score: ,-141.602
Point: ,252,172,Repeat score:,1, Repeat contribution: ,-1,Dist:,31, Dist contribution: ,-155, New scanned ratio: ,0.00981119, New Scanned Cells Contribution: ,0,Area ratio: ,0.962837, Area ratio Contribution: ,0,Perim diff: ,1.0399, Perim diff Contribution: ,0,Frontier diff: ,0, Frontier diff Contribution ,0,Inverse Area ratio: ,0.959966, Inv Area Ratio Contribution: ,0,Inverse Perim ratio: ,1.04944, Inv Perim Contribution: ,0, Final Score: ,-156
Point: ,248,174,Repeat score:,1, Repeat contribution: ,-1,Dist:,35.0964, Dist contribution: ,-175.482, New scanned ratio: ,0.0120548, New Scanned Cells Contribution: ,0,Area ratio: ,0.959572, Area ratio Contribution: ,0,Perim diff: ,1.04439, Perim diff Contribution: ,0,Frontier diff: ,0, Frontier diff Contribution ,0,Inverse Area ratio: ,0.95984, Inv Area Ratio Contribution: ,0,Inverse Perim ratio: ,1.05536, Inv Perim Contribution: ,0, Final Score: ,-176.482
BEST Point:,263,174, Score: ,-101.841
COUNT COMMAND: 1
Total frontiers: ,100, Prioritised frontiers: ,23
At: ,263,173,
Point: ,299,185,Repeat score:,1, Repeat contribution: ,-1,Dist:,39.2347, Dist contribution: ,-196.173, New scanned ratio: ,0.00428455, New Scanned Cells Contribution: ,0,Area ratio: ,0.939931, Area ratio Contribution: ,0,Perim diff: ,1.0429, Perim diff Contribution: ,0,Frontier diff: ,0, Frontier diff Contribution ,0,Inverse Area ratio: ,0.966392, Inv Area Ratio Contribution: ,0,Inverse Perim ratio: ,1.04368, Inv Perim Contribution: ,0, Final Score: ,-197.173
Point: ,295,189,Repeat score:,1, Repeat contribution: ,-1,Dist:,38.166, Dist contribution: ,-190.83, New scanned ratio: ,0.00709688, New Scanned Cells Contribution: ,0,Area ratio: ,0.931861, Area ratio Contribution: ,0,Perim diff: ,1.04683, Perim diff Contribution: ,0,Frontier diff: ,0, Frontier diff Contribution ,0,Inverse Area ratio: ,0.964429, Inv Area Ratio Contribution: ,0,Inverse Perim ratio: ,1.0474, Inv Perim Contribution: ,0, Final Score: ,-191.83
Point: ,289,192,Repeat score:,1, Repeat contribution: ,-1,Dist:,35.8621, Dist contribution: ,-179.31, New scanned ratio: ,0.0107019, New Scanned Cells Contribution: ,0,Area ratio: ,0.926338, Area ratio Contribution: ,0,Perim diff: ,1.04605, Perim diff Contribution: ,0,Frontier diff: ,0, Frontier diff Contribution ,0,Inverse Area ratio: ,0.962455, Inv Area Ratio Contribution: ,0,Inverse Perim ratio: ,1.04736, Inv Perim Contribution: ,0, Final Score: ,-180.31
Point: ,284,192,Repeat score:,1, Repeat contribution: ,-1,Dist:,32.4205, Dist contribution: ,-162.103, New scanned ratio: ,0.0120987, New Scanned Cells Contribution: ,0,Area ratio: ,0.926437, Area ratio Contribution: ,0,Perim diff: ,1.04611, Perim diff Contribution: ,0,Frontier diff: ,0, Frontier diff Contribution ,0,Inverse Area ratio: ,0.957545, Inv Area Ratio Contribution: ,0,Inverse Perim ratio: ,1.05153, Inv Perim Contribution: ,0, Final Score: ,-163.103
Point: ,283,193,Repeat score:,1, Repeat contribution: ,-1,Dist:,32.8024, Dist contribution: ,-164.012, New scanned ratio: ,0.0130047, New Scanned Cells Contribution: ,0,Area ratio: ,0.924646, Area ratio Contribution: ,0,Perim diff: ,1.0455, Perim diff Contribution: ,0,Frontier diff: ,0, Frontier diff Contribution ,0,Inverse Area ratio: ,0.956266, Inv Area Ratio Contribution: ,0,Inverse Perim ratio: ,1.05153, Inv Perim Contribution: ,0, Final Score: ,-165.012
Point: ,282,192,Repeat score:,1, Repeat contribution: ,-1,Dist:,31.1623, Dist contribution: ,-155.812, New scanned ratio: ,0.012495, New Scanned Cells Contribution: ,0,Area ratio: ,0.926449, Area ratio Contribution: ,0,Perim diff: ,1.0453, Perim diff Contribution: ,0,Frontier diff: ,0, Frontier diff Contribution ,0,Inverse Area ratio: ,0.954796, Inv Area Ratio Contribution: ,0,Inverse Perim ratio: ,1.05435, Inv Perim Contribution: ,0, Final Score: ,-156.812
Point: ,277,192,Repeat score:,1, Repeat contribution: ,-1,Dist:,28.3917, Dist contribution: ,-141.959, New scanned ratio: ,0.0123818, New Scanned Cells Contribution: ,0,Area ratio: ,0.92617, Area ratio Contribution: ,0,Perim diff: ,1.04734, Perim diff Contribution: ,0,Frontier diff: ,0, Frontier diff Contribution ,0,Inverse Area ratio: ,0.941773, Inv Area Ratio Contribution: ,0,Inverse Perim ratio: ,1.07883, Inv Perim Contribution: ,0, Final Score: ,-142.959
Point: ,274,190,Repeat score:,1, Repeat contribution: ,-1,Dist:,24.6862, Dist contribution: ,-123.431, New scanned ratio: ,0.0107019, New Scanned Cells Contribution: ,0,Area ratio: ,0.929652, Area ratio Contribution: ,0,Perim diff: ,1.04762, Perim diff Contribution: ,0,Frontier diff: ,0, Frontier diff Contribution ,0,Inverse Area ratio: ,0.944199, Inv Area Ratio Contribution: ,0,Inverse Perim ratio: ,1.07443, Inv Perim Contribution: ,0, Final Score: ,-124.431
Point: ,269,193,Repeat score:,1, Repeat contribution: ,-1,Dist:,26.6833, Dist contribution: ,-133.417, New scanned ratio: ,0.0129858, New Scanned Cells Contribution: ,0,Area ratio: ,0.924222, Area ratio Contribution: ,0,Perim diff: ,1.0541, Perim diff Contribution: ,0,Frontier diff: ,0, Frontier diff Contribution ,0,Inverse Area ratio: ,0.940907, Inv Area Ratio Contribution: ,0,Inverse Perim ratio: ,1.08217, Inv Perim Contribution: ,0, Final Score: ,-134.417
Point: ,264,193,Repeat score:,1, Repeat contribution: ,-1,Dist:,26.0192, Dist contribution: ,-130.096, New scanned ratio: ,0.0134954, New Scanned Cells Contribution: ,0,Area ratio: ,0.924487, Area ratio Contribution: ,0,Perim diff: ,1.06068, Perim diff Contribution: ,0,Frontier diff: ,0, Frontier diff Contribution ,0,Inverse Area ratio: ,0.940173, Inv Area Ratio Contribution: ,0,Inverse Perim ratio: ,1.08748, Inv Perim Contribution: ,0, Final Score: ,-131.096
Point: ,263,194,Repeat score:,1, Repeat contribution: ,-1,Dist:,27.3, Dist contribution: ,-136.5, New scanned ratio: ,0.0143636, New Scanned Cells Contribution: ,0,Area ratio: ,0.922776, Area ratio Contribution: ,0,Perim diff: ,1.0623, Perim diff Contribution: ,0,Frontier diff: ,0, Frontier diff Contribution ,0,Inverse Area ratio: ,0.93894, Inv Area Ratio Contribution: ,0,Inverse Perim ratio: ,1.09007, Inv Perim Contribution: ,0, Final Score: ,-137.5
Point: ,262,193,Repeat score:,1, Repeat contribution: ,-1,Dist:,26.0192, Dist contribution: ,-130.096, New scanned ratio: ,0.0138351, New Scanned Cells Contribution: ,0,Area ratio: ,0.924753, Area ratio Contribution: ,0,Perim diff: ,1.06134, Perim diff Contribution: ,0,Frontier diff: ,0, Frontier diff Contribution ,0,Inverse Area ratio: ,0.939675, Inv Area Ratio Contribution: ,0,Inverse Perim ratio: ,1.09082, Inv Perim Contribution: ,0, Final Score: ,-131.096
Point: ,257,193,Repeat score:,1, Repeat contribution: ,-1,Dist:,26.6833, Dist contribution: ,-133.417, New scanned ratio: ,0.0149299, New Scanned Cells Contribution: ,0,Area ratio: ,0.925178, Area ratio Contribution: ,0,Perim diff: ,1.07133, Perim diff Contribution: ,0,Frontier diff: ,0, Frontier diff Contribution ,0,Inverse Area ratio: ,0.938048, Inv Area Ratio Contribution: ,0,Inverse Perim ratio: ,1.09735, Inv Perim Contribution: ,0, Final Score: ,-134.417
Point: ,251,190,Repeat score:,1, Repeat contribution: ,-1,Dist:,25.1478, Dist contribution: ,-125.739, New scanned ratio: ,0.0149299, New Scanned Cells Contribution: ,0,Area ratio: ,0.93178, Area ratio Contribution: ,0,Perim diff: ,1.06929, Perim diff Contribution: ,0,Frontier diff: ,0, Frontier diff Contribution ,0,Inverse Area ratio: ,0.938114, Inv Area Ratio Contribution: ,0,Inverse Perim ratio: ,1.09139, Inv Perim Contribution: ,0, Final Score: ,-126.739
Point: ,246,185,Repeat score:,1, Repeat contribution: ,-1,Dist:,23.0729, Dist contribution: ,-115.365, New scanned ratio: ,0.0136653, New Scanned Cells Contribution: ,0,Area ratio: ,0.941701, Area ratio Contribution: ,0,Perim diff: ,1.05587, Perim diff Contribution: ,0,Frontier diff: ,0, Frontier diff Contribution ,0,Inverse Area ratio: ,0.946739, Inv Area Ratio Contribution: ,0,Inverse Perim ratio: ,1.07216, Inv Perim Contribution: ,0, Final Score: ,-116.365
Point: ,243,179,Repeat score:,1, Repeat contribution: ,-1,Dist:,21.4672, Dist contribution: ,-107.336, New scanned ratio: ,0.0107963, New Scanned Cells Contribution: ,0,Area ratio: ,0.952873, Area ratio Contribution: ,0,Perim diff: ,1.04399, Perim diff Contribution: ,0,Frontier diff: ,0, Frontier diff Contribution ,0,Inverse Area ratio: ,0.951856, Inv Area Ratio Contribution: ,0,Inverse Perim ratio: ,1.05597, Inv Perim Contribution: ,0, Final Score: ,-108.336
Point: ,243,174,Repeat score:,1, Repeat contribution: ,-1,Dist:,20.0422, Dist contribution: ,-100.211, New scanned ratio: ,0.00770087, New Scanned Cells Contribution: ,0,Area ratio: ,0.961589, Area ratio Contribution: ,0,Perim diff: ,1.03853, Perim diff Contribution: ,0,Frontier diff: ,0, Frontier diff Contribution ,0,Inverse Area ratio: ,0.956298, Inv Area Ratio Contribution: ,0,Inverse Perim ratio: ,1.04847, Inv Perim Contribution: ,0, Final Score: ,-101.211
Point: ,242,175,Repeat score:,1, Repeat contribution: ,-1,Dist:,21.1603, Dist contribution: ,-105.802, New scanned ratio: ,0.00862573, New Scanned Cells Contribution: ,0,Area ratio: ,0.959941, Area ratio Contribution: ,0,Perim diff: ,1.04068, Perim diff Contribution: ,0,Frontier diff: ,0, Frontier diff Contribution ,0,Inverse Area ratio: ,0.954976, Inv Area Ratio Contribution: ,0,Inverse Perim ratio: ,1.0511, Inv Perim Contribution: ,0, Final Score: ,-106.802
Point: ,241,174,Repeat score:,1, Repeat contribution: ,-1,Dist:,22.0384, Dist contribution: ,-110.192, New scanned ratio: ,0.00834261, New Scanned Cells Contribution: ,0,Area ratio: ,0.96184, Area ratio Contribution: ,0,Perim diff: ,1.03852, Perim diff Contribution: ,0,Frontier diff: ,0, Frontier diff Contribution ,0,Inverse Area ratio: ,0.955399, Inv Area Ratio Contribution: ,0,Inverse Perim ratio: ,1.04847, Inv Perim Contribution: ,0, Final Score: ,-111.192
Point: ,236,174,Repeat score:,1, Repeat contribution: ,-1,Dist:,27.0313, Dist contribution: ,-135.156, New scanned ratio: ,0.00985259, New Scanned Cells Contribution: ,0,Area ratio: ,0.962385, Area ratio Contribution: ,0,Perim diff: ,1.04182, Perim diff Contribution: ,0,Frontier diff: ,0, Frontier diff Contribution ,0,Inverse Area ratio: ,0.953218, Inv Area Ratio Contribution: ,0,Inverse Perim ratio: ,1.05221, Inv Perim Contribution: ,0, Final Score: ,-136.156
Point: ,233,172,Repeat score:,1, Repeat contribution: ,-1,Dist:,30.0282, Dist contribution: ,-150.141, New scanned ratio: ,0.0093996, New Scanned Cells Contribution: ,0,Area ratio: ,0.965806, Area ratio Contribution: ,0,Perim diff: ,1.03998, Perim diff Contribution: ,0,Frontier diff: ,0, Frontier diff Contribution ,0,Inverse Area ratio: ,0.954533, Inv Area Ratio Contribution: ,0,Inverse Perim ratio: ,1.04966, Inv Perim Contribution: ,0, Final Score: ,-151.141
Point: ,229,174,Repeat score:,1, Repeat contribution: ,-1,Dist:,34.0248, Dist contribution: ,-170.124, New scanned ratio: ,0.0116268, New Scanned Cells Contribution: ,0,Area ratio: ,0.962852, Area ratio Contribution: ,0,Perim diff: ,1.04215, Perim diff Contribution: ,0,Frontier diff: ,0, Frontier diff Contribution ,0,Inverse Area ratio: ,0.95548, Inv Area Ratio Contribution: ,0,Inverse Perim ratio: ,1.05303, Inv Perim Contribution: ,0, Final Score: ,-171.124
Point: ,224,174,Repeat score:,1, Repeat contribution: ,-1,Dist:,39.0217, Dist contribution: ,-195.108, New scanned ratio: ,0.0122874, New Scanned Cells Contribution: ,0,Area ratio: ,0.962552, Area ratio Contribution: ,0,Perim diff: ,1.04722, Perim diff Contribution: ,0,Frontier diff: ,0, Frontier diff Contribution ,0,Inverse Area ratio: ,0.954457, Inv Area Ratio Contribution: ,0,Inverse Perim ratio: ,1.05857, Inv Perim Contribution: ,0, Final Score: ,-196.108
BEST Point:,243,174, Score: ,-101.211
COUNT COMMAND: 1
Total frontiers: ,100, Prioritised frontiers: ,25
At: ,243,173,
Point: ,277,192,Repeat score:,1, Repeat contribution: ,-1,Dist:,42.0249, Dist contribution: ,-210.124, New scanned ratio: ,0.0122941, New Scanned Cells Contribution: ,0,Area ratio: ,0.932781, Area ratio Contribution: ,0,Perim diff: ,1.04586, Perim diff Contribution: ,0,Frontier diff: ,0, Frontier diff Contribution ,0,Inverse Area ratio: ,0.939337, Inv Area Ratio Contribution: ,0,Inverse Perim ratio: ,1.07771, Inv Perim Contribution: ,0, Final Score: ,-211.124
Point: ,274,190,Repeat score:,1, Repeat contribution: ,-1,Dist:,38.0711, Dist contribution: ,-190.356, New scanned ratio: ,0.0106261, New Scanned Cells Contribution: ,0,Area ratio: ,0.936273, Area ratio Contribution: ,0,Perim diff: ,1.04634, Perim diff Contribution: ,0,Frontier diff: ,0, Frontier diff Contribution ,0,Inverse Area ratio: ,0.941757, Inv Area Ratio Contribution: ,0,Inverse Perim ratio: ,1.07332, Inv Perim Contribution: ,0, Final Score: ,-191.356
Point: ,269,193,Repeat score:,1, Repeat contribution: ,-1,Dist:,36.7696, Dist contribution: ,-183.848, New scanned ratio: ,0.0127813, New Scanned Cells Contribution: ,0,Area ratio: ,0.930755, Area ratio Contribution: ,0,Perim diff: ,1.04648, Perim diff Contribution: ,0,Frontier diff: ,0, Frontier diff Contribution ,0,Inverse Area ratio: ,0.938677, Inv Area Ratio Contribution: ,0,Inverse Perim ratio: ,1.07393, Inv Perim Contribution: ,0, Final Score: ,-184.848
Point: ,264,193,Repeat score:,1, Repeat contribution: ,-1,Dist:,33.4215, Dist contribution: ,-167.108, New scanned ratio: ,0.0126876, New Scanned Cells Contribution: ,0,Area ratio: ,0.930533, Area ratio Contribution: ,0,Perim diff: ,1.0473, Perim diff Contribution: ,0,Frontier diff: ,0, Frontier diff Contribution ,0,Inverse Area ratio: ,0.938822, Inv Area Ratio Contribution: ,0,Inverse Perim ratio: ,1.07274, Inv Perim Contribution: ,0, Final Score: ,-168.108
Point: ,263,194,Repeat score:,1, Repeat contribution: ,-1,Dist:,33.8421, Dist contribution: ,-169.211, New scanned ratio: ,0.0134185, New Scanned Cells Contribution: ,0,Area ratio: ,0.928693, Area ratio Contribution: ,0,Perim diff: ,1.04813, Perim diff Contribution: ,0,Frontier diff: ,0, Frontier diff Contribution ,0,Inverse Area ratio: ,0.937778, Inv Area Ratio Contribution: ,0,Inverse Perim ratio: ,1.07441, Inv Perim Contribution: ,0, Final Score: ,-170.211
Point: ,262,193,Repeat score:,1, Repeat contribution: ,-1,Dist:,32.2025, Dist contribution: ,-161.012, New scanned ratio: ,0.0126502, New Scanned Cells Contribution: ,0,Area ratio: ,0.930468, Area ratio Contribution: ,0,Perim diff: ,1.04611, Perim diff Contribution: ,0,Frontier diff: ,0, Frontier diff Contribution ,0,Inverse Area ratio: ,0.938862, Inv Area Ratio Contribution: ,0,Inverse Perim ratio: ,1.07393, Inv Perim Contribution: ,0, Final Score: ,-162.012
Point: ,257,193,Repeat score:,1, Repeat contribution: ,-1,Dist:,29.5296, Dist contribution: ,-147.648, New scanned ratio: ,0.0125565, New Scanned Cells Contribution: ,0,Area ratio: ,0.929796, Area ratio Contribution: ,0,Perim diff: ,1.05078, Perim diff Contribution: ,0,Frontier diff: ,0, Frontier diff Contribution ,0,Inverse Area ratio: ,0.939033, Inv Area Ratio Contribution: ,0,Inverse Perim ratio: ,1.07452, Inv Perim Contribution: ,0, Final Score: ,-148.648
Point: ,254,191,Repeat score:,1, Repeat contribution: ,-1,Dist:,25.8565, Dist contribution: ,-129.283, New scanned ratio: ,0.011001, New Scanned Cells Contribution: ,0,Area ratio: ,0.932883, Area ratio Contribution: ,0,Perim diff: ,1.04973, Perim diff Contribution: ,0,Frontier diff: ,0, Frontier diff Contribution ,0,Inverse Area ratio: ,0.941267, Inv Area Ratio Contribution: ,0,Inverse Perim ratio: ,1.07398, Inv Perim Contribution: ,0, Final Score: ,-130.283
Point: ,252,191,Repeat score:,1, Repeat contribution: ,-1,Dist:,25.0711, Dist contribution: ,-125.355, New scanned ratio: ,0.011001, New Scanned Cells Contribution: ,0,Area ratio: ,0.932662, Area ratio Contribution: ,0,Perim diff: ,1.05304, Perim diff Contribution: ,0,Frontier diff: ,0, Frontier diff Contribution ,0,Inverse Area ratio: ,0.941228, Inv Area Ratio Contribution: ,0,Inverse Perim ratio: ,1.0743, Inv Perim Contribution: ,0, Final Score: ,-126.355
Point: ,249,193,Repeat score:,1, Repeat contribution: ,-1,Dist:,26.6833, Dist contribution: ,-133.417, New scanned ratio: ,0.0126127, New Scanned Cells Contribution: ,0,Area ratio: ,0.928876, Area ratio Contribution: ,0,Perim diff: ,1.05632, Perim diff Contribution: ,0,Frontier diff: ,0, Frontier diff Contribution ,0,Inverse Area ratio: ,0.938928, Inv Area Ratio Contribution: ,0,Inverse Perim ratio: ,1.07909, Inv Perim Contribution: ,0, Final Score: ,-134.417
Point: ,244,193,Repeat score:,1, Repeat contribution: ,-1,Dist:,26.0192, Dist contribution: ,-130.096, New scanned ratio: ,0.0132124, New Scanned Cells Contribution: ,0,Area ratio: ,0.928823, Area ratio Contribution: ,0,Perim diff: ,1.0612, Perim diff Contribution: ,0,Frontier diff: ,0, Frontier diff Contribution ,0,Inverse Area ratio: ,0.938029, Inv Area Ratio Contribution: ,0,Inverse Perim ratio: ,1.08385, Inv Perim Contribution: ,0, Final Score: ,-131.096
Point: ,243,194,Repeat score:,1, Repeat contribution: ,-1,Dist:,27.3, Dist contribution: ,-136.5, New scanned ratio: ,0.0140932, New Scanned Cells Contribution: ,0,Area ratio: ,0.927049, Area ratio Contribution: ,0,Perim diff: ,1.06325, Perim diff Contribution: ,0,Frontier diff: ,0, Frontier diff Contribution ,0,Inverse Area ratio: ,0.93676, Inv Area Ratio Contribution: ,0,Inverse Perim ratio: ,1.08693, Inv Perim Contribution: ,0, Final Score: ,-137.5
Point: ,242,193,Repeat score:,1, Repeat contribution: ,-1,Dist:,26.0192, Dist contribution: ,-130.096, New scanned ratio: ,0.0135872, New Scanned Cells Contribution: ,0,Area ratio: ,0.928927, Area ratio Contribution: ,0,Perim diff: ,1.06327, Perim diff Contribution: ,0,Frontier diff: ,0, Frontier diff Contribution ,0,Inverse Area ratio: ,0.937487, Inv Area Ratio Contribution: ,0,Inverse Perim ratio: ,1.08601, Inv Perim Contribution: ,0, Final Score: ,-131.096
Point: ,237,193,Repeat score:,1, Repeat contribution: ,-1,Dist:,26.6833, Dist contribution: ,-133.417, New scanned ratio: ,0.0147679, New Scanned Cells Contribution: ,0,Area ratio: ,0.929245, Area ratio Contribution: ,0,Perim diff: ,1.07057, Perim diff Contribution: ,0,Frontier diff: ,0, Frontier diff Contribution ,0,Inverse Area ratio: ,0.935702, Inv Area Ratio Contribution: ,0,Inverse Perim ratio: ,1.09373, Inv Perim Contribution: ,0, Final Score: ,-134.417
Point: ,231,190,Repeat score:,1, Repeat contribution: ,-1,Dist:,25.1478, Dist contribution: ,-125.739, New scanned ratio: ,0.0148241, New Scanned Cells Contribution: ,0,Area ratio: ,0.935461, Area ratio Contribution: ,0,Perim diff: ,1.07109, Perim diff Contribution: ,0,Frontier diff: ,0, Frontier diff Contribution ,0,Inverse Area ratio: ,0.935663, Inv Area Ratio Contribution: ,0,Inverse Perim ratio: ,1.09187, Inv Perim Contribution: ,0, Final Score: ,-126.739
Point: ,226,185,Repeat score:,1, Repeat contribution: ,-1,Dist:,23.0729, Dist contribution: ,-115.365, New scanned ratio: ,0.0134748, New Scanned Cells Contribution: ,0,Area ratio: ,0.945316, Area ratio Contribution: ,0,Perim diff: ,1.05414, Perim diff Contribution: ,0,Frontier diff: ,0, Frontier diff Contribution ,0,Inverse Area ratio: ,0.9425, Inv Area Ratio Contribution: ,0,Inverse Perim ratio: ,1.06985, Inv Perim Contribution: ,0, Final Score: ,-116.365
Point: ,223,179,Repeat score:,1, Repeat contribution: ,-1,Dist:,21.4672, Dist contribution: ,-107.336, New scanned ratio: ,0.0104949, New Scanned Cells Contribution: ,0,Area ratio: ,0.956045, Area ratio Contribution: ,0,Perim diff: ,1.04381, Perim diff Contribution: ,0,Frontier diff: ,0, Frontier diff Contribution ,0,Inverse Area ratio: ,0.946911, Inv Area Ratio Contribution: ,0,Inverse Perim ratio: ,1.05591, Inv Perim Contribution: ,0, Final Score: ,-108.336
Point: ,223,175,Repeat score:,1, Repeat contribution: ,-1,Dist:,20.1683, Dist contribution: ,-100.841, New scanned ratio: ,0.00802114, New Scanned Cells Contribution: ,0,Area ratio: ,0.962968, Area ratio Contribution: ,0,Perim diff: ,1.03828, Perim diff Contribution: ,0,Frontier diff: ,0, Frontier diff Contribution ,0,Inverse Area ratio: ,0.950525, Inv Area Ratio Contribution: ,0,Inverse Perim ratio: ,1.04867, Inv Perim Contribution: ,0, Final Score: ,-101.841
Point: ,222,174,Repeat score:,1, Repeat contribution: ,-1,Dist:,21.0402, Dist contribution: ,-105.201, New scanned ratio: ,0.00772128, New Scanned Cells Contribution: ,0,Area ratio: ,0.964684, Area ratio Contribution: ,0,Perim diff: ,1.03805, Perim diff Contribution: ,0,Frontier diff: ,0, Frontier diff Contribution ,0,Inverse Area ratio: ,0.950923, Inv Area Ratio Contribution: ,0,Inverse Perim ratio: ,1.04825, Inv Perim Contribution: ,0, Final Score: ,-106.201
Point: ,217,174,Repeat score:,1, Repeat contribution: ,-1,Dist:,26.0325, Dist contribution: ,-130.162, New scanned ratio: ,0.00918308, New Scanned Cells Contribution: ,0,Area ratio: ,0.96516, Area ratio Contribution: ,0,Perim diff: ,1.03888, Perim diff Contribution: ,0,Frontier diff: ,0, Frontier diff Contribution ,0,Inverse Area ratio: ,0.948877, Inv Area Ratio Contribution: ,0,Inverse Perim ratio: ,1.04921, Inv Perim Contribution: ,0, Final Score: ,-131.162
Point: ,216,173,Repeat score:,1, Repeat contribution: ,-1,Dist:,27, Dist contribution: ,-135, New scanned ratio: ,0.008827, New Scanned Cells Contribution: ,0,Area ratio: ,0.966845, Area ratio Contribution: ,0,Perim diff: ,1.03868, Perim diff Contribution: ,0,Frontier diff: ,0, Frontier diff Contribution ,0,Inverse Area ratio: ,0.949329, Inv Area Ratio Contribution: ,0,Inverse Perim ratio: ,1.04885, Inv Perim Contribution: ,0, Final Score: ,-136
Point: ,213,173,Repeat score:,1, Repeat contribution: ,-1,Dist:,30, Dist contribution: ,-150, New scanned ratio: ,0.00963286, New Scanned Cells Contribution: ,0,Area ratio: ,0.967082, Area ratio Contribution: ,0,Perim diff: ,1.03997, Perim diff Contribution: ,0,Frontier diff: ,0, Frontier diff Contribution ,0,Inverse Area ratio: ,0.950763, Inv Area Ratio Contribution: ,0,Inverse Perim ratio: ,1.05043, Inv Perim Contribution: ,0, Final Score: ,-151
Point: ,210,175,Repeat score:,1, Repeat contribution: ,-1,Dist:,33.1023, Dist contribution: ,-165.511, New scanned ratio: ,0.0116756, New Scanned Cells Contribution: ,0,Area ratio: ,0.964149, Area ratio Contribution: ,0,Perim diff: ,1.04202, Perim diff Contribution: ,0,Frontier diff: ,0, Frontier diff Contribution ,0,Inverse Area ratio: ,0.948882, Inv Area Ratio Contribution: ,0,Inverse Perim ratio: ,1.05331, Inv Perim Contribution: ,0, Final Score: ,-166.511
Point: ,205,175,Repeat score:,1, Repeat contribution: ,-1,Dist:,38.0888, Dist contribution: ,-190.444, New scanned ratio: ,0.0124628, New Scanned Cells Contribution: ,0,Area ratio: ,0.963985, Area ratio Contribution: ,0,Perim diff: ,1.04623, Perim diff Contribution: ,0,Frontier diff: ,0, Frontier diff Contribution ,0,Inverse Area ratio: ,0.947709, Inv Area Ratio Contribution: ,0,Inverse Perim ratio: ,1.0582, Inv Perim Contribution: ,0, Final Score: ,-191.444
Point: ,204,176,Repeat score:,1, Repeat contribution: ,-1,Dist:,39.1945, Dist contribution: ,-195.973, New scanned ratio: ,0.0132874, New Scanned Cells Contribution: ,0,Area ratio: ,0.962403, Area ratio Contribution: ,0,Perim diff: ,1.05247, Perim diff Contribution: ,0,Frontier diff: ,0, Frontier diff Contribution ,0,Inverse Area ratio: ,0.946429, Inv Area Ratio Contribution: ,0,Inverse Perim ratio: ,1.06526, Inv Perim Contribution: ,0, Final Score: ,-196.973
BEST Point:,223,175, Score: ,-101.841
COUNT COMMAND: 1
Total frontiers: ,98, Prioritised frontiers: ,24
At: ,223,174,
Point: ,257,193,Repeat score:,1, Repeat contribution: ,-1,Dist:,42.0249, Dist contribution: ,-210.124, New scanned ratio: ,0.012464, New Scanned Cells Contribution: ,0,Area ratio: ,0.936662, Area ratio Contribution: ,0,Perim diff: ,1.05182, Perim diff Contribution: ,0,Frontier diff: ,0, Frontier diff Contribution ,0,Inverse Area ratio: ,0.933187, Inv Area Ratio Contribution: ,0,Inverse Perim ratio: ,1.07586, Inv Perim Contribution: ,0, Final Score: ,-211.124
Point: ,254,191,Repeat score:,1, Repeat contribution: ,-1,Dist:,38.0711, Dist contribution: ,-190.356, New scanned ratio: ,0.0109199, New Scanned Cells Contribution: ,0,Area ratio: ,0.939817, Area ratio Contribution: ,0,Perim diff: ,1.05007, Perim diff Contribution: ,0,Frontier diff: ,0, Frontier diff Contribution ,0,Inverse Area ratio: ,0.935379, Inv Area Ratio Contribution: ,0,Inverse Perim ratio: ,1.07457, Inv Perim Contribution: ,0, Final Score: ,-191.356
Point: ,252,191,Repeat score:,1, Repeat contribution: ,-1,Dist:,36.4611, Dist contribution: ,-182.305, New scanned ratio: ,0.0108827, New Scanned Cells Contribution: ,0,Area ratio: ,0.93956, Area ratio Contribution: ,0,Perim diff: ,1.05119, Perim diff Contribution: ,0,Frontier diff: ,0, Frontier diff Contribution ,0,Inverse Area ratio: ,0.935459, Inv Area Ratio Contribution: ,0,Inverse Perim ratio: ,1.0722, Inv Perim Contribution: ,0, Final Score: ,-183.305
Point: ,249,193,Repeat score:,1, Repeat contribution: ,-1,Dist:,35.8621, Dist contribution: ,-179.31, New scanned ratio: ,0.0123151, New Scanned Cells Contribution: ,0,Area ratio: ,0.935622, Area ratio Contribution: ,0,Perim diff: ,1.05036, Perim diff Contribution: ,0,Frontier diff: ,0, Frontier diff Contribution ,0,Inverse Area ratio: ,0.93344, Inv Area Ratio Contribution: ,0,Inverse Perim ratio: ,1.07253, Inv Perim Contribution: ,0, Final Score: ,-180.31
Point: ,244,193,Repeat score:,1, Repeat contribution: ,-1,Dist:,32.4205, Dist contribution: ,-162.103, New scanned ratio: ,0.0122221, New Scanned Cells Contribution: ,0,Area ratio: ,0.934994, Area ratio Contribution: ,0,Perim diff: ,1.05057, Perim diff Contribution: ,0,Frontier diff: ,0, Frontier diff Contribution ,0,Inverse Area ratio: ,0.933546, Inv Area Ratio Contribution: ,0,Inverse Perim ratio: ,1.07198, Inv Perim Contribution: ,0, Final Score: ,-163.103
Point: ,243,194,Repeat score:,1, Repeat contribution: ,-1,Dist:,32.8024, Dist contribution: ,-164.012, New scanned ratio: ,0.0129476, New Scanned Cells Contribution: ,0,Area ratio: ,0.933082, Area ratio Contribution: ,0,Perim diff: ,1.05035, Perim diff Contribution: ,0,Frontier diff: ,0, Frontier diff Contribution ,0,Inverse Area ratio: ,0.93251, Inv Area Ratio Contribution: ,0,Inverse Perim ratio: ,1.07246, Inv Perim Contribution: ,0, Final Score: ,-165.012
Point: ,242,193,Repeat score:,1, Repeat contribution: ,-1,Dist:,31.1623, Dist contribution: ,-155.812, New scanned ratio: ,0.0121849, New Scanned Cells Contribution: ,0,Area ratio: ,0.934732, Area ratio Contribution: ,0,Perim diff: ,1.0497, Perim diff Contribution: ,0,Frontier diff: ,0, Frontier diff Contribution ,0,Inverse Area ratio: ,0.933612, Inv Area Ratio Contribution: ,0,Inverse Perim ratio: ,1.07079, Inv Perim Contribution: ,0, Final Score: ,-156.812
Point: ,237,193,Repeat score:,1, Repeat contribution: ,-1,Dist:,28.3917, Dist contribution: ,-141.959, New scanned ratio: ,0.0120919, New Scanned Cells Contribution: ,0,Area ratio: ,0.933859, Area ratio Contribution: ,0,Perim diff: ,1.05134, Perim diff Contribution: ,0,Frontier diff: ,0, Frontier diff Contribution ,0,Inverse Area ratio: ,0.933732, Inv Area Ratio Contribution: ,0,Inverse Perim ratio: ,1.07198, Inv Perim Contribution: ,0, Final Score: ,-142.959
Point: ,234,191,Repeat score:,1, Repeat contribution: ,-1,Dist:,24.6862, Dist contribution: ,-123.431, New scanned ratio: ,0.0105479, New Scanned Cells Contribution: ,0,Area ratio: ,0.936705, Area ratio Contribution: ,0,Perim diff: ,1.05202, Perim diff Contribution: ,0,Frontier diff: ,0, Frontier diff Contribution ,0,Inverse Area ratio: ,0.935977, Inv Area Ratio Contribution: ,0,Inverse Perim ratio: ,1.07133, Inv Perim Contribution: ,0, Final Score: ,-124.431
Point: ,229,194,Repeat score:,1, Repeat contribution: ,-1,Dist:,26.6833, Dist contribution: ,-133.417, New scanned ratio: ,0.0127988, New Scanned Cells Contribution: ,0,Area ratio: ,0.930806, Area ratio Contribution: ,0,Perim diff: ,1.06043, Perim diff Contribution: ,0,Frontier diff: ,0, Frontier diff Contribution ,0,Inverse Area ratio: ,0.932656, Inv Area Ratio Contribution: ,0,Inverse Perim ratio: ,1.08253, Inv Perim Contribution: ,0, Final Score: ,-134.417
Point: ,224,194,Repeat score:,1, Repeat contribution: ,-1,Dist:,26.0192, Dist contribution: ,-130.096, New scanned ratio: ,0.0133011, New Scanned Cells Contribution: ,0,Area ratio: ,0.930392, Area ratio Contribution: ,0,Perim diff: ,1.0654, Perim diff Contribution: ,0,Frontier diff: ,0, Frontier diff Contribution ,0,Inverse Area ratio: ,0.931912, Inv Area Ratio Contribution: ,0,Inverse Perim ratio: ,1.08784, Inv Perim Contribution: ,0, Final Score: ,-131.096
Point: ,223,195,Repeat score:,1, Repeat contribution: ,-1,Dist:,27.3, Dist contribution: ,-136.5, New scanned ratio: ,0.0141568, New Scanned Cells Contribution: ,0,Area ratio: ,0.928663, Area ratio Contribution: ,0,Perim diff: ,1.06711, Perim diff Contribution: ,0,Frontier diff: ,0, Frontier diff Contribution ,0,Inverse Area ratio: ,0.930663, Inv Area Ratio Contribution: ,0,Inverse Perim ratio: ,1.09043, Inv Perim Contribution: ,0, Final Score: ,-137.5
Point: ,222,194,Repeat score:,1, Repeat contribution: ,-1,Dist:,26.0192, Dist contribution: ,-130.096, New scanned ratio: ,0.0136359, New Scanned Cells Contribution: ,0,Area ratio: ,0.930399, Area ratio Contribution: ,0,Perim diff: ,1.06549, Perim diff Contribution: ,0,Frontier diff: ,0, Frontier diff Contribution ,0,Inverse Area ratio: ,0.931407, Inv Area Ratio Contribution: ,0,Inverse Perim ratio: ,1.09119, Inv Perim Contribution: ,0, Final Score: ,-131.096
Point: ,217,194,Repeat score:,1, Repeat contribution: ,-1,Dist:,26.6833, Dist contribution: ,-133.417, New scanned ratio: ,0.0147149, New Scanned Cells Contribution: ,0,Area ratio: ,0.930545, Area ratio Contribution: ,0,Perim diff: ,1.07438, Perim diff Contribution: ,0,Frontier diff: ,0, Frontier diff Contribution ,0,Inverse Area ratio: ,0.92976, Inv Area Ratio Contribution: ,0,Inverse Perim ratio: ,1.09772, Inv Perim Contribution: ,0, Final Score: ,-134.417
Point: ,211,191,Repeat score:,1, Repeat contribution: ,-1,Dist:,25.1478, Dist contribution: ,-125.739, New scanned ratio: ,0.0147335, New Scanned Cells Contribution: ,0,Area ratio: ,0.93674, Area ratio Contribution: ,0,Perim diff: ,1.07172, Perim diff Contribution: ,0,Frontier diff: ,0, Frontier diff Contribution ,0,Inverse Area ratio: ,0.929799, Inv Area Ratio Contribution: ,0,Inverse Perim ratio: ,1.09274, Inv Perim Contribution: ,0, Final Score: ,-126.739
Point: ,206,186,Repeat score:,1, Repeat contribution: ,-1,Dist:,23.0729, Dist contribution: ,-115.365, New scanned ratio: ,0.0134871, New Scanned Cells Contribution: ,0,Area ratio: ,0.946809, Area ratio Contribution: ,0,Perim diff: ,1.05678, Perim diff Contribution: ,0,Frontier diff: ,0, Frontier diff Contribution ,0,Inverse Area ratio: ,0.935325, Inv Area Ratio Contribution: ,0,Inverse Perim ratio: ,1.07318, Inv Perim Contribution: ,0, Final Score: ,-116.365
Point: ,203,180,Repeat score:,1, Repeat contribution: ,-1,Dist:,21.4672, Dist contribution: ,-107.336, New scanned ratio: ,0.0106409, New Scanned Cells Contribution: ,0,Area ratio: ,0.957587, Area ratio Contribution: ,0,Perim diff: ,1.04489, Perim diff Contribution: ,0,Frontier diff: ,0, Frontier diff Contribution ,0,Inverse Area ratio: ,0.939654, Inv Area Ratio Contribution: ,0,Inverse Perim ratio: ,1.05764, Inv Perim Contribution: ,0, Final Score: ,-108.336
Point: ,203,175,Repeat score:,1, Repeat contribution: ,-1,Dist:,20.0422, Dist contribution: ,-100.211, New scanned ratio: ,0.00760859, New Scanned Cells Contribution: ,0,Area ratio: ,0.966095, Area ratio Contribution: ,0,Perim diff: ,1.03873, Perim diff Contribution: ,0,Frontier diff: ,0, Frontier diff Contribution ,0,Inverse Area ratio: ,0.944121, Inv Area Ratio Contribution: ,0,Inverse Perim ratio: ,1.04944, Inv Perim Contribution: ,0, Final Score: ,-101.211
Point: ,198,175,Repeat score:,1, Repeat contribution: ,-1,Dist:,25.0338, Dist contribution: ,-125.169, New scanned ratio: ,0.00915264, New Scanned Cells Contribution: ,0,Area ratio: ,0.966684, Area ratio Contribution: ,0,Perim diff: ,1.04114, Perim diff Contribution: ,0,Frontier diff: ,0, Frontier diff Contribution ,0,Inverse Area ratio: ,0.941854, Inv Area Ratio Contribution: ,0,Inverse Perim ratio: ,1.05225, Inv Perim Contribution: ,0, Final Score: ,-126.169
Point: ,195,173,Repeat score:,1, Repeat contribution: ,-1,Dist:,28.0302, Dist contribution: ,-140.151, New scanned ratio: ,0.00883639, New Scanned Cells Contribution: ,0,Area ratio: ,0.969595, Area ratio Contribution: ,0,Perim diff: ,1.03907, Perim diff Contribution: ,0,Frontier diff: ,0, Frontier diff Contribution ,0,Inverse Area ratio: ,0.942648, Inv Area Ratio Contribution: ,0,Inverse Perim ratio: ,1.04961, Inv Perim Contribution: ,0, Final Score: ,-141.151
Point: ,191,175,Repeat score:,1, Repeat contribution: ,-1,Dist:,32.0264, Dist contribution: ,-160.132, New scanned ratio: ,0.0112176, New Scanned Cells Contribution: ,0,Area ratio: ,0.967428, Area ratio Contribution: ,0,Perim diff: ,1.04311, Perim diff Contribution: ,0,Frontier diff: ,0, Frontier diff Contribution ,0,Inverse Area ratio: ,0.940307, Inv Area Ratio Contribution: ,0,Inverse Perim ratio: ,1.05452, Inv Perim Contribution: ,0, Final Score: ,-161.132
Point: ,186,175,Repeat score:,1, Repeat contribution: ,-1,Dist:,37.0228, Dist contribution: ,-185.114, New scanned ratio: ,0.0122407, New Scanned Cells Contribution: ,0,Area ratio: ,0.967495, Area ratio Contribution: ,0,Perim diff: ,1.04665, Perim diff Contribution: ,0,Frontier diff: ,0, Frontier diff Contribution ,0,Inverse Area ratio: ,0.938559, Inv Area Ratio Contribution: ,0,Inverse Perim ratio: ,1.05861, Inv Perim Contribution: ,0, Final Score: ,-186.114
Point: ,185,176,Repeat score:,1, Repeat contribution: ,-1,Dist:,38.0888, Dist contribution: ,-190.444, New scanned ratio: ,0.0130965, New Scanned Cells Contribution: ,0,Area ratio: ,0.965981, Area ratio Contribution: ,0,Perim diff: ,1.0497, Perim diff Contribution: ,0,Frontier diff: ,0, Frontier diff Contribution ,0,Inverse Area ratio: ,0.937291, Inv Area Ratio Contribution: ,0,Inverse Perim ratio: ,1.06255, Inv Perim Contribution: ,0, Final Score: ,-191.444
Point: ,184,175,Repeat score:,1, Repeat contribution: ,-1,Dist:,39.0217, Dist contribution: ,-195.108, New scanned ratio: ,0.0125012, New Scanned Cells Contribution: ,0,Area ratio: ,0.967363, Area ratio Contribution: ,0,Perim diff: ,1.05092, Perim diff Contribution: ,0,Frontier diff: ,0, Frontier diff Contribution ,0,Inverse Area ratio: ,0.938118, Inv Area Ratio Contribution: ,0,Inverse Perim ratio: ,1.0634, Inv Perim Contribution: ,0, Final Score: ,-196.108
BEST Point:,203,175, Score: ,-101.211
COUNT COMMAND: 1
Total frontiers: ,99, Prioritised frontiers: ,25
At: ,203,174,
Point: ,237,193,Repeat score:,1, Repeat contribution: ,-1,Dist:,42.0249, Dist contribution: ,-210.124, New scanned ratio: ,0.0120075, New Scanned Cells Contribution: ,0,Area ratio: ,0.940421, Area ratio Contribution: ,0,Perim diff: ,1.05136, Perim diff Contribution: ,0,Frontier diff: ,0, Frontier diff Contribution ,0,Inverse Area ratio: ,0.927224, Inv Area Ratio Contribution: ,0,Inverse Perim ratio: ,1.07217, Inv Perim Contribution: ,0, Final Score: ,-211.124
Point: ,234,191,Repeat score:,1, Repeat contribution: ,-1,Dist:,38.0711, Dist contribution: ,-190.356, New scanned ratio: ,0.0104742, New Scanned Cells Contribution: ,0,Area ratio: ,0.943271, Area ratio Contribution: ,0,Perim diff: ,1.0522, Perim diff Contribution: ,0,Frontier diff: ,0, Frontier diff Contribution ,0,Inverse Area ratio: ,0.929452, Inv Area Ratio Contribution: ,0,Inverse Perim ratio: ,1.07154, Inv Perim Contribution: ,0, Final Score: ,-191.356
Point: ,229,194,Repeat score:,1, Repeat contribution: ,-1,Dist:,36.7696, Dist contribution: ,-183.848, New scanned ratio: ,0.0125986, New Scanned Cells Contribution: ,0,Area ratio: ,0.937282, Area ratio Contribution: ,0,Perim diff: ,1.05423, Perim diff Contribution: ,0,Frontier diff: ,0, Frontier diff Contribution ,0,Inverse Area ratio: ,0.926358, Inv Area Ratio Contribution: ,0,Inverse Perim ratio: ,1.0756, Inv Perim Contribution: ,0, Final Score: ,-184.848
Point: ,224,194,Repeat score:,1, Repeat contribution: ,-1,Dist:,33.4215, Dist contribution: ,-167.108, New scanned ratio: ,0.0125062, New Scanned Cells Contribution: ,0,Area ratio: ,0.93638, Area ratio Contribution: ,0,Perim diff: ,1.05343, Perim diff Contribution: ,0,Frontier diff: ,0, Frontier diff Contribution ,0,Inverse Area ratio: ,0.926504, Inv Area Ratio Contribution: ,0,Inverse Perim ratio: ,1.07441, Inv Perim Contribution: ,0, Final Score: ,-168.108
Point: ,223,195,Repeat score:,1, Repeat contribution: ,-1,Dist:,33.8421, Dist contribution: ,-169.211, New scanned ratio: ,0.0132267, New Scanned Cells Contribution: ,0,Area ratio: ,0.934523, Area ratio Contribution: ,0,Perim diff: ,1.05435, Perim diff Contribution: ,0,Frontier diff: ,0, Frontier diff Contribution ,0,Inverse Area ratio: ,0.925451, Inv Area Ratio Contribution: ,0,Inverse Perim ratio: ,1.07608, Inv Perim Contribution: ,0, Final Score: ,-170.211
Point: ,222,194,Repeat score:,1, Repeat contribution: ,-1,Dist:,32.2025, Dist contribution: ,-161.012, New scanned ratio: ,0.0124693, New Scanned Cells Contribution: ,0,Area ratio: ,0.936057, Area ratio Contribution: ,0,Perim diff: ,1.05167, Perim diff Contribution: ,0,Frontier diff: ,0, Frontier diff Contribution ,0,Inverse Area ratio: ,0.926544, Inv Area Ratio Contribution: ,0,Inverse Perim ratio: ,1.0756, Inv Perim Contribution: ,0, Final Score: ,-162.012
Point: ,217,194,Repeat score:,1, Repeat contribution: ,-1,Dist:,29.5296, Dist contribution: ,-147.648, New scanned ratio: ,0.0123769, New Scanned Cells Contribution: ,0,Area ratio: ,0.935114, Area ratio Contribution: ,0,Perim diff: ,1.05523, Perim diff Contribution: ,0,Frontier diff: ,0, Frontier diff Contribution ,0,Inverse Area ratio: ,0.926718, Inv Area Ratio Contribution: ,0,Inverse Perim ratio: ,1.07619, Inv Perim Contribution: ,0, Final Score: ,-148.648
Point: ,214,192,Repeat score:,1, Repeat contribution: ,-1,Dist:,25.8565, Dist contribution: ,-129.283, New scanned ratio: ,0.0108437, New Scanned Cells Contribution: ,0,Area ratio: ,0.937957, Area ratio Contribution: ,0,Perim diff: ,1.05312, Perim diff Contribution: ,0,Frontier diff: ,0, Frontier diff Contribution ,0,Inverse Area ratio: ,0.928972, Inv Area Ratio Contribution: ,0,Inverse Perim ratio: ,1.07565, Inv Perim Contribution: ,0, Final Score: ,-130.283
Point: ,212,192,Repeat score:,1, Repeat contribution: ,-1,Dist:,25.0711, Dist contribution: ,-125.355, New scanned ratio: ,0.0108437, New Scanned Cells Contribution: ,0,Area ratio: ,0.937607, Area ratio Contribution: ,0,Perim diff: ,1.05616, Perim diff Contribution: ,0,Frontier diff: ,0, Frontier diff Contribution ,0,Inverse Area ratio: ,0.928932, Inv Area Ratio Contribution: ,0,Inverse Perim ratio: ,1.07597, Inv Perim Contribution: ,0, Final Score: ,-126.355
Point: ,209,194,Repeat score:,1, Repeat contribution: ,-1,Dist:,26.6833, Dist contribution: ,-133.417, New scanned ratio: ,0.0124323, New Scanned Cells Contribution: ,0,Area ratio: ,0.93382, Area ratio Contribution: ,0,Perim diff: ,1.05951, Perim diff Contribution: ,0,Frontier diff: ,0, Frontier diff Contribution ,0,Inverse Area ratio: ,0.926611, Inv Area Ratio Contribution: ,0,Inverse Perim ratio: ,1.08077, Inv Perim Contribution: ,0, Final Score: ,-134.417
Point: ,204,194,Repeat score:,1, Repeat contribution: ,-1,Dist:,26.0192, Dist contribution: ,-130.096, New scanned ratio: ,0.0130235, New Scanned Cells Contribution: ,0,Area ratio: ,0.933516, Area ratio Contribution: ,0,Perim diff: ,1.06385, Perim diff Contribution: ,0,Frontier diff: ,0, Frontier diff Contribution ,0,Inverse Area ratio: ,0.925704, Inv Area Ratio Contribution: ,0,Inverse Perim ratio: ,1.08553, Inv Perim Contribution: ,0, Final Score: ,-131.096
Point: ,203,195,Repeat score:,1, Repeat contribution: ,-1,Dist:,27.3, Dist contribution: ,-136.5, New scanned ratio: ,0.0138917, New Scanned Cells Contribution: ,0,Area ratio: ,0.931793, Area ratio Contribution: ,0,Perim diff: ,1.06598, Perim diff Contribution: ,0,Frontier diff: ,0, Frontier diff Contribution ,0,Inverse Area ratio: ,0.924424, Inv Area Ratio Contribution: ,0,Inverse Perim ratio: ,1.0886, Inv Perim Contribution: ,0, Final Score: ,-137.5
Point: ,202,194,Repeat score:,1, Repeat contribution: ,-1,Dist:,26.0192, Dist contribution: ,-130.096, New scanned ratio: ,0.0133929, New Scanned Cells Contribution: ,0,Area ratio: ,0.933522, Area ratio Contribution: ,0,Perim diff: ,1.06573, Perim diff Contribution: ,0,Frontier diff: ,0, Frontier diff Contribution ,0,Inverse Area ratio: ,0.925157, Inv Area Ratio Contribution: ,0,Inverse Perim ratio: ,1.08769, Inv Perim Contribution: ,0, Final Score: ,-131.096
Point: ,197,194,Repeat score:,1, Repeat contribution: ,-1,Dist:,26.6833, Dist contribution: ,-133.417, New scanned ratio: ,0.0145567, New Scanned Cells Contribution: ,0,Area ratio: ,0.933784, Area ratio Contribution: ,0,Perim diff: ,1.07262, Perim diff Contribution: ,0,Frontier diff: ,0, Frontier diff Contribution ,0,Inverse Area ratio: ,0.923357, Inv Area Ratio Contribution: ,0,Inverse Perim ratio: ,1.09541, Inv Perim Contribution: ,0, Final Score: ,-134.417
Point: ,191,191,Repeat score:,1, Repeat contribution: ,-1,Dist:,25.1478, Dist contribution: ,-125.739, New scanned ratio: ,0.0146306, New Scanned Cells Contribution: ,0,Area ratio: ,0.939989, Area ratio Contribution: ,0,Perim diff: ,1.07252, Perim diff Contribution: ,0,Frontier diff: ,0, Frontier diff Contribution ,0,Inverse Area ratio: ,0.92329, Inv Area Ratio Contribution: ,0,Inverse Perim ratio: ,1.09381, Inv Perim Contribution: ,0, Final Score: ,-126.739
Point: ,186,186,Repeat score:,1, Repeat contribution: ,-1,Dist:,23.0729, Dist contribution: ,-115.365, New scanned ratio: ,0.0134853, New Scanned Cells Contribution: ,0,Area ratio: ,0.949976, Area ratio Contribution: ,0,Perim diff: ,1.05774, Perim diff Contribution: ,0,Frontier diff: ,0, Frontier diff Contribution ,0,Inverse Area ratio: ,0.926576, Inv Area Ratio Contribution: ,0,Inverse Perim ratio: ,1.07447, Inv Perim Contribution: ,0, Final Score: ,-116.365
Point: ,183,180,Repeat score:,1, Repeat contribution: ,-1,Dist:,21.4672, Dist contribution: ,-107.336, New scanned ratio: ,0.0107698, New Scanned Cells Contribution: ,0,Area ratio: ,0.961076, Area ratio Contribution: ,0,Perim diff: ,1.04596, Perim diff Contribution: ,0,Frontier diff: ,0, Frontier diff Contribution ,0,Inverse Area ratio: ,0.930493, Inv Area Ratio Contribution: ,0,Inverse Perim ratio: ,1.05907, Inv Perim Contribution: ,0, Final Score: ,-108.336
Point: ,183,175,Repeat score:,1, Repeat contribution: ,-1,Dist:,20.0422, Dist contribution: ,-100.211, New scanned ratio: ,0.00775867, New Scanned Cells Contribution: ,0,Area ratio: ,0.969413, Area ratio Contribution: ,0,Perim diff: ,1.04129, Perim diff Contribution: ,0,Frontier diff: ,0, Frontier diff Contribution ,0,Inverse Area ratio: ,0.934954, Inv Area Ratio Contribution: ,0,Inverse Perim ratio: ,1.05254, Inv Perim Contribution: ,0, Final Score: ,-101.211
Point: ,179,175,Repeat score:,1, Repeat contribution: ,-1,Dist:,24.0352, Dist contribution: ,-120.176, New scanned ratio: ,0.00907025, New Scanned Cells Contribution: ,0,Area ratio: ,0.969921, Area ratio Contribution: ,0,Perim diff: ,1.04216, Perim diff Contribution: ,0,Frontier diff: ,0, Frontier diff Contribution ,0,Inverse Area ratio: ,0.933044, Inv Area Ratio Contribution: ,0,Inverse Perim ratio: ,1.05362, Inv Perim Contribution: ,0, Final Score: ,-121.176
Point: ,176,173,Repeat score:,1, Repeat contribution: ,-1,Dist:,27.0313, Dist contribution: ,-135.156, New scanned ratio: ,0.00884858, New Scanned Cells Contribution: ,0,Area ratio: ,0.972651, Area ratio Contribution: ,0,Perim diff: ,1.03931, Perim diff Contribution: ,0,Frontier diff: ,0, Frontier diff Contribution ,0,Inverse Area ratio: ,0.933589, Inv Area Ratio Contribution: ,0,Inverse Perim ratio: ,1.05336, Inv Perim Contribution: ,0, Final Score: ,-136.156
Point: ,173,173,Repeat score:,1, Repeat contribution: ,-1,Dist:,30.0282, Dist contribution: ,-150.141, New scanned ratio: ,0.00969834, New Scanned Cells Contribution: ,0,Area ratio: ,0.972901, Area ratio Contribution: ,0,Perim diff: ,1.03953, Perim diff Contribution: ,0,Frontier diff: ,0, Frontier diff Contribution ,0,Inverse Area ratio: ,0.936625, Inv Area Ratio Contribution: ,0,Inverse Perim ratio: ,1.05042, Inv Perim Contribution: ,0, Final Score: ,-151.141
Point: ,172,174,Repeat score:,1, Repeat contribution: ,-1,Dist:,31, Dist contribution: ,-155, New scanned ratio: ,0.0106035, New Scanned Cells Contribution: ,0,Area ratio: ,0.97194, Area ratio Contribution: ,0,Perim diff: ,1.04026, Perim diff Contribution: ,0,Frontier diff: ,0, Frontier diff Contribution ,0,Inverse Area ratio: ,0.93531, Inv Area Ratio Contribution: ,0,Inverse Perim ratio: ,1.0514, Inv Perim Contribution: ,0, Final Score: ,-156
Point: ,167,174,Repeat score:,1, Repeat contribution: ,-1,Dist:,36, Dist contribution: ,-180, New scanned ratio: ,0.011638, New Scanned Cells Contribution: ,0,Area ratio: ,0.971985, Area ratio Contribution: ,0,Perim diff: ,1.04539, Perim diff Contribution: ,0,Frontier diff: ,0, Frontier diff Contribution ,0,Inverse Area ratio: ,0.933528, Inv Area Ratio Contribution: ,0,Inverse Perim ratio: ,1.0575, Inv Perim Contribution: ,0, Final Score: ,-181
Point: ,166,175,Repeat score:,1, Repeat contribution: ,-1,Dist:,37.0228, Dist contribution: ,-185.114, New scanned ratio: ,0.0125062, New Scanned Cells Contribution: ,0,Area ratio: ,0.970783, Area ratio Contribution: ,0,Perim diff: ,1.04829, Perim diff Contribution: ,0,Frontier diff: ,0, Frontier diff Contribution ,0,Inverse Area ratio: ,0.932214, Inv Area Ratio Contribution: ,0,Inverse Perim ratio: ,1.06072, Inv Perim Contribution: ,0, Final Score: ,-186.114
Point: ,165,174,Repeat score:,1, Repeat contribution: ,-1,Dist:,38, Dist contribution: ,-190, New scanned ratio: ,0.0119336, New Scanned Cells Contribution: ,0,Area ratio: ,0.971889, Area ratio Contribution: ,0,Perim diff: ,1.04796, Perim diff Contribution: ,0,Frontier diff: ,0, Frontier diff Contribution ,0,Inverse Area ratio: ,0.933072, Inv Area Ratio Contribution: ,0,Inverse Perim ratio: ,1.06039, Inv Perim Contribution: ,0, Final Score: ,-191
BEST Point:,183,175, Score: ,-101.211
COUNT COMMAND: 1
Total frontiers: ,98, Prioritised frontiers: ,24
At: ,183,174,
Point: ,217,194,Repeat score:,1, Repeat contribution: ,-1,Dist:,42.8019, Dist contribution: ,-214.009, New scanned ratio: ,0.0122884, New Scanned Cells Contribution: ,0,Area ratio: ,0.941844, Area ratio Contribution: ,0,Perim diff: ,1.05575, Perim diff Contribution: ,0,Frontier diff: ,0, Frontier diff Contribution ,0,Inverse Area ratio: ,0.917487, Inv Area Ratio Contribution: ,0,Inverse Perim ratio: ,1.07637, Inv Perim Contribution: ,0, Final Score: ,-215.009
Point: ,214,192,Repeat score:,1, Repeat contribution: ,-1,Dist:,38.8402, Dist contribution: ,-194.201, New scanned ratio: ,0.0107661, New Scanned Cells Contribution: ,0,Area ratio: ,0.944752, Area ratio Contribution: ,0,Perim diff: ,1.05357, Perim diff Contribution: ,0,Frontier diff: ,0, Frontier diff Contribution ,0,Inverse Area ratio: ,0.91969, Inv Area Ratio Contribution: ,0,Inverse Perim ratio: ,1.07581, Inv Perim Contribution: ,0, Final Score: ,-195.201
Point: ,212,192,Repeat score:,1, Repeat contribution: ,-1,Dist:,37.2634, Dist contribution: ,-186.317, New scanned ratio: ,0.0107661, New Scanned Cells Contribution: ,0,Area ratio: ,0.944382, Area ratio Contribution: ,0,Perim diff: ,1.05394, Perim diff Contribution: ,0,Frontier diff: ,0, Frontier diff Contribution ,0,Inverse Area ratio: ,0.919744, Inv Area Ratio Contribution: ,0,Inverse Perim ratio: ,1.07289, Inv Perim Contribution: ,0, Final Score: ,-187.317
Point: ,209,194,Repeat score:,1, Repeat contribution: ,-1,Dist:,36.7696, Dist contribution: ,-183.848, New scanned ratio: ,0.0122334, New Scanned Cells Contribution: ,0,Area ratio: ,0.940497, Area ratio Contribution: ,0,Perim diff: ,1.0538, Perim diff Contribution: ,0,Frontier diff: ,0, Frontier diff Contribution ,0,Inverse Area ratio: ,0.917634, Inv Area Ratio Contribution: ,0,Inverse Perim ratio: ,1.07393, Inv Perim Contribution: ,0, Final Score: ,-184.848
Point: ,204,194,Repeat score:,1, Repeat contribution: ,-1,Dist:,33.4215, Dist contribution: ,-167.108, New scanned ratio: ,0.0122334, New Scanned Cells Contribution: ,0,Area ratio: ,0.939707, Area ratio Contribution: ,0,Perim diff: ,1.05237, Perim diff Contribution: ,0,Frontier diff: ,0, Frontier diff Contribution ,0,Inverse Area ratio: ,0.91762, Inv Area Ratio Contribution: ,0,Inverse Perim ratio: ,1.07219, Inv Perim Contribution: ,0, Final Score: ,-168.108
Point: ,203,195,Repeat score:,1, Repeat contribution: ,-1,Dist:,33.8421, Dist contribution: ,-169.211, New scanned ratio: ,0.012967, New Scanned Cells Contribution: ,0,Area ratio: ,0.937856, Area ratio Contribution: ,0,Perim diff: ,1.05369, Perim diff Contribution: ,0,Frontier diff: ,0, Frontier diff Contribution ,0,Inverse Area ratio: ,0.916539, Inv Area Ratio Contribution: ,0,Inverse Perim ratio: ,1.07434, Inv Perim Contribution: ,0, Final Score: ,-170.211
Point: ,202,194,Repeat score:,1, Repeat contribution: ,-1,Dist:,32.2025, Dist contribution: ,-161.012, New scanned ratio: ,0.0122334, New Scanned Cells Contribution: ,0,Area ratio: ,0.939384, Area ratio Contribution: ,0,Perim diff: ,1.05239, Perim diff Contribution: ,0,Frontier diff: ,0, Frontier diff Contribution ,0,Inverse Area ratio: ,0.91762, Inv Area Ratio Contribution: ,0,Inverse Perim ratio: ,1.07219, Inv Perim Contribution: ,0, Final Score: ,-162.012
Point: ,197,194,Repeat score:,1, Repeat contribution: ,-1,Dist:,29.5296, Dist contribution: ,-147.648, New scanned ratio: ,0.0122334, New Scanned Cells Contribution: ,0,Area ratio: ,0.938561, Area ratio Contribution: ,0,Perim diff: ,1.05396, Perim diff Contribution: ,0,Frontier diff: ,0, Frontier diff Contribution ,0,Inverse Area ratio: ,0.917647, Inv Area Ratio Contribution: ,0,Inverse Perim ratio: ,1.07397, Inv Perim Contribution: ,0, Final Score: ,-148.648
Point: ,194,192,Repeat score:,1, Repeat contribution: ,-1,Dist:,25.8565, Dist contribution: ,-129.283, New scanned ratio: ,0.0107661, New Scanned Cells Contribution: ,0,Area ratio: ,0.941419, Area ratio Contribution: ,0,Perim diff: ,1.05395, Perim diff Contribution: ,0,Frontier diff: ,0, Frontier diff Contribution ,0,Inverse Area ratio: ,0.919824, Inv Area Ratio Contribution: ,0,Inverse Perim ratio: ,1.07271, Inv Perim Contribution: ,0, Final Score: ,-130.283
Point: ,192,192,Repeat score:,1, Repeat contribution: ,-1,Dist:,25.0711, Dist contribution: ,-125.355, New scanned ratio: ,0.0107661, New Scanned Cells Contribution: ,0,Area ratio: ,0.941112, Area ratio Contribution: ,0,Perim diff: ,1.05663, Perim diff Contribution: ,0,Frontier diff: ,0, Frontier diff Contribution ,0,Inverse Area ratio: ,0.91973, Inv Area Ratio Contribution: ,0,Inverse Perim ratio: ,1.07596, Inv Perim Contribution: ,0, Final Score: ,-126.355
Point: ,189,194,Repeat score:,1, Repeat contribution: ,-1,Dist:,26.6833, Dist contribution: ,-133.417, New scanned ratio: ,0.0123434, New Scanned Cells Contribution: ,0,Area ratio: ,0.937301, Area ratio Contribution: ,0,Perim diff: ,1.06032, Perim diff Contribution: ,0,Frontier diff: ,0, Frontier diff Contribution ,0,Inverse Area ratio: ,0.91742, Inv Area Ratio Contribution: ,0,Inverse Perim ratio: ,1.08112, Inv Perim Contribution: ,0, Final Score: ,-134.417
Point: ,184,194,Repeat score:,1, Repeat contribution: ,-1,Dist:,26.0192, Dist contribution: ,-130.096, New scanned ratio: ,0.0129303, New Scanned Cells Contribution: ,0,Area ratio: ,0.936995, Area ratio Contribution: ,0,Perim diff: ,1.06456, Perim diff Contribution: ,0,Frontier diff: ,0, Frontier diff Contribution ,0,Inverse Area ratio: ,0.916525, Inv Area Ratio Contribution: ,0,Inverse Perim ratio: ,1.0859, Inv Perim Contribution: ,0, Final Score: ,-131.096
Point: ,183,195,Repeat score:,1, Repeat contribution: ,-1,Dist:,27.3, Dist contribution: ,-136.5, New scanned ratio: ,0.0137923, New Scanned Cells Contribution: ,0,Area ratio: ,0.935269, Area ratio Contribution: ,0,Perim diff: ,1.06669, Perim diff Contribution: ,0,Frontier diff: ,0, Frontier diff Contribution ,0,Inverse Area ratio: ,0.915243, Inv Area Ratio Contribution: ,0,Inverse Perim ratio: ,1.08897, Inv Perim Contribution: ,0, Final Score: ,-137.5
Point: ,182,194,Repeat score:,1, Repeat contribution: ,-1,Dist:,26.0192, Dist contribution: ,-130.096, New scanned ratio: ,0.0132971, New Scanned Cells Contribution: ,0,Area ratio: ,0.937, Area ratio Contribution: ,0,Perim diff: ,1.06639, Perim diff Contribution: ,0,Frontier diff: ,0, Frontier diff Contribution ,0,Inverse Area ratio: ,0.915978, Inv Area Ratio Contribution: ,0,Inverse Perim ratio: ,1.08805, Inv Perim Contribution: ,0, Final Score: ,-131.096
Point: ,177,194,Repeat score:,1, Repeat contribution: ,-1,Dist:,26.6833, Dist contribution: ,-133.417, New scanned ratio: ,0.0144526, New Scanned Cells Contribution: ,0,Area ratio: ,0.937259, Area ratio Contribution: ,0,Perim diff: ,1.07319, Perim diff Contribution: ,0,Frontier diff: ,0, Frontier diff Contribution ,0,Inverse Area ratio: ,0.914175, Inv Area Ratio Contribution: ,0,Inverse Perim ratio: ,1.09577, Inv Perim Contribution: ,0, Final Score: ,-134.417
Point: ,171,191,Repeat score:,1, Repeat contribution: ,-1,Dist:,25.1478, Dist contribution: ,-125.739, New scanned ratio: ,0.0145627, New Scanned Cells Contribution: ,0,Area ratio: ,0.94349, Area ratio Contribution: ,0,Perim diff: ,1.07644, Perim diff Contribution: ,0,Frontier diff: ,0, Frontier diff Contribution ,0,Inverse Area ratio: ,0.913988, Inv Area Ratio Contribution: ,0,Inverse Perim ratio: ,1.09853, Inv Perim Contribution: ,0, Final Score: ,-126.739
Point: ,166,186,Repeat score:,1, Repeat contribution: ,-1,Dist:,23.0729, Dist contribution: ,-115.365, New scanned ratio: ,0.0135356, New Scanned Cells Contribution: ,0,Area ratio: ,0.953256, Area ratio Contribution: ,0,Perim diff: ,1.05741, Perim diff Contribution: ,0,Frontier diff: ,0, Frontier diff Contribution ,0,Inverse Area ratio: ,0.920161, Inv Area Ratio Contribution: ,0,Inverse Perim ratio: ,1.07449, Inv Perim Contribution: ,0, Final Score: ,-116.365
Point: ,163,180,Repeat score:,1, Repeat contribution: ,-1,Dist:,21.4672, Dist contribution: ,-107.336, New scanned ratio: ,0.0108395, New Scanned Cells Contribution: ,0,Area ratio: ,0.964359, Area ratio Contribution: ,0,Perim diff: ,1.0455, Perim diff Contribution: ,0,Frontier diff: ,0, Frontier diff Contribution ,0,Inverse Area ratio: ,0.924111, Inv Area Ratio Contribution: ,0,Inverse Perim ratio: ,1.0593, Inv Perim Contribution: ,0, Final Score: ,-108.336
Point: ,163,175,Repeat score:,1, Repeat contribution: ,-1,Dist:,20.0422, Dist contribution: ,-100.211, New scanned ratio: ,0.0078499, New Scanned Cells Contribution: ,0,Area ratio: ,0.972684, Area ratio Contribution: ,0,Perim diff: ,1.04088, Perim diff Contribution: ,0,Frontier diff: ,0, Frontier diff Contribution ,0,Inverse Area ratio: ,0.928592, Inv Area Ratio Contribution: ,0,Inverse Perim ratio: ,1.05277, Inv Perim Contribution: ,0, Final Score: ,-101.211
Point: ,157,172,Repeat score:,1, Repeat contribution: ,-1,Dist:,26.1297, Dist contribution: ,-130.648, New scanned ratio: ,0.00806999, New Scanned Cells Contribution: ,0,Area ratio: ,0.976579, Area ratio Contribution: ,0,Perim diff: ,1.03873, Perim diff Contribution: ,0,Frontier diff: ,0, Frontier diff Contribution ,0,Inverse Area ratio: ,0.931918, Inv Area Ratio Contribution: ,0,Inverse Perim ratio: ,1.04964, Inv Perim Contribution: ,0, Final Score: ,-131.648
Point: ,153,174,Repeat score:,1, Repeat contribution: ,-1,Dist:,30, Dist contribution: ,-150, New scanned ratio: ,0.0104176, New Scanned Cells Contribution: ,0,Area ratio: ,0.97515, Area ratio Contribution: ,0,Perim diff: ,1.04018, Perim diff Contribution: ,0,Frontier diff: ,0, Frontier diff Contribution ,0,Inverse Area ratio: ,0.929296, Inv Area Ratio Contribution: ,0,Inverse Perim ratio: ,1.05161, Inv Perim Contribution: ,0, Final Score: ,-151
Point: ,148,174,Repeat score:,1, Repeat contribution: ,-1,Dist:,35, Dist contribution: ,-175, New scanned ratio: ,0.0115364, New Scanned Cells Contribution: ,0,Area ratio: ,0.975282, Area ratio Contribution: ,0,Perim diff: ,1.0427, Perim diff Contribution: ,0,Frontier diff: ,0, Frontier diff Contribution ,0,Inverse Area ratio: ,0.9274, Inv Area Ratio Contribution: ,0,Inverse Perim ratio: ,1.05496, Inv Perim Contribution: ,0, Final Score: ,-176
Point: ,147,175,Repeat score:,1, Repeat contribution: ,-1,Dist:,36.0235, Dist contribution: ,-180.117, New scanned ratio: ,0.0123984, New Scanned Cells Contribution: ,0,Area ratio: ,0.973982, Area ratio Contribution: ,0,Perim diff: ,1.04667, Perim diff Contribution: ,0,Frontier diff: ,0, Frontier diff Contribution ,0,Inverse Area ratio: ,0.926079, Inv Area Ratio Contribution: ,0,Inverse Perim ratio: ,1.05947, Inv Perim Contribution: ,0, Final Score: ,-181.117
Point: ,146,174,Repeat score:,1, Repeat contribution: ,-1,Dist:,37, Dist contribution: ,-185, New scanned ratio: ,0.0118666, New Scanned Cells Contribution: ,0,Area ratio: ,0.975211, Area ratio Contribution: ,0,Perim diff: ,1.04519, Perim diff Contribution: ,0,Frontier diff: ,0, Frontier diff Contribution ,0,Inverse Area ratio: ,0.926888, Inv Area Ratio Contribution: ,0,Inverse Perim ratio: ,1.05771, Inv Perim Contribution: ,0, Final Score: ,-186
BEST Point:,163,175, Score: ,-101.211
COUNT COMMAND: 1
Total frontiers: ,99, Prioritised frontiers: ,24
At: ,163,174,
Point: ,197,194,Repeat score:,1, Repeat contribution: ,-1,Dist:,42.8019, Dist contribution: ,-214.009, New scanned ratio: ,0.0121447, New Scanned Cells Contribution: ,0,Area ratio: ,0.945371, Area ratio Contribution: ,0,Perim diff: ,1.05384, Perim diff Contribution: ,0,Frontier diff: ,0, Frontier diff Contribution ,0,Inverse Area ratio: ,0.911139, Inv Area Ratio Contribution: ,0,Inverse Perim ratio: ,1.07416, Inv Perim Contribution: ,0, Final Score: ,-215.009
Point: ,194,192,Repeat score:,1, Repeat contribution: ,-1,Dist:,38.8402, Dist contribution: ,-194.201, New scanned ratio: ,0.0106881, New Scanned Cells Contribution: ,0,Area ratio: ,0.948293, Area ratio Contribution: ,0,Perim diff: ,1.05377, Perim diff Contribution: ,0,Frontier diff: ,0, Frontier diff Contribution ,0,Inverse Area ratio: ,0.913272, Inv Area Ratio Contribution: ,0,Inverse Perim ratio: ,1.07288, Inv Perim Contribution: ,0, Final Score: ,-195.201
Point: ,192,192,Repeat score:,1, Repeat contribution: ,-1,Dist:,37.2634, Dist contribution: ,-186.317, New scanned ratio: ,0.0106881, New Scanned Cells Contribution: ,0,Area ratio: ,0.947967, Area ratio Contribution: ,0,Perim diff: ,1.05377, Perim diff Contribution: ,0,Frontier diff: ,0, Frontier diff Contribution ,0,Inverse Area ratio: ,0.913272, Inv Area Ratio Contribution: ,0,Inverse Perim ratio: ,1.07288, Inv Perim Contribution: ,0, Final Score: ,-187.317
Point: ,189,194,Repeat score:,1, Repeat contribution: ,-1,Dist:,36.7696, Dist contribution: ,-183.848, New scanned ratio: ,0.0121447, New Scanned Cells Contribution: ,0,Area ratio: ,0.944058, Area ratio Contribution: ,0,Perim diff: ,1.05398, Perim diff Contribution: ,0,Frontier diff: ,0, Frontier diff Contribution ,0,Inverse Area ratio: ,0.911165, Inv Area Ratio Contribution: ,0,Inverse Perim ratio: ,1.07429, Inv Perim Contribution: ,0, Final Score: ,-184.848
Point: ,184,194,Repeat score:,1, Repeat contribution: ,-1,Dist:,33.4215, Dist contribution: ,-167.108, New scanned ratio: ,0.0121447, New Scanned Cells Contribution: ,0,Area ratio: ,0.943267, Area ratio Contribution: ,0,Perim diff: ,1.05244, Perim diff Contribution: ,0,Frontier diff: ,0, Frontier diff Contribution ,0,Inverse Area ratio: ,0.911165, Inv Area Ratio Contribution: ,0,Inverse Perim ratio: ,1.07257, Inv Perim Contribution: ,0, Final Score: ,-168.108
Point: ,183,195,Repeat score:,1, Repeat contribution: ,-1,Dist:,33.8421, Dist contribution: ,-169.211, New scanned ratio: ,0.012873, New Scanned Cells Contribution: ,0,Area ratio: ,0.941413, Area ratio Contribution: ,0,Perim diff: ,1.05378, Perim diff Contribution: ,0,Frontier diff: ,0, Frontier diff Contribution ,0,Inverse Area ratio: ,0.910079, Inv Area Ratio Contribution: ,0,Inverse Perim ratio: ,1.07472, Inv Perim Contribution: ,0, Final Score: ,-170.211
Point: ,182,194,Repeat score:,1, Repeat contribution: ,-1,Dist:,32.2025, Dist contribution: ,-161.012, New scanned ratio: ,0.0121447, New Scanned Cells Contribution: ,0,Area ratio: ,0.942945, Area ratio Contribution: ,0,Perim diff: ,1.05243, Perim diff Contribution: ,0,Frontier diff: ,0, Frontier diff Contribution ,0,Inverse Area ratio: ,0.911165, Inv Area Ratio Contribution: ,0,Inverse Perim ratio: ,1.07257, Inv Perim Contribution: ,0, Final Score: ,-162.012
Point: ,177,194,Repeat score:,1, Repeat contribution: ,-1,Dist:,29.5296, Dist contribution: ,-147.648, New scanned ratio: ,0.0121447, New Scanned Cells Contribution: ,0,Area ratio: ,0.942122, Area ratio Contribution: ,0,Perim diff: ,1.0539, Perim diff Contribution: ,0,Frontier diff: ,0, Frontier diff Contribution ,0,Inverse Area ratio: ,0.911192, Inv Area Ratio Contribution: ,0,Inverse Perim ratio: ,1.07435, Inv Perim Contribution: ,0, Final Score: ,-148.648
Point: ,174,192,Repeat score:,1, Repeat contribution: ,-1,Dist:,25.8565, Dist contribution: ,-129.283, New scanned ratio: ,0.0106881, New Scanned Cells Contribution: ,0,Area ratio: ,0.944985, Area ratio Contribution: ,0,Perim diff: ,1.05381, Perim diff Contribution: ,0,Frontier diff: ,0, Frontier diff Contribution ,0,Inverse Area ratio: ,0.913379, Inv Area Ratio Contribution: ,0,Inverse Perim ratio: ,1.07309, Inv Perim Contribution: ,0, Final Score: ,-130.283
Point: ,172,192,Repeat score:,1, Repeat contribution: ,-1,Dist:,25.0711, Dist contribution: ,-125.355, New scanned ratio: ,0.0106881, New Scanned Cells Contribution: ,0,Area ratio: ,0.944678, Area ratio Contribution: ,0,Perim diff: ,1.05645, Perim diff Contribution: ,0,Frontier diff: ,0, Frontier diff Contribution ,0,Inverse Area ratio: ,0.913285, Inv Area Ratio Contribution: ,0,Inverse Perim ratio: ,1.07634, Inv Perim Contribution: ,0, Final Score: ,-126.355
Point: ,169,194,Repeat score:,1, Repeat contribution: ,-1,Dist:,26.6833, Dist contribution: ,-133.417, New scanned ratio: ,0.012254, New Scanned Cells Contribution: ,0,Area ratio: ,0.940861, Area ratio Contribution: ,0,Perim diff: ,1.06012, Perim diff Contribution: ,0,Frontier diff: ,0, Frontier diff Contribution ,0,Inverse Area ratio: ,0.910964, Inv Area Ratio Contribution: ,0,Inverse Perim ratio: ,1.0815, Inv Perim Contribution: ,0, Final Score: ,-134.417
Point: ,164,194,Repeat score:,1, Repeat contribution: ,-1,Dist:,26.0192, Dist contribution: ,-130.096, New scanned ratio: ,0.0128366, New Scanned Cells Contribution: ,0,Area ratio: ,0.940553, Area ratio Contribution: ,0,Perim diff: ,1.06427, Perim diff Contribution: ,0,Frontier diff: ,0, Frontier diff Contribution ,0,Inverse Area ratio: ,0.910065, Inv Area Ratio Contribution: ,0,Inverse Perim ratio: ,1.08628, Inv Perim Contribution: ,0, Final Score: ,-131.096
Point: ,163,195,Repeat score:,1, Repeat contribution: ,-1,Dist:,27.3, Dist contribution: ,-136.5, New scanned ratio: ,0.0136924, New Scanned Cells Contribution: ,0,Area ratio: ,0.938823, Area ratio Contribution: ,0,Perim diff: ,1.06639, Perim diff Contribution: ,0,Frontier diff: ,0, Frontier diff Contribution ,0,Inverse Area ratio: ,0.908777, Inv Area Ratio Contribution: ,0,Inverse Perim ratio: ,1.08935, Inv Perim Contribution: ,0, Final Score: ,-137.5
Point: ,162,194,Repeat score:,1, Repeat contribution: ,-1,Dist:,26.0192, Dist contribution: ,-130.096, New scanned ratio: ,0.0132008, New Scanned Cells Contribution: ,0,Area ratio: ,0.940556, Area ratio Contribution: ,0,Perim diff: ,1.06607, Perim diff Contribution: ,0,Frontier diff: ,0, Frontier diff Contribution ,0,Inverse Area ratio: ,0.909515, Inv Area Ratio Contribution: ,0,Inverse Perim ratio: ,1.08843, Inv Perim Contribution: ,0, Final Score: ,-131.096
Point: ,157,194,Repeat score:,1, Repeat contribution: ,-1,Dist:,26.6833, Dist contribution: ,-133.417, New scanned ratio: ,0.0143479, New Scanned Cells Contribution: ,0,Area ratio: ,0.940811, Area ratio Contribution: ,0,Perim diff: ,1.07278, Perim diff Contribution: ,0,Frontier diff: ,0, Frontier diff Contribution ,0,Inverse Area ratio: ,0.907704, Inv Area Ratio Contribution: ,0,Inverse Perim ratio: ,1.09615, Inv Perim Contribution: ,0, Final Score: ,-134.417
Point: ,151,191,Repeat score:,1, Repeat contribution: ,-1,Dist:,25.1478, Dist contribution: ,-125.739, New scanned ratio: ,0.0144571, New Scanned Cells Contribution: ,0,Area ratio: ,0.946752, Area ratio Contribution: ,0,Perim diff: ,1.07659, Perim diff Contribution: ,0,Frontier diff: ,0, Frontier diff Contribution ,0,Inverse Area ratio: ,0.90753, Inv Area Ratio Contribution: ,0,Inverse Perim ratio: ,1.09952, Inv Perim Contribution: ,0, Final Score: ,-126.739
Point: ,146,186,Repeat score:,1, Repeat contribution: ,-1,Dist:,23.0729, Dist contribution: ,-115.365, New scanned ratio: ,0.0134375, New Scanned Cells Contribution: ,0,Area ratio: ,0.956494, Area ratio Contribution: ,0,Perim diff: ,1.05726, Perim diff Contribution: ,0,Frontier diff: ,0, Frontier diff Contribution ,0,Inverse Area ratio: ,0.913713, Inv Area Ratio Contribution: ,0,Inverse Perim ratio: ,1.07491, Inv Perim Contribution: ,0, Final Score: ,-116.365
Point: ,143,180,Repeat score:,1, Repeat contribution: ,-1,Dist:,21.4672, Dist contribution: ,-107.336, New scanned ratio: ,0.0107609, New Scanned Cells Contribution: ,0,Area ratio: ,0.967618, Area ratio Contribution: ,0,Perim diff: ,1.04537, Perim diff Contribution: ,0,Frontier diff: ,0, Frontier diff Contribution ,0,Inverse Area ratio: ,0.917697, Inv Area Ratio Contribution: ,0,Inverse Perim ratio: ,1.05935, Inv Perim Contribution: ,0, Final Score: ,-108.336
Point: ,143,175,Repeat score:,1, Repeat contribution: ,-1,Dist:,20.0422, Dist contribution: ,-100.211, New scanned ratio: ,0.00779301, New Scanned Cells Contribution: ,0,Area ratio: ,0.975791, Area ratio Contribution: ,0,Perim diff: ,1.04086, Perim diff Contribution: ,0,Frontier diff: ,0, Frontier diff Contribution ,0,Inverse Area ratio: ,0.922198, Inv Area Ratio Contribution: ,0,Inverse Perim ratio: ,1.05282, Inv Perim Contribution: ,0, Final Score: ,-101.211
Point: ,138,172,Repeat score:,1, Repeat contribution: ,-1,Dist:,25.1348, Dist contribution: ,-125.674, New scanned ratio: ,0.00773839, New Scanned Cells Contribution: ,0,Area ratio: ,0.979378, Area ratio Contribution: ,0,Perim diff: ,1.03876, Perim diff Contribution: ,0,Frontier diff: ,0, Frontier diff Contribution ,0,Inverse Area ratio: ,0.926172, Inv Area Ratio Contribution: ,0,Inverse Perim ratio: ,1.04998, Inv Perim Contribution: ,0, Final Score: ,-126.674
Point: ,134,174,Repeat score:,1, Repeat contribution: ,-1,Dist:,29, Dist contribution: ,-145, New scanned ratio: ,0.0100872, New Scanned Cells Contribution: ,0,Area ratio: ,0.97812, Area ratio Contribution: ,0,Perim diff: ,1.0389, Perim diff Contribution: ,0,Frontier diff: ,0, Frontier diff Contribution ,0,Inverse Area ratio: ,0.92324, Inv Area Ratio Contribution: ,0,Inverse Perim ratio: ,1.05053, Inv Perim Contribution: ,0, Final Score: ,-146
Point: ,129,174,Repeat score:,1, Repeat contribution: ,-1,Dist:,34, Dist contribution: ,-170, New scanned ratio: ,0.0112525, New Scanned Cells Contribution: ,0,Area ratio: ,0.978223, Area ratio Contribution: ,0,Perim diff: ,1.04252, Perim diff Contribution: ,0,Frontier diff: ,0, Frontier diff Contribution ,0,Inverse Area ratio: ,0.921242, Inv Area Ratio Contribution: ,0,Inverse Perim ratio: ,1.05514, Inv Perim Contribution: ,0, Final Score: ,-171
Point: ,128,175,Repeat score:,1, Repeat contribution: ,-1,Dist:,35.0241, Dist contribution: ,-175.121, New scanned ratio: ,0.0121265, New Scanned Cells Contribution: ,0,Area ratio: ,0.976906, Area ratio Contribution: ,0,Perim diff: ,1.04516, Perim diff Contribution: ,0,Frontier diff: ,0, Frontier diff Contribution ,0,Inverse Area ratio: ,0.919901, Inv Area Ratio Contribution: ,0,Inverse Perim ratio: ,1.05828, Inv Perim Contribution: ,0, Final Score: ,-176.121
Point: ,127,174,Repeat score:,1, Repeat contribution: ,-1,Dist:,36, Dist contribution: ,-180, New scanned ratio: ,0.0116167, New Scanned Cells Contribution: ,0,Area ratio: ,0.978161, Area ratio Contribution: ,0,Perim diff: ,1.04507, Perim diff Contribution: ,0,Frontier diff: ,0, Frontier diff Contribution ,0,Inverse Area ratio: ,0.920673, Inv Area Ratio Contribution: ,0,Inverse Perim ratio: ,1.0579, Inv Perim Contribution: ,0, Final Score: ,-181
BEST Point:,143,175, Score: ,-101.211
COUNT COMMAND: 1
Total frontiers: ,100, Prioritised frontiers: ,25
At: ,143,174,
Point: ,177,194,Repeat score:,1, Repeat contribution: ,-1,Dist:,42.8019, Dist contribution: ,-214.009, New scanned ratio: ,0.0120573, New Scanned Cells Contribution: ,0,Area ratio: ,0.948959, Area ratio Contribution: ,0,Perim diff: ,1.05403, Perim diff Contribution: ,0,Frontier diff: ,0, Frontier diff Contribution ,0,Inverse Area ratio: ,0.904624, Inv Area Ratio Contribution: ,0,Inverse Perim ratio: ,1.07457, Inv Perim Contribution: ,0, Final Score: ,-215.009
Point: ,174,192,Repeat score:,1, Repeat contribution: ,-1,Dist:,38.8402, Dist contribution: ,-194.201, New scanned ratio: ,0.0106112, New Scanned Cells Contribution: ,0,Area ratio: ,0.951888, Area ratio Contribution: ,0,Perim diff: ,1.05387, Perim diff Contribution: ,0,Frontier diff: ,0, Frontier diff Contribution ,0,Inverse Area ratio: ,0.906767, Inv Area Ratio Contribution: ,0,Inverse Perim ratio: ,1.07329, Inv Perim Contribution: ,0, Final Score: ,-195.201
Point: ,172,192,Repeat score:,1, Repeat contribution: ,-1,Dist:,37.2634, Dist contribution: ,-186.317, New scanned ratio: ,0.0106112, New Scanned Cells Contribution: ,0,Area ratio: ,0.951561, Area ratio Contribution: ,0,Perim diff: ,1.05384, Perim diff Contribution: ,0,Frontier diff: ,0, Frontier diff Contribution ,0,Inverse Area ratio: ,0.906767, Inv Area Ratio Contribution: ,0,Inverse Perim ratio: ,1.07329, Inv Perim Contribution: ,0, Final Score: ,-187.317
Point: ,169,194,Repeat score:,1, Repeat contribution: ,-1,Dist:,36.7696, Dist contribution: ,-183.848, New scanned ratio: ,0.0120573, New Scanned Cells Contribution: ,0,Area ratio: ,0.947646, Area ratio Contribution: ,0,Perim diff: ,1.05402, Perim diff Contribution: ,0,Frontier diff: ,0, Frontier diff Contribution ,0,Inverse Area ratio: ,0.904651, Inv Area Ratio Contribution: ,0,Inverse Perim ratio: ,1.0747, Inv Perim Contribution: ,0, Final Score: ,-184.848
Point: ,164,194,Repeat score:,1, Repeat contribution: ,-1,Dist:,33.4215, Dist contribution: ,-167.108, New scanned ratio: ,0.0120573, New Scanned Cells Contribution: ,0,Area ratio: ,0.946855, Area ratio Contribution: ,0,Perim diff: ,1.0524, Perim diff Contribution: ,0,Frontier diff: ,0, Frontier diff Contribution ,0,Inverse Area ratio: ,0.904651, Inv Area Ratio Contribution: ,0,Inverse Perim ratio: ,1.07297, Inv Perim Contribution: ,0, Final Score: ,-168.108
Point: ,163,195,Repeat score:,1, Repeat contribution: ,-1,Dist:,33.8421, Dist contribution: ,-169.211, New scanned ratio: ,0.0127804, New Scanned Cells Contribution: ,0,Area ratio: ,0.944998, Area ratio Contribution: ,0,Perim diff: ,1.05373, Perim diff Contribution: ,0,Frontier diff: ,0, Frontier diff Contribution ,0,Inverse Area ratio: ,0.903559, Inv Area Ratio Contribution: ,0,Inverse Perim ratio: ,1.07513, Inv Perim Contribution: ,0, Final Score: ,-170.211
Point: ,162,194,Repeat score:,1, Repeat contribution: ,-1,Dist:,32.2025, Dist contribution: ,-161.012, New scanned ratio: ,0.0120573, New Scanned Cells Contribution: ,0,Area ratio: ,0.946532, Area ratio Contribution: ,0,Perim diff: ,1.05236, Perim diff Contribution: ,0,Frontier diff: ,0, Frontier diff Contribution ,0,Inverse Area ratio: ,0.904651, Inv Area Ratio Contribution: ,0,Inverse Perim ratio: ,1.07297, Inv Perim Contribution: ,0, Final Score: ,-162.012
Point: ,157,194,Repeat score:,1, Repeat contribution: ,-1,Dist:,29.5296, Dist contribution: ,-147.648, New scanned ratio: ,0.0120573, New Scanned Cells Contribution: ,0,Area ratio: ,0.945709, Area ratio Contribution: ,0,Perim diff: ,1.05375, Perim diff Contribution: ,0,Frontier diff: ,0, Frontier diff Contribution ,0,Inverse Area ratio: ,0.904678, Inv Area Ratio Contribution: ,0,Inverse Perim ratio: ,1.07476, Inv Perim Contribution: ,0, Final Score: ,-148.648
Point: ,154,192,Repeat score:,1, Repeat contribution: ,-1,Dist:,25.8565, Dist contribution: ,-129.283, New scanned ratio: ,0.0106112, New Scanned Cells Contribution: ,0,Area ratio: ,0.948433, Area ratio Contribution: ,0,Perim diff: ,1.05362, Perim diff Contribution: ,0,Frontier diff: ,0, Frontier diff Contribution ,0,Inverse Area ratio: ,0.906875, Inv Area Ratio Contribution: ,0,Inverse Perim ratio: ,1.0735, Inv Perim Contribution: ,0, Final Score: ,-130.283
Point: ,152,192,Repeat score:,1, Repeat contribution: ,-1,Dist:,25.0711, Dist contribution: ,-125.355, New scanned ratio: ,0.0106112, New Scanned Cells Contribution: ,0,Area ratio: ,0.948093, Area ratio Contribution: ,0,Perim diff: ,1.05623, Perim diff Contribution: ,0,Frontier diff: ,0, Frontier diff Contribution ,0,Inverse Area ratio: ,0.90678, Inv Area Ratio Contribution: ,0,Inverse Perim ratio: ,1.07675, Inv Perim Contribution: ,0, Final Score: ,-126.355
Point: ,149,194,Repeat score:,1, Repeat contribution: ,-1,Dist:,26.6833, Dist contribution: ,-133.417, New scanned ratio: ,0.0121658, New Scanned Cells Contribution: ,0,Area ratio: ,0.944415, Area ratio Contribution: ,0,Perim diff: ,1.05983, Perim diff Contribution: ,0,Frontier diff: ,0, Frontier diff Contribution ,0,Inverse Area ratio: ,0.904449, Inv Area Ratio Contribution: ,0,Inverse Perim ratio: ,1.08191, Inv Perim Contribution: ,0, Final Score: ,-134.417
Point: ,144,194,Repeat score:,1, Repeat contribution: ,-1,Dist:,26.0192, Dist contribution: ,-130.096, New scanned ratio: ,0.0127443, New Scanned Cells Contribution: ,0,Area ratio: ,0.944025, Area ratio Contribution: ,0,Perim diff: ,1.06389, Perim diff Contribution: ,0,Frontier diff: ,0, Frontier diff Contribution ,0,Inverse Area ratio: ,0.903546, Inv Area Ratio Contribution: ,0,Inverse Perim ratio: ,1.08669, Inv Perim Contribution: ,0, Final Score: ,-131.096
Point: ,143,195,Repeat score:,1, Repeat contribution: ,-1,Dist:,27.3, Dist contribution: ,-136.5, New scanned ratio: ,0.0135939, New Scanned Cells Contribution: ,0,Area ratio: ,0.942372, Area ratio Contribution: ,0,Perim diff: ,1.06598, Perim diff Contribution: ,0,Frontier diff: ,0, Frontier diff Contribution ,0,Inverse Area ratio: ,0.902252, Inv Area Ratio Contribution: ,0,Inverse Perim ratio: ,1.08976, Inv Perim Contribution: ,0, Final Score: ,-137.5
Point: ,142,194,Repeat score:,1, Repeat contribution: ,-1,Dist:,26.0192, Dist contribution: ,-130.096, New scanned ratio: ,0.0131058, New Scanned Cells Contribution: ,0,Area ratio: ,0.943995, Area ratio Contribution: ,0,Perim diff: ,1.06566, Perim diff Contribution: ,0,Frontier diff: ,0, Frontier diff Contribution ,0,Inverse Area ratio: ,0.902993, Inv Area Ratio Contribution: ,0,Inverse Perim ratio: ,1.08884, Inv Perim Contribution: ,0, Final Score: ,-131.096
Point: ,137,194,Repeat score:,1, Repeat contribution: ,-1,Dist:,26.6833, Dist contribution: ,-133.417, New scanned ratio: ,0.0142447, New Scanned Cells Contribution: ,0,Area ratio: ,0.944166, Area ratio Contribution: ,0,Perim diff: ,1.07227, Perim diff Contribution: ,0,Frontier diff: ,0, Frontier diff Contribution ,0,Inverse Area ratio: ,0.901174, Inv Area Ratio Contribution: ,0,Inverse Perim ratio: ,1.09657, Inv Perim Contribution: ,0, Final Score: ,-134.417
Point: ,131,191,Repeat score:,1, Repeat contribution: ,-1,Dist:,25.1478, Dist contribution: ,-125.739, New scanned ratio: ,0.0143531, New Scanned Cells Contribution: ,0,Area ratio: ,0.949941, Area ratio Contribution: ,0,Perim diff: ,1.07746, Perim diff Contribution: ,0,Frontier diff: ,0, Frontier diff Contribution ,0,Inverse Area ratio: ,0.900985, Inv Area Ratio Contribution: ,0,Inverse Perim ratio: ,1.10119, Inv Perim Contribution: ,0, Final Score: ,-126.739
Point: ,126,186,Repeat score:,1, Repeat contribution: ,-1,Dist:,23.0729, Dist contribution: ,-115.365, New scanned ratio: ,0.0133408, New Scanned Cells Contribution: ,0,Area ratio: ,0.959715, Area ratio Contribution: ,0,Perim diff: ,1.05539, Perim diff Contribution: ,0,Frontier diff: ,0, Frontier diff Contribution ,0,Inverse Area ratio: ,0.907247, Inv Area Ratio Contribution: ,0,Inverse Perim ratio: ,1.07357, Inv Perim Contribution: ,0, Final Score: ,-116.365
Point: ,123,180,Repeat score:,1, Repeat contribution: ,-1,Dist:,21.4672, Dist contribution: ,-107.336, New scanned ratio: ,0.0106835, New Scanned Cells Contribution: ,0,Area ratio: ,0.970851, Area ratio Contribution: ,0,Perim diff: ,1.04514, Perim diff Contribution: ,0,Frontier diff: ,0, Frontier diff Contribution ,0,Inverse Area ratio: ,0.911169, Inv Area Ratio Contribution: ,0,Inverse Perim ratio: ,1.0597, Inv Perim Contribution: ,0, Final Score: ,-108.336
Point: ,123,175,Repeat score:,1, Repeat contribution: ,-1,Dist:,20.0422, Dist contribution: ,-100.211, New scanned ratio: ,0.00773694, New Scanned Cells Contribution: ,0,Area ratio: ,0.978683, Area ratio Contribution: ,0,Perim diff: ,1.04078, Perim diff Contribution: ,0,Frontier diff: ,0, Frontier diff Contribution ,0,Inverse Area ratio: ,0.915691, Inv Area Ratio Contribution: ,0,Inverse Perim ratio: ,1.05317, Inv Perim Contribution: ,0, Final Score: ,-101.211
Point: ,119,172,Repeat score:,1, Repeat contribution: ,-1,Dist:,24.1404, Dist contribution: ,-120.702, New scanned ratio: ,0.00741156, New Scanned Cells Contribution: ,0,Area ratio: ,0.981893, Area ratio Contribution: ,0,Perim diff: ,1.03786, Perim diff Contribution: ,0,Frontier diff: ,0, Frontier diff Contribution ,0,Inverse Area ratio: ,0.920032, Inv Area Ratio Contribution: ,0,Inverse Perim ratio: ,1.04932, Inv Perim Contribution: ,0, Final Score: ,-121.702
Point: ,115,174,Repeat score:,1, Repeat contribution: ,-1,Dist:,28, Dist contribution: ,-140, New scanned ratio: ,0.00974349, New Scanned Cells Contribution: ,0,Area ratio: ,0.980944, Area ratio Contribution: ,0,Perim diff: ,1.0389, Perim diff Contribution: ,0,Frontier diff: ,0, Frontier diff Contribution ,0,Inverse Area ratio: ,0.916442, Inv Area Ratio Contribution: ,0,Inverse Perim ratio: ,1.05098, Inv Perim Contribution: ,0, Final Score: ,-141
Point: ,110,174,Repeat score:,1, Repeat contribution: ,-1,Dist:,33, Dist contribution: ,-165, New scanned ratio: ,0.0109727, New Scanned Cells Contribution: ,0,Area ratio: ,0.981106, Area ratio Contribution: ,0,Perim diff: ,1.03963, Perim diff Contribution: ,0,Frontier diff: ,0, Frontier diff Contribution ,0,Inverse Area ratio: ,0.914593, Inv Area Ratio Contribution: ,0,Inverse Perim ratio: ,1.05196, Inv Perim Contribution: ,0, Final Score: ,-166
Point: ,109,175,Repeat score:,1, Repeat contribution: ,-1,Dist:,34.0248, Dist contribution: ,-170.124, New scanned ratio: ,0.0118404, New Scanned Cells Contribution: ,0,Area ratio: ,0.979814, Area ratio Contribution: ,0,Perim diff: ,1.04361, Perim diff Contribution: ,0,Frontier diff: ,0, Frontier diff Contribution ,0,Inverse Area ratio: ,0.913247, Inv Area Ratio Contribution: ,0,Inverse Perim ratio: ,1.05699, Inv Perim Contribution: ,0, Final Score: ,-171.124
Point: ,108,174,Repeat score:,1, Repeat contribution: ,-1,Dist:,35, Dist contribution: ,-175, New scanned ratio: ,0.0113704, New Scanned Cells Contribution: ,0,Area ratio: ,0.981079, Area ratio Contribution: ,0,Perim diff: ,1.04217, Perim diff Contribution: ,0,Frontier diff: ,0, Frontier diff Contribution ,0,Inverse Area ratio: ,0.913968, Inv Area Ratio Contribution: ,0,Inverse Perim ratio: ,1.05531, Inv Perim Contribution: ,0, Final Score: ,-176
Point: ,103,174,Repeat score:,1, Repeat contribution: ,-1,Dist:,40, Dist contribution: ,-200, New scanned ratio: ,0.011967, New Scanned Cells Contribution: ,0,Area ratio: ,0.980516, Area ratio Contribution: ,0,Perim diff: ,1.06063, Perim diff Contribution: ,0,Frontier diff: ,0, Frontier diff Contribution ,0,Inverse Area ratio: ,0.912785, Inv Area Ratio Contribution: ,0,Inverse Perim ratio: ,1.07599, Inv Perim Contribution: ,0, Final Score: ,-201
BEST Point:,123,175, Score: ,-101.211
COUNT COMMAND: 1
Total frontiers: ,102, Prioritised frontiers: ,26
At: ,123,174,
Point: ,157,194,Repeat score:,1, Repeat contribution: ,-1,Dist:,42.8019, Dist contribution: ,-214.009, New scanned ratio: ,0.0119712, New Scanned Cells Contribution: ,0,Area ratio: ,0.952455, Area ratio Contribution: ,0,Perim diff: ,1.05422, Perim diff Contribution: ,0,Frontier diff: ,0, Frontier diff Contribution ,0,Inverse Area ratio: ,0.89809, Inv Area Ratio Contribution: ,0,Inverse Perim ratio: ,1.07532, Inv Perim Contribution: ,0, Final Score: ,-215.009
Point: ,154,192,Repeat score:,1, Repeat contribution: ,-1,Dist:,38.8402, Dist contribution: ,-194.201, New scanned ratio: ,0.0105354, New Scanned Cells Contribution: ,0,Area ratio: ,0.955242, Area ratio Contribution: ,0,Perim diff: ,1.05403, Perim diff Contribution: ,0,Frontier diff: ,0, Frontier diff Contribution ,0,Inverse Area ratio: ,0.900242, Inv Area Ratio Contribution: ,0,Inverse Perim ratio: ,1.07404, Inv Perim Contribution: ,0, Final Score: ,-195.201
Point: ,152,192,Repeat score:,1, Repeat contribution: ,-1,Dist:,37.2634, Dist contribution: ,-186.317, New scanned ratio: ,0.0105354, New Scanned Cells Contribution: ,0,Area ratio: ,0.954883, Area ratio Contribution: ,0,Perim diff: ,1.05397, Perim diff Contribution: ,0,Frontier diff: ,0, Frontier diff Contribution ,0,Inverse Area ratio: ,0.900242, Inv Area Ratio Contribution: ,0,Inverse Perim ratio: ,1.07404, Inv Perim Contribution: ,0, Final Score: ,-187.317
Point: ,149,194,Repeat score:,1, Repeat contribution: ,-1,Dist:,36.7696, Dist contribution: ,-183.848, New scanned ratio: ,0.0119712, New Scanned Cells Contribution: ,0,Area ratio: ,0.951109, Area ratio Contribution: ,0,Perim diff: ,1.05409, Perim diff Contribution: ,0,Frontier diff: ,0, Frontier diff Contribution ,0,Inverse Area ratio: ,0.898117, Inv Area Ratio Contribution: ,0,Inverse Perim ratio: ,1.07545, Inv Perim Contribution: ,0, Final Score: ,-184.848
Point: ,144,194,Repeat score:,1, Repeat contribution: ,-1,Dist:,33.4215, Dist contribution: ,-167.108, New scanned ratio: ,0.0119712, New Scanned Cells Contribution: ,0,Area ratio: ,0.950237, Area ratio Contribution: ,0,Perim diff: ,1.05238, Perim diff Contribution: ,0,Frontier diff: ,0, Frontier diff Contribution ,0,Inverse Area ratio: ,0.898117, Inv Area Ratio Contribution: ,0,Inverse Perim ratio: ,1.07372, Inv Perim Contribution: ,0, Final Score: ,-168.108
Point: ,143,195,Repeat score:,1, Repeat contribution: ,-1,Dist:,33.8421, Dist contribution: ,-169.211, New scanned ratio: ,0.0126891, New Scanned Cells Contribution: ,0,Area ratio: ,0.948458, Area ratio Contribution: ,0,Perim diff: ,1.05368, Perim diff Contribution: ,0,Frontier diff: ,0, Frontier diff Contribution ,0,Inverse Area ratio: ,0.89702, Inv Area Ratio Contribution: ,0,Inverse Perim ratio: ,1.07588, Inv Perim Contribution: ,0, Final Score: ,-170.211
Point: ,142,194,Repeat score:,1, Repeat contribution: ,-1,Dist:,32.2025, Dist contribution: ,-161.012, New scanned ratio: ,0.0119712, New Scanned Cells Contribution: ,0,Area ratio: ,0.949882, Area ratio Contribution: ,0,Perim diff: ,1.0523, Perim diff Contribution: ,0,Frontier diff: ,0, Frontier diff Contribution ,0,Inverse Area ratio: ,0.898117, Inv Area Ratio Contribution: ,0,Inverse Perim ratio: ,1.07372, Inv Perim Contribution: ,0, Final Score: ,-162.012
Point: ,137,194,Repeat score:,1, Repeat contribution: ,-1,Dist:,29.5296, Dist contribution: ,-147.648, New scanned ratio: ,0.0119712, New Scanned Cells Contribution: ,0,Area ratio: ,0.948978, Area ratio Contribution: ,0,Perim diff: ,1.0536, Perim diff Contribution: ,0,Frontier diff: ,0, Frontier diff Contribution ,0,Inverse Area ratio: ,0.898144, Inv Area Ratio Contribution: ,0,Inverse Perim ratio: ,1.07551, Inv Perim Contribution: ,0, Final Score: ,-148.648
Point: ,134,192,Repeat score:,1, Repeat contribution: ,-1,Dist:,25.8565, Dist contribution: ,-129.283, New scanned ratio: ,0.0105354, New Scanned Cells Contribution: ,0,Area ratio: ,0.951609, Area ratio Contribution: ,0,Perim diff: ,1.05346, Perim diff Contribution: ,0,Frontier diff: ,0, Frontier diff Contribution ,0,Inverse Area ratio: ,0.900351, Inv Area Ratio Contribution: ,0,Inverse Perim ratio: ,1.07425, Inv Perim Contribution: ,0, Final Score: ,-130.283
Point: ,132,192,Repeat score:,1, Repeat contribution: ,-1,Dist:,25.0711, Dist contribution: ,-125.355, New scanned ratio: ,0.0105354, New Scanned Cells Contribution: ,0,Area ratio: ,0.951269, Area ratio Contribution: ,0,Perim diff: ,1.05604, Perim diff Contribution: ,0,Frontier diff: ,0, Frontier diff Contribution ,0,Inverse Area ratio: ,0.900256, Inv Area Ratio Contribution: ,0,Inverse Perim ratio: ,1.07749, Inv Perim Contribution: ,0, Final Score: ,-126.355
Point: ,129,194,Repeat score:,1, Repeat contribution: ,-1,Dist:,26.6833, Dist contribution: ,-133.417, New scanned ratio: ,0.0120789, New Scanned Cells Contribution: ,0,Area ratio: ,0.947588, Area ratio Contribution: ,0,Perim diff: ,1.05953, Perim diff Contribution: ,0,Frontier diff: ,0, Frontier diff Contribution ,0,Inverse Area ratio: ,0.897914, Inv Area Ratio Contribution: ,0,Inverse Perim ratio: ,1.08266, Inv Perim Contribution: ,0, Final Score: ,-134.417
Point: ,124,194,Repeat score:,1, Repeat contribution: ,-1,Dist:,26.0192, Dist contribution: ,-130.096, New scanned ratio: ,0.0126532, New Scanned Cells Contribution: ,0,Area ratio: ,0.947197, Area ratio Contribution: ,0,Perim diff: ,1.06348, Perim diff Contribution: ,0,Frontier diff: ,0, Frontier diff Contribution ,0,Inverse Area ratio: ,0.897006, Inv Area Ratio Contribution: ,0,Inverse Perim ratio: ,1.08744, Inv Perim Contribution: ,0, Final Score: ,-131.096
Point: ,123,195,Repeat score:,1, Repeat contribution: ,-1,Dist:,27.3, Dist contribution: ,-136.5, New scanned ratio: ,0.0134968, New Scanned Cells Contribution: ,0,Area ratio: ,0.945542, Area ratio Contribution: ,0,Perim diff: ,1.06551, Perim diff Contribution: ,0,Frontier diff: ,0, Frontier diff Contribution ,0,Inverse Area ratio: ,0.895707, Inv Area Ratio Contribution: ,0,Inverse Perim ratio: ,1.09051, Inv Perim Contribution: ,0, Final Score: ,-137.5
Point: ,122,194,Repeat score:,1, Repeat contribution: ,-1,Dist:,26.0192, Dist contribution: ,-130.096, New scanned ratio: ,0.0130122, New Scanned Cells Contribution: ,0,Area ratio: ,0.947166, Area ratio Contribution: ,0,Perim diff: ,1.0652, Perim diff Contribution: ,0,Frontier diff: ,0, Frontier diff Contribution ,0,Inverse Area ratio: ,0.896451, Inv Area Ratio Contribution: ,0,Inverse Perim ratio: ,1.08959, Inv Perim Contribution: ,0, Final Score: ,-131.096
Point: ,117,194,Repeat score:,1, Repeat contribution: ,-1,Dist:,26.6833, Dist contribution: ,-133.417, New scanned ratio: ,0.0141429, New Scanned Cells Contribution: ,0,Area ratio: ,0.947333, Area ratio Contribution: ,0,Perim diff: ,1.07168, Perim diff Contribution: ,0,Frontier diff: ,0, Frontier diff Contribution ,0,Inverse Area ratio: ,0.894624, Inv Area Ratio Contribution: ,0,Inverse Perim ratio: ,1.09731, Inv Perim Contribution: ,0, Final Score: ,-134.417
Point: ,111,191,Repeat score:,1, Repeat contribution: ,-1,Dist:,25.1478, Dist contribution: ,-125.739, New scanned ratio: ,0.0142506, New Scanned Cells Contribution: ,0,Area ratio: ,0.953156, Area ratio Contribution: ,0,Perim diff: ,1.07837, Perim diff Contribution: ,0,Frontier diff: ,0, Frontier diff Contribution ,0,Inverse Area ratio: ,0.894393, Inv Area Ratio Contribution: ,0,Inverse Perim ratio: ,1.10366, Inv Perim Contribution: ,0, Final Score: ,-126.739
Point: ,106,186,Repeat score:,1, Repeat contribution: ,-1,Dist:,23.0729, Dist contribution: ,-115.365, New scanned ratio: ,0.0132276, New Scanned Cells Contribution: ,0,Area ratio: ,0.962895, Area ratio Contribution: ,0,Perim diff: ,1.0549, Perim diff Contribution: ,0,Frontier diff: ,0, Frontier diff Contribution ,0,Inverse Area ratio: ,0.899965, Inv Area Ratio Contribution: ,0,Inverse Perim ratio: ,1.07429, Inv Perim Contribution: ,0, Final Score: ,-116.365
Point: ,103,180,Repeat score:,1, Repeat contribution: ,-1,Dist:,21.4672, Dist contribution: ,-107.336, New scanned ratio: ,0.0106072, New Scanned Cells Contribution: ,0,Area ratio: ,0.973863, Area ratio Contribution: ,0,Perim diff: ,1.0451, Perim diff Contribution: ,0,Frontier diff: ,0, Frontier diff Contribution ,0,Inverse Area ratio: ,0.904152, Inv Area Ratio Contribution: ,0,Inverse Perim ratio: ,1.06061, Inv Perim Contribution: ,0, Final Score: ,-108.336
Point: ,103,175,Repeat score:,1, Repeat contribution: ,-1,Dist:,20.0422, Dist contribution: ,-100.211, New scanned ratio: ,0.00768168, New Scanned Cells Contribution: ,0,Area ratio: ,0.981532, Area ratio Contribution: ,0,Perim diff: ,1.0408, Perim diff Contribution: ,0,Frontier diff: ,0, Frontier diff Contribution ,0,Inverse Area ratio: ,0.908679, Inv Area Ratio Contribution: ,0,Inverse Perim ratio: ,1.05387, Inv Perim Contribution: ,0, Final Score: ,-101.211
Point: ,102,173,Repeat score:,1, Repeat contribution: ,-1,Dist:,21.0402, Dist contribution: ,-105.201, New scanned ratio: ,0.00694582, New Scanned Cells Contribution: ,0,Area ratio: ,0.983602, Area ratio Contribution: ,0,Perim diff: ,1.03836, Perim diff Contribution: ,0,Frontier diff: ,0, Frontier diff Contribution ,0,Inverse Area ratio: ,0.909808, Inv Area Ratio Contribution: ,0,Inverse Perim ratio: ,1.05058, Inv Perim Contribution: ,0, Final Score: ,-106.201
Point: ,100,172,Repeat score:,1, Repeat contribution: ,-1,Dist:,23.1465, Dist contribution: ,-115.732, New scanned ratio: ,0.00707145, New Scanned Cells Contribution: ,0,Area ratio: ,0.984343, Area ratio Contribution: ,0,Perim diff: ,1.03741, Perim diff Contribution: ,0,Frontier diff: ,0, Frontier diff Contribution ,0,Inverse Area ratio: ,0.909645, Inv Area Ratio Contribution: ,0,Inverse Perim ratio: ,1.04932, Inv Perim Contribution: ,0, Final Score: ,-116.732
Point: ,96,174,Repeat score:,1, Repeat contribution: ,-1,Dist:,27, Dist contribution: ,-135, New scanned ratio: ,0.00940467, New Scanned Cells Contribution: ,0,Area ratio: ,0.98372, Area ratio Contribution: ,0,Perim diff: ,1.03734, Perim diff Contribution: ,0,Frontier diff: ,0, Frontier diff Contribution ,0,Inverse Area ratio: ,0.906083, Inv Area Ratio Contribution: ,0,Inverse Perim ratio: ,1.04988, Inv Perim Contribution: ,0, Final Score: ,-136
Point: ,91,174,Repeat score:,1, Repeat contribution: ,-1,Dist:,32, Dist contribution: ,-160, New scanned ratio: ,0.010661, New Scanned Cells Contribution: ,0,Area ratio: ,0.983931, Area ratio Contribution: ,0,Perim diff: ,1.03913, Perim diff Contribution: ,0,Frontier diff: ,0, Frontier diff Contribution ,0,Inverse Area ratio: ,0.904152, Inv Area Ratio Contribution: ,0,Inverse Perim ratio: ,1.05212, Inv Perim Contribution: ,0, Final Score: ,-161
Point: ,90,175,Repeat score:,1, Repeat contribution: ,-1,Dist:,33.0256, Dist contribution: ,-165.128, New scanned ratio: ,0.0115405, New Scanned Cells Contribution: ,0,Area ratio: ,0.982655, Area ratio Contribution: ,0,Perim diff: ,1.04173, Perim diff Contribution: ,0,Frontier diff: ,0, Frontier diff Contribution ,0,Inverse Area ratio: ,0.902793, Inv Area Ratio Contribution: ,0,Inverse Perim ratio: ,1.05547, Inv Perim Contribution: ,0, Final Score: ,-166.128
Point: ,89,174,Repeat score:,1, Repeat contribution: ,-1,Dist:,34, Dist contribution: ,-170, New scanned ratio: ,0.0110918, New Scanned Cells Contribution: ,0,Area ratio: ,0.983937, Area ratio Contribution: ,0,Perim diff: ,1.04163, Perim diff Contribution: ,0,Frontier diff: ,0, Frontier diff Contribution ,0,Inverse Area ratio: ,0.903472, Inv Area Ratio Contribution: ,0,Inverse Perim ratio: ,1.05547, Inv Perim Contribution: ,0, Final Score: ,-171
Point: ,84,174,Repeat score:,1, Repeat contribution: ,-1,Dist:,39, Dist contribution: ,-195, New scanned ratio: ,0.0118635, New Scanned Cells Contribution: ,0,Area ratio: ,0.98362, Area ratio Contribution: ,0,Perim diff: ,1.04857, Perim diff Contribution: ,0,Frontier diff: ,0, Frontier diff Contribution ,0,Inverse Area ratio: ,0.902235, Inv Area Ratio Contribution: ,0,Inverse Perim ratio: ,1.06354, Inv Perim Contribution: ,0, Final Score: ,-196
BEST Point:,103,175, Score: ,-101.211
COUNT COMMAND: 1
Total frontiers: ,104, Prioritised frontiers: ,27
At: ,103,174,
Point: ,137,194,Repeat score:,1, Repeat contribution: ,-1,Dist:,42.8019, Dist contribution: ,-214.009, New scanned ratio: ,0.0118863, New Scanned Cells Contribution: ,0,Area ratio: ,0.955734, Area ratio Contribution: ,0,Perim diff: ,1.05528, Perim diff Contribution: ,0,Frontier diff: ,0, Frontier diff Contribution ,0,Inverse Area ratio: ,0.890992, Inv Area Ratio Contribution: ,0,Inverse Perim ratio: ,1.07737, Inv Perim Contribution: ,0, Final Score: ,-215.009
Point: ,134,192,Repeat score:,1, Repeat contribution: ,-1,Dist:,38.8402, Dist contribution: ,-194.201, New scanned ratio: ,0.0104607, New Scanned Cells Contribution: ,0,Area ratio: ,0.958427, Area ratio Contribution: ,0,Perim diff: ,1.05507, Perim diff Contribution: ,0,Frontier diff: ,0, Frontier diff Contribution ,0,Inverse Area ratio: ,0.893153, Inv Area Ratio Contribution: ,0,Inverse Perim ratio: ,1.07609, Inv Perim Contribution: ,0, Final Score: ,-195.201
Point: ,132,192,Repeat score:,1, Repeat contribution: ,-1,Dist:,37.2634, Dist contribution: ,-186.317, New scanned ratio: ,0.0104607, New Scanned Cells Contribution: ,0,Area ratio: ,0.958068, Area ratio Contribution: ,0,Perim diff: ,1.05498, Perim diff Contribution: ,0,Frontier diff: ,0, Frontier diff Contribution ,0,Inverse Area ratio: ,0.893153, Inv Area Ratio Contribution: ,0,Inverse Perim ratio: ,1.07609, Inv Perim Contribution: ,0, Final Score: ,-187.317
Point: ,129,194,Repeat score:,1, Repeat contribution: ,-1,Dist:,36.7696, Dist contribution: ,-183.848, New scanned ratio: ,0.0118863, New Scanned Cells Contribution: ,0,Area ratio: ,0.954291, Area ratio Contribution: ,0,Perim diff: ,1.05499, Perim diff Contribution: ,0,Frontier diff: ,0, Frontier diff Contribution ,0,Inverse Area ratio: ,0.891019, Inv Area Ratio Contribution: ,0,Inverse Perim ratio: ,1.0775, Inv Perim Contribution: ,0, Final Score: ,-184.848
Point: ,124,194,Repeat score:,1, Repeat contribution: ,-1,Dist:,33.4215, Dist contribution: ,-167.108, New scanned ratio: ,0.0118863, New Scanned Cells Contribution: ,0,Area ratio: ,0.953419, Area ratio Contribution: ,0,Perim diff: ,1.05318, Perim diff Contribution: ,0,Frontier diff: ,0, Frontier diff Contribution ,0,Inverse Area ratio: ,0.891019, Inv Area Ratio Contribution: ,0,Inverse Perim ratio: ,1.07578, Inv Perim Contribution: ,0, Final Score: ,-168.108
Point: ,123,195,Repeat score:,1, Repeat contribution: ,-1,Dist:,33.8421, Dist contribution: ,-169.211, New scanned ratio: ,0.0125991, New Scanned Cells Contribution: ,0,Area ratio: ,0.951639, Area ratio Contribution: ,0,Perim diff: ,1.05441, Perim diff Contribution: ,0,Frontier diff: ,0, Frontier diff Contribution ,0,Inverse Area ratio: ,0.889918, Inv Area Ratio Contribution: ,0,Inverse Perim ratio: ,1.07793, Inv Perim Contribution: ,0, Final Score: ,-170.211
Point: ,122,194,Repeat score:,1, Repeat contribution: ,-1,Dist:,32.2025, Dist contribution: ,-161.012, New scanned ratio: ,0.0118863, New Scanned Cells Contribution: ,0,Area ratio: ,0.953064, Area ratio Contribution: ,0,Perim diff: ,1.05305, Perim diff Contribution: ,0,Frontier diff: ,0, Frontier diff Contribution ,0,Inverse Area ratio: ,0.891019, Inv Area Ratio Contribution: ,0,Inverse Perim ratio: ,1.07578, Inv Perim Contribution: ,0, Final Score: ,-162.012
Point: ,117,194,Repeat score:,1, Repeat contribution: ,-1,Dist:,29.5296, Dist contribution: ,-147.648, New scanned ratio: ,0.0118863, New Scanned Cells Contribution: ,0,Area ratio: ,0.952161, Area ratio Contribution: ,0,Perim diff: ,1.05423, Perim diff Contribution: ,0,Frontier diff: ,0, Frontier diff Contribution ,0,Inverse Area ratio: ,0.891046, Inv Area Ratio Contribution: ,0,Inverse Perim ratio: ,1.07756, Inv Perim Contribution: ,0, Final Score: ,-148.648
Point: ,114,192,Repeat score:,1, Repeat contribution: ,-1,Dist:,25.8565, Dist contribution: ,-129.283, New scanned ratio: ,0.0104607, New Scanned Cells Contribution: ,0,Area ratio: ,0.954796, Area ratio Contribution: ,0,Perim diff: ,1.0541, Perim diff Contribution: ,0,Frontier diff: ,0, Frontier diff Contribution ,0,Inverse Area ratio: ,0.893262, Inv Area Ratio Contribution: ,0,Inverse Perim ratio: ,1.0763, Inv Perim Contribution: ,0, Final Score: ,-130.283
Point: ,112,192,Repeat score:,1, Repeat contribution: ,-1,Dist:,25.0711, Dist contribution: ,-125.355, New scanned ratio: ,0.0104607, New Scanned Cells Contribution: ,0,Area ratio: ,0.954456, Area ratio Contribution: ,0,Perim diff: ,1.05662, Perim diff Contribution: ,0,Frontier diff: ,0, Frontier diff Contribution ,0,Inverse Area ratio: ,0.893167, Inv Area Ratio Contribution: ,0,Inverse Perim ratio: ,1.07955, Inv Perim Contribution: ,0, Final Score: ,-126.355
Point: ,109,194,Repeat score:,1, Repeat contribution: ,-1,Dist:,26.6833, Dist contribution: ,-133.417, New scanned ratio: ,0.0119932, New Scanned Cells Contribution: ,0,Area ratio: ,0.950772, Area ratio Contribution: ,0,Perim diff: ,1.05993, Perim diff Contribution: ,0,Frontier diff: ,0, Frontier diff Contribution ,0,Inverse Area ratio: ,0.890815, Inv Area Ratio Contribution: ,0,Inverse Perim ratio: ,1.08471, Inv Perim Contribution: ,0, Final Score: ,-134.417
Point: ,104,194,Repeat score:,1, Repeat contribution: ,-1,Dist:,26.0192, Dist contribution: ,-130.096, New scanned ratio: ,0.0125635, New Scanned Cells Contribution: ,0,Area ratio: ,0.950379, Area ratio Contribution: ,0,Perim diff: ,1.06372, Perim diff Contribution: ,0,Frontier diff: ,0, Frontier diff Contribution ,0,Inverse Area ratio: ,0.889904, Inv Area Ratio Contribution: ,0,Inverse Perim ratio: ,1.08949, Inv Perim Contribution: ,0, Final Score: ,-131.096
Point: ,103,195,Repeat score:,1, Repeat contribution: ,-1,Dist:,27.3, Dist contribution: ,-136.5, New scanned ratio: ,0.0134011, New Scanned Cells Contribution: ,0,Area ratio: ,0.948722, Area ratio Contribution: ,0,Perim diff: ,1.06566, Perim diff Contribution: ,0,Frontier diff: ,0, Frontier diff Contribution ,0,Inverse Area ratio: ,0.888599, Inv Area Ratio Contribution: ,0,Inverse Perim ratio: ,1.09256, Inv Perim Contribution: ,0, Final Score: ,-137.5
Point: ,102,194,Repeat score:,1, Repeat contribution: ,-1,Dist:,26.0192, Dist contribution: ,-130.096, New scanned ratio: ,0.0129199, New Scanned Cells Contribution: ,0,Area ratio: ,0.950347, Area ratio Contribution: ,0,Perim diff: ,1.06537, Perim diff Contribution: ,0,Frontier diff: ,0, Frontier diff Contribution ,0,Inverse Area ratio: ,0.889347, Inv Area Ratio Contribution: ,0,Inverse Perim ratio: ,1.09165, Inv Perim Contribution: ,0, Final Score: ,-131.096
Point: ,97,194,Repeat score:,1, Repeat contribution: ,-1,Dist:,26.6833, Dist contribution: ,-133.417, New scanned ratio: ,0.0140426, New Scanned Cells Contribution: ,0,Area ratio: ,0.950462, Area ratio Contribution: ,0,Perim diff: ,1.07166, Perim diff Contribution: ,0,Frontier diff: ,0, Frontier diff Contribution ,0,Inverse Area ratio: ,0.887511, Inv Area Ratio Contribution: ,0,Inverse Perim ratio: ,1.09937, Inv Perim Contribution: ,0, Final Score: ,-134.417
Point: ,91,191,Repeat score:,1, Repeat contribution: ,-1,Dist:,25.1478, Dist contribution: ,-125.739, New scanned ratio: ,0.0141673, New Scanned Cells Contribution: ,0,Area ratio: ,0.956299, Area ratio Contribution: ,0,Perim diff: ,1.07688, Perim diff Contribution: ,0,Frontier diff: ,0, Frontier diff Contribution ,0,Inverse Area ratio: ,0.887266, Inv Area Ratio Contribution: ,0,Inverse Perim ratio: ,1.10404, Inv Perim Contribution: ,0, Final Score: ,-126.739
Point: ,86,186,Repeat score:,1, Repeat contribution: ,-1,Dist:,23.0729, Dist contribution: ,-115.365, New scanned ratio: ,0.0131337, New Scanned Cells Contribution: ,0,Area ratio: ,0.966069, Area ratio Contribution: ,0,Perim diff: ,1.0534, Perim diff Contribution: ,0,Frontier diff: ,0, Frontier diff Contribution ,0,Inverse Area ratio: ,0.88917, Inv Area Ratio Contribution: ,0,Inverse Perim ratio: ,1.07445, Inv Perim Contribution: ,0, Final Score: ,-116.365
Point: ,83,180,Repeat score:,1, Repeat contribution: ,-1,Dist:,21.4672, Dist contribution: ,-107.336, New scanned ratio: ,0.0105319, New Scanned Cells Contribution: ,0,Area ratio: ,0.97686, Area ratio Contribution: ,0,Perim diff: ,1.04546, Perim diff Contribution: ,0,Frontier diff: ,0, Frontier diff Contribution ,0,Inverse Area ratio: ,0.893344, Inv Area Ratio Contribution: ,0,Inverse Perim ratio: ,1.06245, Inv Perim Contribution: ,0, Final Score: ,-108.336
Point: ,83,175,Repeat score:,1, Repeat contribution: ,-1,Dist:,20.0422, Dist contribution: ,-100.211, New scanned ratio: ,0.00764501, New Scanned Cells Contribution: ,0,Area ratio: ,0.984384, Area ratio Contribution: ,0,Perim diff: ,1.04029, Perim diff Contribution: ,0,Frontier diff: ,0, Frontier diff Contribution ,0,Inverse Area ratio: ,0.897844, Inv Area Ratio Contribution: ,0,Inverse Perim ratio: ,1.05424, Inv Perim Contribution: ,0, Final Score: ,-101.211
Point: ,82,174,Repeat score:,1, Repeat contribution: ,-1,Dist:,21, Dist contribution: ,-105, New scanned ratio: ,0.00744899, New Scanned Cells Contribution: ,0,Area ratio: ,0.985896, Area ratio Contribution: ,0,Perim diff: ,1.03991, Perim diff Contribution: ,0,Frontier diff: ,0, Frontier diff Contribution ,0,Inverse Area ratio: ,0.898143, Inv Area Ratio Contribution: ,0,Inverse Perim ratio: ,1.05348, Inv Perim Contribution: ,0, Final Score: ,-106
Point: ,83,173,Repeat score:,1, Repeat contribution: ,-1,Dist:,20.0422, Dist contribution: ,-100.211, New scanned ratio: ,0.0065936, New Scanned Cells Contribution: ,0,Area ratio: ,0.986144, Area ratio Contribution: ,0,Perim diff: ,1.03792, Perim diff Contribution: ,0,Frontier diff: ,0, Frontier diff Contribution ,0,Inverse Area ratio: ,0.899502, Inv Area Ratio Contribution: ,0,Inverse Perim ratio: ,1.05089, Inv Perim Contribution: ,0, Final Score: ,-101.211
Point: ,81,172,Repeat score:,1, Repeat contribution: ,-1,Dist:,22.1531, Dist contribution: ,-110.766, New scanned ratio: ,0.00673617, New Scanned Cells Contribution: ,0,Area ratio: ,0.986763, Area ratio Contribution: ,0,Perim diff: ,1.03731, Perim diff Contribution: ,0,Frontier diff: ,0, Frontier diff Contribution ,0,Inverse Area ratio: ,0.899271, Inv Area Ratio Contribution: ,0,Inverse Perim ratio: ,1.04998, Inv Perim Contribution: ,0, Final Score: ,-111.766
Point: ,77,174,Repeat score:,1, Repeat contribution: ,-1,Dist:,26, Dist contribution: ,-130, New scanned ratio: ,0.0091063, New Scanned Cells Contribution: ,0,Area ratio: ,0.98649, Area ratio Contribution: ,0,Perim diff: ,1.03929, Perim diff Contribution: ,0,Frontier diff: ,0, Frontier diff Contribution ,0,Inverse Area ratio: ,0.895641, Inv Area Ratio Contribution: ,0,Inverse Perim ratio: ,1.0531, Inv Perim Contribution: ,0, Final Score: ,-131
Point: ,72,174,Repeat score:,1, Repeat contribution: ,-1,Dist:,31, Dist contribution: ,-155, New scanned ratio: ,0.0105141, New Scanned Cells Contribution: ,0,Area ratio: ,0.986899, Area ratio Contribution: ,0,Perim diff: ,1.03824, Perim diff Contribution: ,0,Frontier diff: ,0, Frontier diff Contribution ,0,Inverse Area ratio: ,0.893439, Inv Area Ratio Contribution: ,0,Inverse Perim ratio: ,1.05234, Inv Perim Contribution: ,0, Final Score: ,-156
Point: ,71,175,Repeat score:,1, Repeat contribution: ,-1,Dist:,32.0264, Dist contribution: ,-160.132, New scanned ratio: ,0.0113873, New Scanned Cells Contribution: ,0,Area ratio: ,0.985632, Area ratio Contribution: ,0,Perim diff: ,1.04077, Perim diff Contribution: ,0,Frontier diff: ,0, Frontier diff Contribution ,0,Inverse Area ratio: ,0.892052, Inv Area Ratio Contribution: ,0,Inverse Perim ratio: ,1.05569, Inv Perim Contribution: ,0, Final Score: ,-161.132
Point: ,70,174,Repeat score:,1, Repeat contribution: ,-1,Dist:,33, Dist contribution: ,-165, New scanned ratio: ,0.0109953, New Scanned Cells Contribution: ,0,Area ratio: ,0.986949, Area ratio Contribution: ,0,Perim diff: ,1.04067, Perim diff Contribution: ,0,Frontier diff: ,0, Frontier diff Contribution ,0,Inverse Area ratio: ,0.892677, Inv Area Ratio Contribution: ,0,Inverse Perim ratio: ,1.05521, Inv Perim Contribution: ,0, Final Score: ,-166
Point: ,65,174,Repeat score:,1, Repeat contribution: ,-1,Dist:,38, Dist contribution: ,-190, New scanned ratio: ,0.0119219, New Scanned Cells Contribution: ,0,Area ratio: ,0.986822, Area ratio Contribution: ,0,Perim diff: ,1.04844, Perim diff Contribution: ,0,Frontier diff: ,0, Frontier diff Contribution ,0,Inverse Area ratio: ,0.891168, Inv Area Ratio Contribution: ,0,Inverse Perim ratio: ,1.06474, Inv Perim Contribution: ,0, Final Score: ,-191
BEST Point:,83,175, Score: ,-101.211
COUNT COMMAND: 1
Total frontiers: ,105, Prioritised frontiers: ,28
At: ,83,174,
Point: ,117,194,Repeat score:,1, Repeat contribution: ,-1,Dist:,42.8019, Dist contribution: ,-214.009, New scanned ratio: ,0.0118024, New Scanned Cells Contribution: ,0,Area ratio: ,0.958908, Area ratio Contribution: ,0,Perim diff: ,1.05448, Perim diff Contribution: ,0,Frontier diff: ,0, Frontier diff Contribution ,0,Inverse Area ratio: ,0.880156, Inv Area Ratio Contribution: ,0,Inverse Perim ratio: ,1.07774, Inv Perim Contribution: ,0, Final Score: ,-215.009
Point: ,114,192,Repeat score:,1, Repeat contribution: ,-1,Dist:,38.8402, Dist contribution: ,-194.201, New scanned ratio: ,0.0103868, New Scanned Cells Contribution: ,0,Area ratio: ,0.961605, Area ratio Contribution: ,0,Perim diff: ,1.05429, Perim diff Contribution: ,0,Frontier diff: ,0, Frontier diff Contribution ,0,Inverse Area ratio: ,0.882318, Inv Area Ratio Contribution: ,0,Inverse Perim ratio: ,1.07646, Inv Perim Contribution: ,0, Final Score: ,-195.201
Point: ,112,192,Repeat score:,1, Repeat contribution: ,-1,Dist:,37.2634, Dist contribution: ,-186.317, New scanned ratio: ,0.0103868, New Scanned Cells Contribution: ,0,Area ratio: ,0.961246, Area ratio Contribution: ,0,Perim diff: ,1.05414, Perim diff Contribution: ,0,Frontier diff: ,0, Frontier diff Contribution ,0,Inverse Area ratio: ,0.882318, Inv Area Ratio Contribution: ,0,Inverse Perim ratio: ,1.07646, Inv Perim Contribution: ,0, Final Score: ,-187.317
Point: ,109,194,Repeat score:,1, Repeat contribution: ,-1,Dist:,36.7696, Dist contribution: ,-183.848, New scanned ratio: ,0.0118024, New Scanned Cells Contribution: ,0,Area ratio: ,0.957467, Area ratio Contribution: ,0,Perim diff: ,1.05397, Perim diff Contribution: ,0,Frontier diff: ,0, Frontier diff Contribution ,0,Inverse Area ratio: ,0.880183, Inv Area Ratio Contribution: ,0,Inverse Perim ratio: ,1.07787, Inv Perim Contribution: ,0, Final Score: ,-184.848
Point: ,104,194,Repeat score:,1, Repeat contribution: ,-1,Dist:,33.4215, Dist contribution: ,-167.108, New scanned ratio: ,0.0118024, New Scanned Cells Contribution: ,0,Area ratio: ,0.956595, Area ratio Contribution: ,0,Perim diff: ,1.05201, Perim diff Contribution: ,0,Frontier diff: ,0, Frontier diff Contribution ,0,Inverse Area ratio: ,0.880183, Inv Area Ratio Contribution: ,0,Inverse Perim ratio: ,1.07615, Inv Perim Contribution: ,0, Final Score: ,-168.108
Point: ,103,195,Repeat score:,1, Repeat contribution: ,-1,Dist:,33.8421, Dist contribution: ,-169.211, New scanned ratio: ,0.0125102, New Scanned Cells Contribution: ,0,Area ratio: ,0.954813, Area ratio Contribution: ,0,Perim diff: ,1.05315, Perim diff Contribution: ,0,Frontier diff: ,0, Frontier diff Contribution ,0,Inverse Area ratio: ,0.879082, Inv Area Ratio Contribution: ,0,Inverse Perim ratio: ,1.0783, Inv Perim Contribution: ,0, Final Score: ,-170.211
Point: ,102,194,Repeat score:,1, Repeat contribution: ,-1,Dist:,32.2025, Dist contribution: ,-161.012, New scanned ratio: ,0.0118024, New Scanned Cells Contribution: ,0,Area ratio: ,0.95624, Area ratio Contribution: ,0,Perim diff: ,1.05182, Perim diff Contribution: ,0,Frontier diff: ,0, Frontier diff Contribution ,0,Inverse Area ratio: ,0.880183, Inv Area Ratio Contribution: ,0,Inverse Perim ratio: ,1.07615, Inv Perim Contribution: ,0, Final Score: ,-162.012
Point: ,97,194,Repeat score:,1, Repeat contribution: ,-1,Dist:,29.5296, Dist contribution: ,-147.648, New scanned ratio: ,0.0118024, New Scanned Cells Contribution: ,0,Area ratio: ,0.955289, Area ratio Contribution: ,0,Perim diff: ,1.05281, Perim diff Contribution: ,0,Frontier diff: ,0, Frontier diff Contribution ,0,Inverse Area ratio: ,0.88021, Inv Area Ratio Contribution: ,0,Inverse Perim ratio: ,1.07793, Inv Perim Contribution: ,0, Final Score: ,-148.648
Point: ,94,192,Repeat score:,1, Repeat contribution: ,-1,Dist:,25.8565, Dist contribution: ,-129.283, New scanned ratio: ,0.0103868, New Scanned Cells Contribution: ,0,Area ratio: ,0.957975, Area ratio Contribution: ,0,Perim diff: ,1.0527, Perim diff Contribution: ,0,Frontier diff: ,0, Frontier diff Contribution ,0,Inverse Area ratio: ,0.882427, Inv Area Ratio Contribution: ,0,Inverse Perim ratio: ,1.07667, Inv Perim Contribution: ,0, Final Score: ,-130.283
Point: ,92,192,Repeat score:,1, Repeat contribution: ,-1,Dist:,25.0711, Dist contribution: ,-125.355, New scanned ratio: ,0.0103868, New Scanned Cells Contribution: ,0,Area ratio: ,0.957539, Area ratio Contribution: ,0,Perim diff: ,1.05514, Perim diff Contribution: ,0,Frontier diff: ,0, Frontier diff Contribution ,0,Inverse Area ratio: ,0.882331, Inv Area Ratio Contribution: ,0,Inverse Perim ratio: ,1.07992, Inv Perim Contribution: ,0, Final Score: ,-126.355
Point: ,89,194,Repeat score:,1, Repeat contribution: ,-1,Dist:,26.6833, Dist contribution: ,-133.417, New scanned ratio: ,0.0119086, New Scanned Cells Contribution: ,0,Area ratio: ,0.953515, Area ratio Contribution: ,0,Perim diff: ,1.05816, Perim diff Contribution: ,0,Frontier diff: ,0, Frontier diff Contribution ,0,Inverse Area ratio: ,0.879979, Inv Area Ratio Contribution: ,0,Inverse Perim ratio: ,1.08508, Inv Perim Contribution: ,0, Final Score: ,-134.417
Point: ,84,194,Repeat score:,1, Repeat contribution: ,-1,Dist:,26.0192, Dist contribution: ,-130.096, New scanned ratio: ,0.0124748, New Scanned Cells Contribution: ,0,Area ratio: ,0.952881, Area ratio Contribution: ,0,Perim diff: ,1.06168, Perim diff Contribution: ,0,Frontier diff: ,0, Frontier diff Contribution ,0,Inverse Area ratio: ,0.879068, Inv Area Ratio Contribution: ,0,Inverse Perim ratio: ,1.08986, Inv Perim Contribution: ,0, Final Score: ,-131.096
Point: ,83,195,Repeat score:,1, Repeat contribution: ,-1,Dist:,27.3, Dist contribution: ,-136.5, New scanned ratio: ,0.0133064, New Scanned Cells Contribution: ,0,Area ratio: ,0.951082, Area ratio Contribution: ,0,Perim diff: ,1.06347, Perim diff Contribution: ,0,Frontier diff: ,0, Frontier diff Contribution ,0,Inverse Area ratio: ,0.877763, Inv Area Ratio Contribution: ,0,Inverse Perim ratio: ,1.09293, Inv Perim Contribution: ,0, Final Score: ,-137.5
Point: ,82,194,Repeat score:,1, Repeat contribution: ,-1,Dist:,26.0192, Dist contribution: ,-130.096, New scanned ratio: ,0.0128287, New Scanned Cells Contribution: ,0,Area ratio: ,0.952752, Area ratio Contribution: ,0,Perim diff: ,1.06322, Perim diff Contribution: ,0,Frontier diff: ,0, Frontier diff Contribution ,0,Inverse Area ratio: ,0.878511, Inv Area Ratio Contribution: ,0,Inverse Perim ratio: ,1.09202, Inv Perim Contribution: ,0, Final Score: ,-131.096
Point: ,77,194,Repeat score:,1, Repeat contribution: ,-1,Dist:,26.6833, Dist contribution: ,-133.417, New scanned ratio: ,0.0139434, New Scanned Cells Contribution: ,0,Area ratio: ,0.952674, Area ratio Contribution: ,0,Perim diff: ,1.06917, Perim diff Contribution: ,0,Frontier diff: ,0, Frontier diff Contribution ,0,Inverse Area ratio: ,0.876676, Inv Area Ratio Contribution: ,0,Inverse Perim ratio: ,1.09974, Inv Perim Contribution: ,0, Final Score: ,-134.417
Point: ,71,191,Repeat score:,1, Repeat contribution: ,-1,Dist:,25.1478, Dist contribution: ,-125.739, New scanned ratio: ,0.0140673, New Scanned Cells Contribution: ,0,Area ratio: ,0.958496, Area ratio Contribution: ,0,Perim diff: ,1.07447, Perim diff Contribution: ,0,Frontier diff: ,0, Frontier diff Contribution ,0,Inverse Area ratio: ,0.876431, Inv Area Ratio Contribution: ,0,Inverse Perim ratio: ,1.10489, Inv Perim Contribution: ,0, Final Score: ,-126.739
Point: ,66,186,Repeat score:,1, Repeat contribution: ,-1,Dist:,23.0729, Dist contribution: ,-115.365, New scanned ratio: ,0.0132003, New Scanned Cells Contribution: ,0,Area ratio: ,0.968586, Area ratio Contribution: ,0,Perim diff: ,1.05341, Perim diff Contribution: ,0,Frontier diff: ,0, Frontier diff Contribution ,0,Inverse Area ratio: ,0.87809, Inv Area Ratio Contribution: ,0,Inverse Perim ratio: ,1.07746, Inv Perim Contribution: ,0, Final Score: ,-116.365
Point: ,63,180,Repeat score:,1, Repeat contribution: ,-1,Dist:,21.4672, Dist contribution: ,-107.336, New scanned ratio: ,0.0107407, New Scanned Cells Contribution: ,0,Area ratio: ,0.979797, Area ratio Contribution: ,0,Perim diff: ,1.04462, Perim diff Contribution: ,0,Frontier diff: ,0, Frontier diff Contribution ,0,Inverse Area ratio: ,0.882019, Inv Area Ratio Contribution: ,0,Inverse Perim ratio: ,1.06386, Inv Perim Contribution: ,0, Final Score: ,-108.336
Point: ,63,175,Repeat score:,1, Repeat contribution: ,-1,Dist:,20.0422, Dist contribution: ,-100.211, New scanned ratio: ,0.00789185, New Scanned Cells Contribution: ,0,Area ratio: ,0.9875, Area ratio Contribution: ,0,Perim diff: ,1.04081, Perim diff Contribution: ,0,Frontier diff: ,0, Frontier diff Contribution ,0,Inverse Area ratio: ,0.886519, Inv Area Ratio Contribution: ,0,Inverse Perim ratio: ,1.05656, Inv Perim Contribution: ,0, Final Score: ,-101.211
Point: ,62,174,Repeat score:,1, Repeat contribution: ,-1,Dist:,21, Dist contribution: ,-105, New scanned ratio: ,0.0077326, New Scanned Cells Contribution: ,0,Area ratio: ,0.989037, Area ratio Contribution: ,0,Perim diff: ,1.04003, Perim diff Contribution: ,0,Frontier diff: ,0, Frontier diff Contribution ,0,Inverse Area ratio: ,0.886804, Inv Area Ratio Contribution: ,0,Inverse Perim ratio: ,1.05526, Inv Perim Contribution: ,0, Final Score: ,-106
Point: ,63,173,Repeat score:,1, Repeat contribution: ,-1,Dist:,20.0422, Dist contribution: ,-100.211, New scanned ratio: ,0.00684786, New Scanned Cells Contribution: ,0,Area ratio: ,0.989106, Area ratio Contribution: ,0,Perim diff: ,1.0394, Perim diff Contribution: ,0,Frontier diff: ,0, Frontier diff Contribution ,0,Inverse Area ratio: ,0.888137, Inv Area Ratio Contribution: ,0,Inverse Perim ratio: ,1.05398, Inv Perim Contribution: ,0, Final Score: ,-101.211
Point: ,62,172,Repeat score:,1, Repeat contribution: ,-1,Dist:,21.1603, Dist contribution: ,-105.802, New scanned ratio: ,0.0067063, New Scanned Cells Contribution: ,0,Area ratio: ,0.989486, Area ratio Contribution: ,0,Perim diff: ,1.03583, Perim diff Contribution: ,0,Frontier diff: ,0, Frontier diff Contribution ,0,Inverse Area ratio: ,0.888409, Inv Area Ratio Contribution: ,0,Inverse Perim ratio: ,1.05294, Inv Perim Contribution: ,0, Final Score: ,-106.802
Point: ,59,172,Repeat score:,1, Repeat contribution: ,-1,Dist:,24.1404, Dist contribution: ,-120.702, New scanned ratio: ,0.00766182, New Scanned Cells Contribution: ,0,Area ratio: ,0.989782, Area ratio Contribution: ,0,Perim diff: ,1.03534, Perim diff Contribution: ,0,Frontier diff: ,0, Frontier diff Contribution ,0,Inverse Area ratio: ,0.886967, Inv Area Ratio Contribution: ,0,Inverse Perim ratio: ,1.04937, Inv Perim Contribution: ,0, Final Score: ,-121.702
Point: ,58,173,Repeat score:,1, Repeat contribution: ,-1,Dist:,25.0338, Dist contribution: ,-125.169, New scanned ratio: ,0.00851117, New Scanned Cells Contribution: ,0,Area ratio: ,0.989748, Area ratio Contribution: ,0,Perim diff: ,1.03541, Perim diff Contribution: ,0,Frontier diff: ,0, Frontier diff Contribution ,0,Inverse Area ratio: ,0.885621, Inv Area Ratio Contribution: ,0,Inverse Perim ratio: ,1.04998, Inv Perim Contribution: ,0, Final Score: ,-126.169
Point: ,53,173,Repeat score:,1, Repeat contribution: ,-1,Dist:,30.0282, Dist contribution: ,-150.141, New scanned ratio: ,0.00989135, New Scanned Cells Contribution: ,0,Area ratio: ,0.989935, Area ratio Contribution: ,0,Perim diff: ,1.03575, Perim diff Contribution: ,0,Frontier diff: ,0, Frontier diff Contribution ,0,Inverse Area ratio: ,0.883473, Inv Area Ratio Contribution: ,0,Inverse Perim ratio: ,1.05075, Inv Perim Contribution: ,0, Final Score: ,-151.141
Point: ,52,174,Repeat score:,1, Repeat contribution: ,-1,Dist:,31, Dist contribution: ,-155, New scanned ratio: ,0.0107584, New Scanned Cells Contribution: ,0,Area ratio: ,0.98971, Area ratio Contribution: ,0,Perim diff: ,1.03805, Perim diff Contribution: ,0,Frontier diff: ,0, Frontier diff Contribution ,0,Inverse Area ratio: ,0.8821, Inv Area Ratio Contribution: ,0,Inverse Perim ratio: ,1.05438, Inv Perim Contribution: ,0, Final Score: ,-156
Point: ,51,173,Repeat score:,1, Repeat contribution: ,-1,Dist:,32.0264, Dist contribution: ,-160.132, New scanned ratio: ,0.0103868, New Scanned Cells Contribution: ,0,Area ratio: ,0.989905, Area ratio Contribution: ,0,Perim diff: ,1.03634, Perim diff Contribution: ,0,Frontier diff: ,0, Frontier diff Contribution ,0,Inverse Area ratio: ,0.882698, Inv Area Ratio Contribution: ,0,Inverse Perim ratio: ,1.05202, Inv Perim Contribution: ,0, Final Score: ,-161.132
Point: ,46,173,Repeat score:,1, Repeat contribution: ,-1,Dist:,37.0228, Dist contribution: ,-185.114, New scanned ratio: ,0.01136, New Scanned Cells Contribution: ,0,Area ratio: ,0.989535, Area ratio Contribution: ,0,Perim diff: ,1.04378, Perim diff Contribution: ,0,Frontier diff: ,0, Frontier diff Contribution ,0,Inverse Area ratio: ,0.881108, Inv Area Ratio Contribution: ,0,Inverse Perim ratio: ,1.0614, Inv Perim Contribution: ,0, Final Score: ,-186.114
BEST Point:,63,175, Score: ,-101.211
COUNT COMMAND: 1
Total frontiers: ,105, Prioritised frontiers: ,28
At: ,63,174,
Point: ,97,194,Repeat score:,1, Repeat contribution: ,-1,Dist:,42.8019, Dist contribution: ,-214.009, New scanned ratio: ,0.0117161, New Scanned Cells Contribution: ,0,Area ratio: ,0.962297, Area ratio Contribution: ,0,Perim diff: ,1.05454, Perim diff Contribution: ,0,Frontier diff: ,0, Frontier diff Contribution ,0,Inverse Area ratio: ,0.868817, Inv Area Ratio Contribution: ,0,Inverse Perim ratio: ,1.07984, Inv Perim Contribution: ,0, Final Score: ,-215.009
Point: ,94,192,Repeat score:,1, Repeat contribution: ,-1,Dist:,38.8402, Dist contribution: ,-194.201, New scanned ratio: ,0.0103109, New Scanned Cells Contribution: ,0,Area ratio: ,0.965047, Area ratio Contribution: ,0,Perim diff: ,1.05436, Perim diff Contribution: ,0,Frontier diff: ,0, Frontier diff Contribution ,0,Inverse Area ratio: ,0.870979, Inv Area Ratio Contribution: ,0,Inverse Perim ratio: ,1.07857, Inv Perim Contribution: ,0, Final Score: ,-195.201
Point: ,92,192,Repeat score:,1, Repeat contribution: ,-1,Dist:,37.2634, Dist contribution: ,-186.317, New scanned ratio: ,0.0103109, New Scanned Cells Contribution: ,0,Area ratio: ,0.96459, Area ratio Contribution: ,0,Perim diff: ,1.05414, Perim diff Contribution: ,0,Frontier diff: ,0, Frontier diff Contribution ,0,Inverse Area ratio: ,0.870979, Inv Area Ratio Contribution: ,0,Inverse Perim ratio: ,1.07857, Inv Perim Contribution: ,0, Final Score: ,-187.317
Point: ,89,194,Repeat score:,1, Repeat contribution: ,-1,Dist:,36.7696, Dist contribution: ,-183.848, New scanned ratio: ,0.0117161, New Scanned Cells Contribution: ,0,Area ratio: ,0.960468, Area ratio Contribution: ,0,Perim diff: ,1.05369, Perim diff Contribution: ,0,Frontier diff: ,0, Frontier diff Contribution ,0,Inverse Area ratio: ,0.868845, Inv Area Ratio Contribution: ,0,Inverse Perim ratio: ,1.07998, Inv Perim Contribution: ,0, Final Score: ,-184.848
Point: ,84,194,Repeat score:,1, Repeat contribution: ,-1,Dist:,33.4215, Dist contribution: ,-167.108, New scanned ratio: ,0.0117161, New Scanned Cells Contribution: ,0,Area ratio: ,0.959356, Area ratio Contribution: ,0,Perim diff: ,1.05148, Perim diff Contribution: ,0,Frontier diff: ,0, Frontier diff Contribution ,0,Inverse Area ratio: ,0.868845, Inv Area Ratio Contribution: ,0,Inverse Perim ratio: ,1.07825, Inv Perim Contribution: ,0, Final Score: ,-168.108
Point: ,83,195,Repeat score:,1, Repeat contribution: ,-1,Dist:,33.8421, Dist contribution: ,-169.211, New scanned ratio: ,0.0124188, New Scanned Cells Contribution: ,0,Area ratio: ,0.95743, Area ratio Contribution: ,0,Perim diff: ,1.05247, Perim diff Contribution: ,0,Frontier diff: ,0, Frontier diff Contribution ,0,Inverse Area ratio: ,0.867743, Inv Area Ratio Contribution: ,0,Inverse Perim ratio: ,1.08041, Inv Perim Contribution: ,0, Final Score: ,-170.211
Point: ,82,194,Repeat score:,1, Repeat contribution: ,-1,Dist:,32.2025, Dist contribution: ,-161.012, New scanned ratio: ,0.0117161, New Scanned Cells Contribution: ,0,Area ratio: ,0.958905, Area ratio Contribution: ,0,Perim diff: ,1.05117, Perim diff Contribution: ,0,Frontier diff: ,0, Frontier diff Contribution ,0,Inverse Area ratio: ,0.868845, Inv Area Ratio Contribution: ,0,Inverse Perim ratio: ,1.07825, Inv Perim Contribution: ,0, Final Score: ,-162.012
Point: ,77,194,Repeat score:,1, Repeat contribution: ,-1,Dist:,29.5296, Dist contribution: ,-147.648, New scanned ratio: ,0.0117161, New Scanned Cells Contribution: ,0,Area ratio: ,0.957763, Area ratio Contribution: ,0,Perim diff: ,1.05185, Perim diff Contribution: ,0,Frontier diff: ,0, Frontier diff Contribution ,0,Inverse Area ratio: ,0.868872, Inv Area Ratio Contribution: ,0,Inverse Perim ratio: ,1.08003, Inv Perim Contribution: ,0, Final Score: ,-148.648
Point: ,74,192,Repeat score:,1, Repeat contribution: ,-1,Dist:,25.8565, Dist contribution: ,-129.283, New scanned ratio: ,0.0103109, New Scanned Cells Contribution: ,0,Area ratio: ,0.960447, Area ratio Contribution: ,0,Perim diff: ,1.05174, Perim diff Contribution: ,0,Frontier diff: ,0, Frontier diff Contribution ,0,Inverse Area ratio: ,0.871088, Inv Area Ratio Contribution: ,0,Inverse Perim ratio: ,1.07877, Inv Perim Contribution: ,0, Final Score: ,-130.283
Point: ,72,192,Repeat score:,1, Repeat contribution: ,-1,Dist:,25.0711, Dist contribution: ,-125.355, New scanned ratio: ,0.0103109, New Scanned Cells Contribution: ,0,Area ratio: ,0.960011, Area ratio Contribution: ,0,Perim diff: ,1.05403, Perim diff Contribution: ,0,Frontier diff: ,0, Frontier diff Contribution ,0,Inverse Area ratio: ,0.870993, Inv Area Ratio Contribution: ,0,Inverse Perim ratio: ,1.08202, Inv Perim Contribution: ,0, Final Score: ,-126.355
Point: ,69,194,Repeat score:,1, Repeat contribution: ,-1,Dist:,26.6833, Dist contribution: ,-133.417, New scanned ratio: ,0.0118215, New Scanned Cells Contribution: ,0,Area ratio: ,0.955992, Area ratio Contribution: ,0,Perim diff: ,1.05658, Perim diff Contribution: ,0,Frontier diff: ,0, Frontier diff Contribution ,0,Inverse Area ratio: ,0.868641, Inv Area Ratio Contribution: ,0,Inverse Perim ratio: ,1.08719, Inv Perim Contribution: ,0, Final Score: ,-134.417
Point: ,64,194,Repeat score:,1, Repeat contribution: ,-1,Dist:,26.0192, Dist contribution: ,-130.096, New scanned ratio: ,0.0123836, New Scanned Cells Contribution: ,0,Area ratio: ,0.955358, Area ratio Contribution: ,0,Perim diff: ,1.05962, Perim diff Contribution: ,0,Frontier diff: ,0, Frontier diff Contribution ,0,Inverse Area ratio: ,0.86773, Inv Area Ratio Contribution: ,0,Inverse Perim ratio: ,1.09196, Inv Perim Contribution: ,0, Final Score: ,-131.096
Point: ,63,195,Repeat score:,1, Repeat contribution: ,-1,Dist:,27.3, Dist contribution: ,-136.5, New scanned ratio: ,0.0132092, New Scanned Cells Contribution: ,0,Area ratio: ,0.953561, Area ratio Contribution: ,0,Perim diff: ,1.06117, Perim diff Contribution: ,0,Frontier diff: ,0, Frontier diff Contribution ,0,Inverse Area ratio: ,0.866425, Inv Area Ratio Contribution: ,0,Inverse Perim ratio: ,1.09504, Inv Perim Contribution: ,0, Final Score: ,-137.5
Point: ,62,194,Repeat score:,1, Repeat contribution: ,-1,Dist:,26.0192, Dist contribution: ,-130.096, New scanned ratio: ,0.0127349, New Scanned Cells Contribution: ,0,Area ratio: ,0.955229, Area ratio Contribution: ,0,Perim diff: ,1.06094, Perim diff Contribution: ,0,Frontier diff: ,0, Frontier diff Contribution ,0,Inverse Area ratio: ,0.867172, Inv Area Ratio Contribution: ,0,Inverse Perim ratio: ,1.09412, Inv Perim Contribution: ,0, Final Score: ,-131.096
Point: ,57,194,Repeat score:,1, Repeat contribution: ,-1,Dist:,26.6833, Dist contribution: ,-133.417, New scanned ratio: ,0.0138416, New Scanned Cells Contribution: ,0,Area ratio: ,0.955148, Area ratio Contribution: ,0,Perim diff: ,1.06628, Perim diff Contribution: ,0,Frontier diff: ,0, Frontier diff Contribution ,0,Inverse Area ratio: ,0.865337, Inv Area Ratio Contribution: ,0,Inverse Perim ratio: ,1.10184, Inv Perim Contribution: ,0, Final Score: ,-134.417
Point: ,51,191,Repeat score:,1, Repeat contribution: ,-1,Dist:,25.1478, Dist contribution: ,-125.739, New scanned ratio: ,0.0139645, New Scanned Cells Contribution: ,0,Area ratio: ,0.960827, Area ratio Contribution: ,0,Perim diff: ,1.07228, Perim diff Contribution: ,0,Frontier diff: ,0, Frontier diff Contribution ,0,Inverse Area ratio: ,0.865079, Inv Area Ratio Contribution: ,0,Inverse Perim ratio: ,1.10777, Inv Perim Contribution: ,0, Final Score: ,-126.739
Point: ,46,186,Repeat score:,1, Repeat contribution: ,-1,Dist:,23.0729, Dist contribution: ,-115.365, New scanned ratio: ,0.0131389, New Scanned Cells Contribution: ,0,Area ratio: ,0.970963, Area ratio Contribution: ,0,Perim diff: ,1.04862, Perim diff Contribution: ,0,Frontier diff: ,0, Frontier diff Contribution ,0,Inverse Area ratio: ,0.866751, Inv Area Ratio Contribution: ,0,Inverse Perim ratio: ,1.07762, Inv Perim Contribution: ,0, Final Score: ,-116.365
Point: ,43,180,Repeat score:,1, Repeat contribution: ,-1,Dist:,21.4672, Dist contribution: ,-107.336, New scanned ratio: ,0.0107149, New Scanned Cells Contribution: ,0,Area ratio: ,0.982084, Area ratio Contribution: ,0,Perim diff: ,1.04136, Perim diff Contribution: ,0,Frontier diff: ,0, Frontier diff Contribution ,0,Inverse Area ratio: ,0.870653, Inv Area Ratio Contribution: ,0,Inverse Perim ratio: ,1.06492, Inv Perim Contribution: ,0, Final Score: ,-108.336
Point: ,43,175,Repeat score:,1, Repeat contribution: ,-1,Dist:,20.0422, Dist contribution: ,-100.211, New scanned ratio: ,0.00790444, New Scanned Cells Contribution: ,0,Area ratio: ,0.98979, Area ratio Contribution: ,0,Perim diff: ,1.03783, Perim diff Contribution: ,0,Frontier diff: ,0, Frontier diff Contribution ,0,Inverse Area ratio: ,0.875126, Inv Area Ratio Contribution: ,0,Inverse Perim ratio: ,1.05671, Inv Perim Contribution: ,0, Final Score: ,-101.211
Point: ,42,174,Repeat score:,1, Repeat contribution: ,-1,Dist:,21, Dist contribution: ,-105, New scanned ratio: ,0.00774636, New Scanned Cells Contribution: ,0,Area ratio: ,0.991401, Area ratio Contribution: ,0,Perim diff: ,1.0368, Perim diff Contribution: ,0,Frontier diff: ,0, Frontier diff Contribution ,0,Inverse Area ratio: ,0.87537, Inv Area Ratio Contribution: ,0,Inverse Perim ratio: ,1.05505, Inv Perim Contribution: ,0, Final Score: ,-106
Point: ,43,173,Repeat score:,1, Repeat contribution: ,-1,Dist:,20.0422, Dist contribution: ,-100.211, New scanned ratio: ,0.00686808, New Scanned Cells Contribution: ,0,Area ratio: ,0.991428, Area ratio Contribution: ,0,Perim diff: ,1.03684, Perim diff Contribution: ,0,Frontier diff: ,0, Frontier diff Contribution ,0,Inverse Area ratio: ,0.876744, Inv Area Ratio Contribution: ,0,Inverse Perim ratio: ,1.05414, Inv Perim Contribution: ,0, Final Score: ,-101.211
Point: ,43,171,Repeat score:,1, Repeat contribution: ,-1,Dist:,20.3767, Dist contribution: ,-101.884, New scanned ratio: ,0.00590198, New Scanned Cells Contribution: ,0,Area ratio: ,0.991758, Area ratio Contribution: ,0,Perim diff: ,1.03433, Perim diff Contribution: ,0,Frontier diff: ,0, Frontier diff Contribution ,0,Inverse Area ratio: ,0.87828, Inv Area Ratio Contribution: ,0,Inverse Perim ratio: ,1.05014, Inv Perim Contribution: ,0, Final Score: ,-102.884
Point: ,39,173,Repeat score:,1, Repeat contribution: ,-1,Dist:,24.0352, Dist contribution: ,-120.176, New scanned ratio: ,0.00823819, New Scanned Cells Contribution: ,0,Area ratio: ,0.991751, Area ratio Contribution: ,0,Perim diff: ,1.03512, Perim diff Contribution: ,0,Frontier diff: ,0, Frontier diff Contribution ,0,Inverse Area ratio: ,0.87465, Inv Area Ratio Contribution: ,0,Inverse Perim ratio: ,1.05321, Inv Perim Contribution: ,0, Final Score: ,-121.176
Point: ,34,173,Repeat score:,1, Repeat contribution: ,-1,Dist:,29.0291, Dist contribution: ,-145.146, New scanned ratio: ,0.00974881, New Scanned Cells Contribution: ,0,Area ratio: ,0.991962, Area ratio Contribution: ,0,Perim diff: ,1.03276, Perim diff Contribution: ,0,Frontier diff: ,0, Frontier diff Contribution ,0,Inverse Area ratio: ,0.872257, Inv Area Ratio Contribution: ,0,Inverse Perim ratio: ,1.05223, Inv Perim Contribution: ,0, Final Score: ,-146.146
Point: ,33,174,Repeat score:,1, Repeat contribution: ,-1,Dist:,30, Dist contribution: ,-150, New scanned ratio: ,0.0106095, New Scanned Cells Contribution: ,0,Area ratio: ,0.991814, Area ratio Contribution: ,0,Perim diff: ,1.03461, Perim diff Contribution: ,0,Frontier diff: ,0, Frontier diff Contribution ,0,Inverse Area ratio: ,0.87087, Inv Area Ratio Contribution: ,0,Inverse Perim ratio: ,1.05558, Inv Perim Contribution: ,0, Final Score: ,-151
Point: ,32,173,Repeat score:,1, Repeat contribution: ,-1,Dist:,31.0272, Dist contribution: ,-155.136, New scanned ratio: ,0.0102758, New Scanned Cells Contribution: ,0,Area ratio: ,0.991854, Area ratio Contribution: ,0,Perim diff: ,1.03461, Perim diff Contribution: ,0,Frontier diff: ,0, Frontier diff Contribution ,0,Inverse Area ratio: ,0.871414, Inv Area Ratio Contribution: ,0,Inverse Perim ratio: ,1.0551, Inv Perim Contribution: ,0, Final Score: ,-156.136
Point: ,27,173,Repeat score:,1, Repeat contribution: ,-1,Dist:,36.0235, Dist contribution: ,-180.117, New scanned ratio: ,0.0114175, New Scanned Cells Contribution: ,0,Area ratio: ,0.991407, Area ratio Contribution: ,0,Perim diff: ,1.03738, Perim diff Contribution: ,0,Frontier diff: ,0, Frontier diff Contribution ,0,Inverse Area ratio: ,0.869606, Inv Area Ratio Contribution: ,0,Inverse Perim ratio: ,1.06119, Inv Perim Contribution: ,0, Final Score: ,-181.117
Point: ,24,171,Repeat score:,1, Repeat contribution: ,-1,Dist:,39.1945, Dist contribution: ,-195.973, New scanned ratio: ,0.010592, New Scanned Cells Contribution: ,0,Area ratio: ,0.990978, Area ratio Contribution: ,0,Perim diff: ,1.04247, Perim diff Contribution: ,0,Frontier diff: ,0, Frontier diff Contribution ,0,Inverse Area ratio: ,0.87083, Inv Area Ratio Contribution: ,0,Inverse Perim ratio: ,1.0667, Inv Perim Contribution: ,0, Final Score: ,-196.973
BEST Point:,43,175, Score: ,-101.211
COUNT COMMAND: 1
Total frontiers: ,106, Prioritised frontiers: ,28
At: ,43,174,
Point: ,77,194,Repeat score:,1, Repeat contribution: ,-1,Dist:,42.8019, Dist contribution: ,-214.009, New scanned ratio: ,0.0116303, New Scanned Cells Contribution: ,0,Area ratio: ,0.963448, Area ratio Contribution: ,0,Perim diff: ,1.05173, Perim diff Contribution: ,0,Frontier diff: ,0, Frontier diff Contribution ,0,Inverse Area ratio: ,0.857424, Inv Area Ratio Contribution: ,0,Inverse Perim ratio: ,1.08, Inv Perim Contribution: ,0, Final Score: ,-215.009
Point: ,74,192,Repeat score:,1, Repeat contribution: ,-1,Dist:,38.8402, Dist contribution: ,-194.201, New scanned ratio: ,0.0102354, New Scanned Cells Contribution: ,0,Area ratio: ,0.966251, Area ratio Contribution: ,0,Perim diff: ,1.05155, Perim diff Contribution: ,0,Frontier diff: ,0, Frontier diff Contribution ,0,Inverse Area ratio: ,0.859586, Inv Area Ratio Contribution: ,0,Inverse Perim ratio: ,1.07872, Inv Perim Contribution: ,0, Final Score: ,-195.201
Point: ,72,192,Repeat score:,1, Repeat contribution: ,-1,Dist:,37.2634, Dist contribution: ,-186.317, New scanned ratio: ,0.0102354, New Scanned Cells Contribution: ,0,Area ratio: ,0.966153, Area ratio Contribution: ,0,Perim diff: ,1.05125, Perim diff Contribution: ,0,Frontier diff: ,0, Frontier diff Contribution ,0,Inverse Area ratio: ,0.859586, Inv Area Ratio Contribution: ,0,Inverse Perim ratio: ,1.07872, Inv Perim Contribution: ,0, Final Score: ,-187.317
Point: ,69,194,Repeat score:,1, Repeat contribution: ,-1,Dist:,36.7696, Dist contribution: ,-183.848, New scanned ratio: ,0.0116303, New Scanned Cells Contribution: ,0,Area ratio: ,0.96298, Area ratio Contribution: ,0,Perim diff: ,1.05042, Perim diff Contribution: ,0,Frontier diff: ,0, Frontier diff Contribution ,0,Inverse Area ratio: ,0.857452, Inv Area Ratio Contribution: ,0,Inverse Perim ratio: ,1.08014, Inv Perim Contribution: ,0, Final Score: ,-184.848
Point: ,64,194,Repeat score:,1, Repeat contribution: ,-1,Dist:,33.4215, Dist contribution: ,-167.108, New scanned ratio: ,0.0116303, New Scanned Cells Contribution: ,0,Area ratio: ,0.96187, Area ratio Contribution: ,0,Perim diff: ,1.04775, Perim diff Contribution: ,0,Frontier diff: ,0, Frontier diff Contribution ,0,Inverse Area ratio: ,0.857452, Inv Area Ratio Contribution: ,0,Inverse Perim ratio: ,1.07841, Inv Perim Contribution: ,0, Final Score: ,-168.108
Point: ,63,195,Repeat score:,1, Repeat contribution: ,-1,Dist:,33.8421, Dist contribution: ,-169.211, New scanned ratio: ,0.0123278, New Scanned Cells Contribution: ,0,Area ratio: ,0.959946, Area ratio Contribution: ,0,Perim diff: ,1.04852, Perim diff Contribution: ,0,Frontier diff: ,0, Frontier diff Contribution ,0,Inverse Area ratio: ,0.85635, Inv Area Ratio Contribution: ,0,Inverse Perim ratio: ,1.08057, Inv Perim Contribution: ,0, Final Score: ,-170.211
Point: ,62,194,Repeat score:,1, Repeat contribution: ,-1,Dist:,32.2025, Dist contribution: ,-161.012, New scanned ratio: ,0.0116303, New Scanned Cells Contribution: ,0,Area ratio: ,0.96142, Area ratio Contribution: ,0,Perim diff: ,1.04724, Perim diff Contribution: ,0,Frontier diff: ,0, Frontier diff Contribution ,0,Inverse Area ratio: ,0.857452, Inv Area Ratio Contribution: ,0,Inverse Perim ratio: ,1.07841, Inv Perim Contribution: ,0, Final Score: ,-162.012
Point: ,57,194,Repeat score:,1, Repeat contribution: ,-1,Dist:,29.5296, Dist contribution: ,-147.648, New scanned ratio: ,0.0116303, New Scanned Cells Contribution: ,0,Area ratio: ,0.96028, Area ratio Contribution: ,0,Perim diff: ,1.04734, Perim diff Contribution: ,0,Frontier diff: ,0, Frontier diff Contribution ,0,Inverse Area ratio: ,0.857479, Inv Area Ratio Contribution: ,0,Inverse Perim ratio: ,1.08019, Inv Perim Contribution: ,0, Final Score: ,-148.648
Point: ,54,192,Repeat score:,1, Repeat contribution: ,-1,Dist:,25.8565, Dist contribution: ,-129.283, New scanned ratio: ,0.0102354, New Scanned Cells Contribution: ,0,Area ratio: ,0.962962, Area ratio Contribution: ,0,Perim diff: ,1.04713, Perim diff Contribution: ,0,Frontier diff: ,0, Frontier diff Contribution ,0,Inverse Area ratio: ,0.859695, Inv Area Ratio Contribution: ,0,Inverse Perim ratio: ,1.07893, Inv Perim Contribution: ,0, Final Score: ,-130.283
Point: ,52,192,Repeat score:,1, Repeat contribution: ,-1,Dist:,25.0711, Dist contribution: ,-125.355, New scanned ratio: ,0.0102354, New Scanned Cells Contribution: ,0,Area ratio: ,0.96243, Area ratio Contribution: ,0,Perim diff: ,1.04913, Perim diff Contribution: ,0,Frontier diff: ,0, Frontier diff Contribution ,0,Inverse Area ratio: ,0.8596, Inv Area Ratio Contribution: ,0,Inverse Perim ratio: ,1.08218, Inv Perim Contribution: ,0, Final Score: ,-126.355
Point: ,49,194,Repeat score:,1, Repeat contribution: ,-1,Dist:,26.6833, Dist contribution: ,-133.417, New scanned ratio: ,0.011735, New Scanned Cells Contribution: ,0,Area ratio: ,0.958178, Area ratio Contribution: ,0,Perim diff: ,1.05086, Perim diff Contribution: ,0,Frontier diff: ,0, Frontier diff Contribution ,0,Inverse Area ratio: ,0.857248, Inv Area Ratio Contribution: ,0,Inverse Perim ratio: ,1.08734, Inv Perim Contribution: ,0, Final Score: ,-134.417
Point: ,44,194,Repeat score:,1, Repeat contribution: ,-1,Dist:,26.0192, Dist contribution: ,-130.096, New scanned ratio: ,0.0122929, New Scanned Cells Contribution: ,0,Area ratio: ,0.957306, Area ratio Contribution: ,0,Perim diff: ,1.05295, Perim diff Contribution: ,0,Frontier diff: ,0, Frontier diff Contribution ,0,Inverse Area ratio: ,0.856337, Inv Area Ratio Contribution: ,0,Inverse Perim ratio: ,1.09212, Inv Perim Contribution: ,0, Final Score: ,-131.096
Point: ,43,195,Repeat score:,1, Repeat contribution: ,-1,Dist:,27.3, Dist contribution: ,-136.5, New scanned ratio: ,0.0131125, New Scanned Cells Contribution: ,0,Area ratio: ,0.955417, Area ratio Contribution: ,0,Perim diff: ,1.0541, Perim diff Contribution: ,0,Frontier diff: ,0, Frontier diff Contribution ,0,Inverse Area ratio: ,0.855032, Inv Area Ratio Contribution: ,0,Inverse Perim ratio: ,1.09519, Inv Perim Contribution: ,0, Final Score: ,-137.5
Point: ,42,194,Repeat score:,1, Repeat contribution: ,-1,Dist:,26.0192, Dist contribution: ,-130.096, New scanned ratio: ,0.0126417, New Scanned Cells Contribution: ,0,Area ratio: ,0.957081, Area ratio Contribution: ,0,Perim diff: ,1.05383, Perim diff Contribution: ,0,Frontier diff: ,0, Frontier diff Contribution ,0,Inverse Area ratio: ,0.855779, Inv Area Ratio Contribution: ,0,Inverse Perim ratio: ,1.09428, Inv Perim Contribution: ,0, Final Score: ,-131.096
Point: ,37,194,Repeat score:,1, Repeat contribution: ,-1,Dist:,26.6833, Dist contribution: ,-133.417, New scanned ratio: ,0.0137402, New Scanned Cells Contribution: ,0,Area ratio: ,0.956759, Area ratio Contribution: ,0,Perim diff: ,1.0579, Perim diff Contribution: ,0,Frontier diff: ,0, Frontier diff Contribution ,0,Inverse Area ratio: ,0.853944, Inv Area Ratio Contribution: ,0,Inverse Perim ratio: ,1.102, Inv Perim Contribution: ,0, Final Score: ,-134.417
Point: ,31,191,Repeat score:,1, Repeat contribution: ,-1,Dist:,25.1478, Dist contribution: ,-125.739, New scanned ratio: ,0.0138622, New Scanned Cells Contribution: ,0,Area ratio: ,0.962208, Area ratio Contribution: ,0,Perim diff: ,1.06265, Perim diff Contribution: ,0,Frontier diff: ,0, Frontier diff Contribution ,0,Inverse Area ratio: ,0.853686, Inv Area Ratio Contribution: ,0,Inverse Perim ratio: ,1.10792, Inv Perim Contribution: ,0, Final Score: ,-126.739
Point: ,26,186,Repeat score:,1, Repeat contribution: ,-1,Dist:,23.0729, Dist contribution: ,-115.365, New scanned ratio: ,0.0131997, New Scanned Cells Contribution: ,0,Area ratio: ,0.972345, Area ratio Contribution: ,0,Perim diff: ,1.0409, Perim diff Contribution: ,0,Frontier diff: ,0, Frontier diff Contribution ,0,Inverse Area ratio: ,0.855018, Inv Area Ratio Contribution: ,0,Inverse Perim ratio: ,1.08078, Inv Perim Contribution: ,0, Final Score: ,-116.365
Point: ,23,180,Repeat score:,1, Repeat contribution: ,-1,Dist:,21.4672, Dist contribution: ,-107.336, New scanned ratio: ,0.0109154, New Scanned Cells Contribution: ,0,Area ratio: ,0.983401, Area ratio Contribution: ,0,Perim diff: ,1.03334, Perim diff Contribution: ,0,Frontier diff: ,0, Frontier diff Contribution ,0,Inverse Area ratio: ,0.858784, Inv Area Ratio Contribution: ,0,Inverse Perim ratio: ,1.06765, Inv Perim Contribution: ,0, Final Score: ,-108.336
Point: ,23,175,Repeat score:,1, Repeat contribution: ,-1,Dist:,20.0422, Dist contribution: ,-100.211, New scanned ratio: ,0.00817786, New Scanned Cells Contribution: ,0,Area ratio: ,0.991296, Area ratio Contribution: ,0,Perim diff: ,1.03111, Perim diff Contribution: ,0,Frontier diff: ,0, Frontier diff Contribution ,0,Inverse Area ratio: ,0.863203, Inv Area Ratio Contribution: ,0,Inverse Perim ratio: ,1.05919, Inv Perim Contribution: ,0, Final Score: ,-101.211
Point: ,22,174,Repeat score:,1, Repeat contribution: ,-1,Dist:,21, Dist contribution: ,-105, New scanned ratio: ,0.0080558, New Scanned Cells Contribution: ,0,Area ratio: ,0.992908, Area ratio Contribution: ,0,Perim diff: ,1.03031, Perim diff Contribution: ,0,Frontier diff: ,0, Frontier diff Contribution ,0,Inverse Area ratio: ,0.863406, Inv Area Ratio Contribution: ,0,Inverse Perim ratio: ,1.05774, Inv Perim Contribution: ,0, Final Score: ,-106
Point: ,23,173,Repeat score:,1, Repeat contribution: ,-1,Dist:,20.0422, Dist contribution: ,-100.211, New scanned ratio: ,0.00714908, New Scanned Cells Contribution: ,0,Area ratio: ,0.992902, Area ratio Contribution: ,0,Perim diff: ,1.03107, Perim diff Contribution: ,0,Frontier diff: ,0, Frontier diff Contribution ,0,Inverse Area ratio: ,0.864834, Inv Area Ratio Contribution: ,0,Inverse Perim ratio: ,1.05682, Inv Perim Contribution: ,0, Final Score: ,-101.211
Point: ,23,171,Repeat score:,1, Repeat contribution: ,-1,Dist:,20.3767, Dist contribution: ,-101.884, New scanned ratio: ,0.00619006, New Scanned Cells Contribution: ,0,Area ratio: ,0.993042, Area ratio Contribution: ,0,Perim diff: ,1.03066, Perim diff Contribution: ,0,Frontier diff: ,0, Frontier diff Contribution ,0,Inverse Area ratio: ,0.866343, Inv Area Ratio Contribution: ,0,Inverse Perim ratio: ,1.05429, Inv Perim Contribution: ,0, Final Score: ,-102.884
Point: ,21,171,Repeat score:,1, Repeat contribution: ,-1,Dist:,22.343, Dist contribution: ,-111.715, New scanned ratio: ,0.00692241, New Scanned Cells Contribution: ,0,Area ratio: ,0.993038, Area ratio Contribution: ,0,Perim diff: ,1.03015, Perim diff Contribution: ,0,Frontier diff: ,0, Frontier diff Contribution ,0,Inverse Area ratio: ,0.865201, Inv Area Ratio Contribution: ,0,Inverse Perim ratio: ,1.05519, Inv Perim Contribution: ,0, Final Score: ,-112.715
Point: ,20,172,Repeat score:,1, Repeat contribution: ,-1,Dist:,23.1465, Dist contribution: ,-115.732, New scanned ratio: ,0.00779425, New Scanned Cells Contribution: ,0,Area ratio: ,0.992958, Area ratio Contribution: ,0,Perim diff: ,1.02995, Perim diff Contribution: ,0,Frontier diff: ,-1, Frontier diff Contribution ,-0,Inverse Area ratio: ,0.88541, Inv Area Ratio Contribution: ,0,Inverse Perim ratio: ,1.04931, Inv Perim Contribution: ,0, Final Score: ,-116.732
Point: ,15,172,Repeat score:,1, Repeat contribution: ,-1,Dist:,28.1205, Dist contribution: ,-140.602, New scanned ratio: ,0.00864865, New Scanned Cells Contribution: ,0,Area ratio: ,0.992672, Area ratio Contribution: ,0,Perim diff: ,1.03018, Perim diff Contribution: ,0,Frontier diff: ,0, Frontier diff Contribution ,0,Inverse Area ratio: ,0.935158, Inv Area Ratio Contribution: ,0,Inverse Perim ratio: ,1.0411, Inv Perim Contribution: ,0, Final Score: ,-141.602
Point: ,14,173,Repeat score:,1, Repeat contribution: ,-1,Dist:,29.0291, Dist contribution: ,-145.146, New scanned ratio: ,0.00917175, New Scanned Cells Contribution: ,0,Area ratio: ,0.992581, Area ratio Contribution: ,0,Perim diff: ,1.03067, Perim diff Contribution: ,0,Frontier diff: ,0, Frontier diff Contribution ,0,Inverse Area ratio: ,0.942564, Inv Area Ratio Contribution: ,0,Inverse Perim ratio: ,1.04126, Inv Perim Contribution: ,0, Final Score: ,-146.146
Point: ,13,172,Repeat score:,1, Repeat contribution: ,-1,Dist:,30.1125, Dist contribution: ,-150.562, New scanned ratio: ,0.00868352, New Scanned Cells Contribution: ,0,Area ratio: ,0.992475, Area ratio Contribution: ,0,Perim diff: ,1.03106, Perim diff Contribution: ,0,Frontier diff: ,0, Frontier diff Contribution ,0,Inverse Area ratio: ,0.940394, Inv Area Ratio Contribution: ,0,Inverse Perim ratio: ,1.04117, Inv Perim Contribution: ,0, Final Score: ,-151.562
Point: ,8,172,Repeat score:,1, Repeat contribution: ,-1,Dist:,35.0964, Dist contribution: ,-175.482, New scanned ratio: ,0.00833479, New Scanned Cells Contribution: ,0,Area ratio: ,0.991716, Area ratio Contribution: ,0,Perim diff: ,1.03566, Perim diff Contribution: ,0,Frontier diff: ,0, Frontier diff Contribution ,0,Inverse Area ratio: ,0.925517, Inv Area Ratio Contribution: ,0,Inverse Perim ratio: ,1.04462, Inv Perim Contribution: ,0, Final Score: ,-176.482
BEST Point:,23,175, Score: ,-101.211
COUNT COMMAND: 1
Total frontiers: ,107, Prioritised frontiers: ,24
At: ,23,174,
Point: ,0,167,Repeat score:,1, Repeat contribution: ,-1,Dist:,24.7348, Dist contribution: ,-123.674, New scanned ratio: ,0.00150548, New Scanned Cells Contribution: ,0,Area ratio: ,0.992778, Area ratio Contribution: ,0,Perim diff: ,1.03017, Perim diff Contribution: ,0,Frontier diff: ,0, Frontier diff Contribution ,0,Inverse Area ratio: ,0.938524, Inv Area Ratio Contribution: ,0,Inverse Perim ratio: ,1.03949, Inv Perim Contribution: ,0, Final Score: ,-124.674
Point: ,57,194,Repeat score:,1, Repeat contribution: ,-1,Dist:,42.8019, Dist contribution: ,-214.009, New scanned ratio: ,0.011542, New Scanned Cells Contribution: ,0,Area ratio: ,0.962241, Area ratio Contribution: ,0,Perim diff: ,1.04542, Perim diff Contribution: ,0,Frontier diff: ,0, Frontier diff Contribution ,0,Inverse Area ratio: ,0.845501, Inv Area Ratio Contribution: ,0,Inverse Perim ratio: ,1.08247, Inv Perim Contribution: ,0, Final Score: ,-215.009
Point: ,54,192,Repeat score:,1, Repeat contribution: ,-1,Dist:,38.8402, Dist contribution: ,-194.201, New scanned ratio: ,0.0101576, New Scanned Cells Contribution: ,0,Area ratio: ,0.965336, Area ratio Contribution: ,0,Perim diff: ,1.04522, Perim diff Contribution: ,0,Frontier diff: ,0, Frontier diff Contribution ,0,Inverse Area ratio: ,0.847663, Inv Area Ratio Contribution: ,0,Inverse Perim ratio: ,1.0812, Inv Perim Contribution: ,0, Final Score: ,-195.201
Point: ,52,192,Repeat score:,1, Repeat contribution: ,-1,Dist:,37.2634, Dist contribution: ,-186.317, New scanned ratio: ,0.0101576, New Scanned Cells Contribution: ,0,Area ratio: ,0.96524, Area ratio Contribution: ,0,Perim diff: ,1.04492, Perim diff Contribution: ,0,Frontier diff: ,0, Frontier diff Contribution ,0,Inverse Area ratio: ,0.847663, Inv Area Ratio Contribution: ,0,Inverse Perim ratio: ,1.0812, Inv Perim Contribution: ,0, Final Score: ,-187.317
Point: ,49,194,Repeat score:,1, Repeat contribution: ,-1,Dist:,36.7696, Dist contribution: ,-183.848, New scanned ratio: ,0.011542, New Scanned Cells Contribution: ,0,Area ratio: ,0.961842, Area ratio Contribution: ,0,Perim diff: ,1.04413, Perim diff Contribution: ,0,Frontier diff: ,0, Frontier diff Contribution ,0,Inverse Area ratio: ,0.845528, Inv Area Ratio Contribution: ,0,Inverse Perim ratio: ,1.08261, Inv Perim Contribution: ,0, Final Score: ,-184.848
Point: ,44,194,Repeat score:,1, Repeat contribution: ,-1,Dist:,33.4215, Dist contribution: ,-167.108, New scanned ratio: ,0.011542, New Scanned Cells Contribution: ,0,Area ratio: ,0.961619, Area ratio Contribution: ,0,Perim diff: ,1.04137, Perim diff Contribution: ,0,Frontier diff: ,0, Frontier diff Contribution ,0,Inverse Area ratio: ,0.845528, Inv Area Ratio Contribution: ,0,Inverse Perim ratio: ,1.08088, Inv Perim Contribution: ,0, Final Score: ,-168.108
Point: ,43,195,Repeat score:,1, Repeat contribution: ,-1,Dist:,33.8421, Dist contribution: ,-169.211, New scanned ratio: ,0.0122342, New Scanned Cells Contribution: ,0,Area ratio: ,0.959893, Area ratio Contribution: ,0,Perim diff: ,1.04203, Perim diff Contribution: ,0,Frontier diff: ,0, Frontier diff Contribution ,0,Inverse Area ratio: ,0.844427, Inv Area Ratio Contribution: ,0,Inverse Perim ratio: ,1.08304, Inv Perim Contribution: ,0, Final Score: ,-170.211
Point: ,42,194,Repeat score:,1, Repeat contribution: ,-1,Dist:,32.2025, Dist contribution: ,-161.012, New scanned ratio: ,0.011542, New Scanned Cells Contribution: ,0,Area ratio: ,0.961459, Area ratio Contribution: ,0,Perim diff: ,1.04076, Perim diff Contribution: ,0,Frontier diff: ,0, Frontier diff Contribution ,0,Inverse Area ratio: ,0.845528, Inv Area Ratio Contribution: ,0,Inverse Perim ratio: ,1.08088, Inv Perim Contribution: ,0, Final Score: ,-162.012
Point: ,37,194,Repeat score:,1, Repeat contribution: ,-1,Dist:,29.5296, Dist contribution: ,-147.648, New scanned ratio: ,0.011542, New Scanned Cells Contribution: ,0,Area ratio: ,0.960885, Area ratio Contribution: ,0,Perim diff: ,1.04033, Perim diff Contribution: ,0,Frontier diff: ,0, Frontier diff Contribution ,0,Inverse Area ratio: ,0.845556, Inv Area Ratio Contribution: ,0,Inverse Perim ratio: ,1.08266, Inv Perim Contribution: ,0, Final Score: ,-148.648
Point: ,34,192,Repeat score:,1, Repeat contribution: ,-1,Dist:,25.8565, Dist contribution: ,-129.283, New scanned ratio: ,0.0101576, New Scanned Cells Contribution: ,0,Area ratio: ,0.963872, Area ratio Contribution: ,0,Perim diff: ,1.03986, Perim diff Contribution: ,0,Frontier diff: ,0, Frontier diff Contribution ,0,Inverse Area ratio: ,0.847772, Inv Area Ratio Contribution: ,0,Inverse Perim ratio: ,1.08141, Inv Perim Contribution: ,0, Final Score: ,-130.283
Point: ,32,192,Repeat score:,1, Repeat contribution: ,-1,Dist:,25.0711, Dist contribution: ,-125.355, New scanned ratio: ,0.0101576, New Scanned Cells Contribution: ,0,Area ratio: ,0.963664, Area ratio Contribution: ,0,Perim diff: ,1.04139, Perim diff Contribution: ,0,Frontier diff: ,0, Frontier diff Contribution ,0,Inverse Area ratio: ,0.847677, Inv Area Ratio Contribution: ,0,Inverse Perim ratio: ,1.08465, Inv Perim Contribution: ,0, Final Score: ,-126.355
Point: ,29,194,Repeat score:,1, Repeat contribution: ,-1,Dist:,26.6833, Dist contribution: ,-133.417, New scanned ratio: ,0.0116458, New Scanned Cells Contribution: ,0,Area ratio: ,0.959638, Area ratio Contribution: ,0,Perim diff: ,1.04182, Perim diff Contribution: ,0,Frontier diff: ,0, Frontier diff Contribution ,0,Inverse Area ratio: ,0.845325, Inv Area Ratio Contribution: ,0,Inverse Perim ratio: ,1.08982, Inv Perim Contribution: ,0, Final Score: ,-134.417
Point: ,24,194,Repeat score:,1, Repeat contribution: ,-1,Dist:,26.0192, Dist contribution: ,-130.096, New scanned ratio: ,0.0121996, New Scanned Cells Contribution: ,0,Area ratio: ,0.958531, Area ratio Contribution: ,0,Perim diff: ,1.04183, Perim diff Contribution: ,0,Frontier diff: ,0, Frontier diff Contribution ,0,Inverse Area ratio: ,0.844414, Inv Area Ratio Contribution: ,0,Inverse Perim ratio: ,1.09459, Inv Perim Contribution: ,0, Final Score: ,-131.096
Point: ,23,195,Repeat score:,1, Repeat contribution: ,-1,Dist:,27.3, Dist contribution: ,-136.5, New scanned ratio: ,0.0130129, New Scanned Cells Contribution: ,0,Area ratio: ,0.956525, Area ratio Contribution: ,0,Perim diff: ,1.04235, Perim diff Contribution: ,0,Frontier diff: ,0, Frontier diff Contribution ,0,Inverse Area ratio: ,0.843108, Inv Area Ratio Contribution: ,0,Inverse Perim ratio: ,1.09767, Inv Perim Contribution: ,0, Final Score: ,-137.5
Point: ,22,194,Repeat score:,1, Repeat contribution: ,-1,Dist:,26.0192, Dist contribution: ,-130.096, New scanned ratio: ,0.0125456, New Scanned Cells Contribution: ,0,Area ratio: ,0.958117, Area ratio Contribution: ,0,Perim diff: ,1.04175, Perim diff Contribution: ,0,Frontier diff: ,0, Frontier diff Contribution ,0,Inverse Area ratio: ,0.843856, Inv Area Ratio Contribution: ,0,Inverse Perim ratio: ,1.09675, Inv Perim Contribution: ,0, Final Score: ,-131.096
Point: ,17,194,Repeat score:,1, Repeat contribution: ,-1,Dist:,26.6833, Dist contribution: ,-133.417, New scanned ratio: ,0.0130994, New Scanned Cells Contribution: ,0,Area ratio: ,0.957717, Area ratio Contribution: ,0,Perim diff: ,1.04193, Perim diff Contribution: ,0,Frontier diff: ,-1, Frontier diff Contribution ,-0,Inverse Area ratio: ,0.951668, Inv Area Ratio Contribution: ,0,Inverse Perim ratio: ,1.05237, Inv Perim Contribution: ,0, Final Score: ,-134.417
Point: ,11,191,Repeat score:,1, Repeat contribution: ,-1,Dist:,25.1478, Dist contribution: ,-125.739, New scanned ratio: ,0.010348, New Scanned Cells Contribution: ,0,Area ratio: ,0.962556, Area ratio Contribution: ,0,Perim diff: ,1.04155, Perim diff Contribution: ,0,Frontier diff: ,-1, Frontier diff Contribution ,-0,Inverse Area ratio: ,0.954324, Inv Area Ratio Contribution: ,0,Inverse Perim ratio: ,1.04567, Inv Perim Contribution: ,0, Final Score: ,-126.739
Point: ,6,186,Repeat score:,1, Repeat contribution: ,-1,Dist:,23.0729, Dist contribution: ,-115.365, New scanned ratio: ,0.0071813, New Scanned Cells Contribution: ,0,Area ratio: ,0.971803, Area ratio Contribution: ,0,Perim diff: ,1.03296, Perim diff Contribution: ,0,Frontier diff: ,0, Frontier diff Contribution ,0,Inverse Area ratio: ,0.959261, Inv Area Ratio Contribution: ,0,Inverse Perim ratio: ,1.03998, Inv Perim Contribution: ,0, Final Score: ,-116.365
Point: ,3,180,Repeat score:,1, Repeat contribution: ,-1,Dist:,21.4672, Dist contribution: ,-107.336, New scanned ratio: ,0.00444721, New Scanned Cells Contribution: ,0,Area ratio: ,0.982738, Area ratio Contribution: ,0,Perim diff: ,1.03071, Perim diff Contribution: ,0,Frontier diff: ,0, Frontier diff Contribution ,0,Inverse Area ratio: ,0.961034, Inv Area Ratio Contribution: ,0,Inverse Perim ratio: ,1.03907, Inv Perim Contribution: ,0, Final Score: ,-108.336
Point: ,3,175,Repeat score:,1, Repeat contribution: ,-1,Dist:,20.0422, Dist contribution: ,-100.211, New scanned ratio: ,0.00301095, New Scanned Cells Contribution: ,0,Area ratio: ,0.991068, Area ratio Contribution: ,0,Perim diff: ,1.03042, Perim diff Contribution: ,0,Frontier diff: ,0, Frontier diff Contribution ,0,Inverse Area ratio: ,0.959265, Inv Area Ratio Contribution: ,0,Inverse Perim ratio: ,1.03922, Inv Perim Contribution: ,0, Final Score: ,-101.211
Point: ,2,174,Repeat score:,1, Repeat contribution: ,-1,Dist:,21, Dist contribution: ,-105, New scanned ratio: ,0.00273408, New Scanned Cells Contribution: ,0,Area ratio: ,0.992735, Area ratio Contribution: ,0,Perim diff: ,1.02997, Perim diff Contribution: ,0,Frontier diff: ,0, Frontier diff Contribution ,0,Inverse Area ratio: ,0.959124, Inv Area Ratio Contribution: ,0,Inverse Perim ratio: ,1.03885, Inv Perim Contribution: ,0, Final Score: ,-106
Point: ,3,173,Repeat score:,1, Repeat contribution: ,-1,Dist:,20.0422, Dist contribution: ,-100.211, New scanned ratio: ,0.00254374, New Scanned Cells Contribution: ,0,Area ratio: ,0.992777, Area ratio Contribution: ,0,Perim diff: ,1.03046, Perim diff Contribution: ,0,Frontier diff: ,0, Frontier diff Contribution ,0,Inverse Area ratio: ,0.955086, Inv Area Ratio Contribution: ,0,Inverse Perim ratio: ,1.03935, Inv Perim Contribution: ,0, Final Score: ,-101.211
Point: ,3,169,Repeat score:,1, Repeat contribution: ,-1,Dist:,21.0297, Dist contribution: ,-105.149, New scanned ratio: ,0.00179965, New Scanned Cells Contribution: ,0,Area ratio: ,0.9929, Area ratio Contribution: ,0,Perim diff: ,1.03003, Perim diff Contribution: ,0,Frontier diff: ,0, Frontier diff Contribution ,0,Inverse Area ratio: ,0.946369, Inv Area Ratio Contribution: ,0,Inverse Perim ratio: ,1.03953, Inv Perim Contribution: ,0, Final Score: ,-106.149
Point: ,2,169,Repeat score:,1, Repeat contribution: ,-1,Dist:,21.9829, Dist contribution: ,-109.915, New scanned ratio: ,0.00179965, New Scanned Cells Contribution: ,0,Area ratio: ,0.992866, Area ratio Contribution: ,0,Perim diff: ,1.02981, Perim diff Contribution: ,0,Frontier diff: ,0, Frontier diff Contribution ,0,Inverse Area ratio: ,0.946354, Inv Area Ratio Contribution: ,0,Inverse Perim ratio: ,1.03932, Inv Perim Contribution: ,0, Final Score: ,-110.915
BEST Point:,3,175, Score: ,-101.211
COUNT COMMAND: 1
Total frontiers: ,105, Prioritised frontiers: ,15
At: ,3,174,
Point: ,37,194,Repeat score:,1, Repeat contribution: ,-1,Dist:,42.8019, Dist contribution: ,-214.009, New scanned ratio: ,0.0115101, New Scanned Cells Contribution: ,0,Area ratio: ,0.959896, Area ratio Contribution: ,0,Perim diff: ,1.04428, Perim diff Contribution: ,0,Frontier diff: ,0, Frontier diff Contribution ,0,Inverse Area ratio: ,0.938549, Inv Area Ratio Contribution: ,0,Inverse Perim ratio: ,1.06465, Inv Perim Contribution: ,0, Final Score: ,-215.009
Point: ,34,192,Repeat score:,1, Repeat contribution: ,-1,Dist:,38.8402, Dist contribution: ,-194.201, New scanned ratio: ,0.0101296, New Scanned Cells Contribution: ,0,Area ratio: ,0.963212, Area ratio Contribution: ,0,Perim diff: ,1.04406, Perim diff Contribution: ,0,Frontier diff: ,0, Frontier diff Contribution ,0,Inverse Area ratio: ,0.941087, Inv Area Ratio Contribution: ,0,Inverse Perim ratio: ,1.06335, Inv Perim Contribution: ,0, Final Score: ,-195.201
Point: ,32,192,Repeat score:,1, Repeat contribution: ,-1,Dist:,37.2634, Dist contribution: ,-186.317, New scanned ratio: ,0.0101296, New Scanned Cells Contribution: ,0,Area ratio: ,0.963165, Area ratio Contribution: ,0,Perim diff: ,1.04367, Perim diff Contribution: ,0,Frontier diff: ,0, Frontier diff Contribution ,0,Inverse Area ratio: ,0.944984, Inv Area Ratio Contribution: ,0,Inverse Perim ratio: ,1.06345, Inv Perim Contribution: ,0, Final Score: ,-187.317
Point: ,29,194,Repeat score:,1, Repeat contribution: ,-1,Dist:,36.7696, Dist contribution: ,-183.848, New scanned ratio: ,0.0115101, New Scanned Cells Contribution: ,0,Area ratio: ,0.95969, Area ratio Contribution: ,0,Perim diff: ,1.04251, Perim diff Contribution: ,0,Frontier diff: ,0, Frontier diff Contribution ,0,Inverse Area ratio: ,0.943729, Inv Area Ratio Contribution: ,0,Inverse Perim ratio: ,1.06494, Inv Perim Contribution: ,0, Final Score: ,-184.848
Point: ,24,194,Repeat score:,1, Repeat contribution: ,-1,Dist:,33.4215, Dist contribution: ,-167.108, New scanned ratio: ,0.0115101, New Scanned Cells Contribution: ,0,Area ratio: ,0.959429, Area ratio Contribution: ,0,Perim diff: ,1.03907, Perim diff Contribution: ,0,Frontier diff: ,0, Frontier diff Contribution ,0,Inverse Area ratio: ,0.943698, Inv Area Ratio Contribution: ,0,Inverse Perim ratio: ,1.06302, Inv Perim Contribution: ,0, Final Score: ,-168.108
Point: ,23,195,Repeat score:,1, Repeat contribution: ,-1,Dist:,33.8421, Dist contribution: ,-169.211, New scanned ratio: ,0.0122004, New Scanned Cells Contribution: ,0,Area ratio: ,0.957654, Area ratio Contribution: ,0,Perim diff: ,1.03932, Perim diff Contribution: ,0,Frontier diff: ,0, Frontier diff Contribution ,0,Inverse Area ratio: ,0.942494, Inv Area Ratio Contribution: ,0,Inverse Perim ratio: ,1.06538, Inv Perim Contribution: ,0, Final Score: ,-170.211
Point: ,22,194,Repeat score:,1, Repeat contribution: ,-1,Dist:,32.2025, Dist contribution: ,-161.012, New scanned ratio: ,0.0115101, New Scanned Cells Contribution: ,0,Area ratio: ,0.959294, Area ratio Contribution: ,0,Perim diff: ,1.03797, Perim diff Contribution: ,0,Frontier diff: ,0, Frontier diff Contribution ,0,Inverse Area ratio: ,0.943714, Inv Area Ratio Contribution: ,0,Inverse Perim ratio: ,1.06294, Inv Perim Contribution: ,0, Final Score: ,-162.012
Point: ,17,194,Repeat score:,1, Repeat contribution: ,-1,Dist:,29.5296, Dist contribution: ,-147.648, New scanned ratio: ,0.0112168, New Scanned Cells Contribution: ,0,Area ratio: ,0.958624, Area ratio Contribution: ,0,Perim diff: ,1.03767, Perim diff Contribution: ,0,Frontier diff: ,0, Frontier diff Contribution ,0,Inverse Area ratio: ,0.951718, Inv Area Ratio Contribution: ,0,Inverse Perim ratio: ,1.05302, Inv Perim Contribution: ,0, Final Score: ,-148.648
Point: ,14,192,Repeat score:,1, Repeat contribution: ,-1,Dist:,25.8565, Dist contribution: ,-129.283, New scanned ratio: ,0.00931854, New Scanned Cells Contribution: ,0,Area ratio: ,0.961663, Area ratio Contribution: ,0,Perim diff: ,1.03785, Perim diff Contribution: ,0,Frontier diff: ,0, Frontier diff Contribution ,0,Inverse Area ratio: ,0.954615, Inv Area Ratio Contribution: ,0,Inverse Perim ratio: ,1.04894, Inv Perim Contribution: ,0, Final Score: ,-130.283
Point: ,12,192,Repeat score:,1, Repeat contribution: ,-1,Dist:,25.0711, Dist contribution: ,-125.355, New scanned ratio: ,0.00878359, New Scanned Cells Contribution: ,0,Area ratio: ,0.961309, Area ratio Contribution: ,0,Perim diff: ,1.03828, Perim diff Contribution: ,0,Frontier diff: ,0, Frontier diff Contribution ,0,Inverse Area ratio: ,0.953605, Inv Area Ratio Contribution: ,0,Inverse Perim ratio: ,1.04691, Inv Perim Contribution: ,0, Final Score: ,-126.355
Point: ,9,194,Repeat score:,1, Repeat contribution: ,-1,Dist:,26.6833, Dist contribution: ,-133.417, New scanned ratio: ,0.00895615, New Scanned Cells Contribution: ,0,Area ratio: ,0.95709, Area ratio Contribution: ,0,Perim diff: ,1.03917, Perim diff Contribution: ,0,Frontier diff: ,0, Frontier diff Contribution ,0,Inverse Area ratio: ,0.954372, Inv Area Ratio Contribution: ,0,Inverse Perim ratio: ,1.04632, Inv Perim Contribution: ,0, Final Score: ,-134.417
Point: ,4,194,Repeat score:,1, Repeat contribution: ,-1,Dist:,26.0192, Dist contribution: ,-130.096, New scanned ratio: ,0.00729952, New Scanned Cells Contribution: ,0,Area ratio: ,0.956263, Area ratio Contribution: ,0,Perim diff: ,1.03868, Perim diff Contribution: ,0,Frontier diff: ,0, Frontier diff Contribution ,0,Inverse Area ratio: ,0.957067, Inv Area Ratio Contribution: ,0,Inverse Perim ratio: ,1.0431, Inv Perim Contribution: ,0, Final Score: ,-131.096
Point: ,3,195,Repeat score:,1, Repeat contribution: ,-1,Dist:,27.3, Dist contribution: ,-136.5, New scanned ratio: ,0.00736855, New Scanned Cells Contribution: ,0,Area ratio: ,0.954224, Area ratio Contribution: ,0,Perim diff: ,1.0393, Perim diff Contribution: ,0,Frontier diff: ,0, Frontier diff Contribution ,0,Inverse Area ratio: ,0.956989, Inv Area Ratio Contribution: ,0,Inverse Perim ratio: ,1.04309, Inv Perim Contribution: ,0, Final Score: ,-137.5
Point: ,2,194,Repeat score:,1, Repeat contribution: ,-1,Dist:,26.0192, Dist contribution: ,-130.096, New scanned ratio: ,0.00662652, New Scanned Cells Contribution: ,0,Area ratio: ,0.955959, Area ratio Contribution: ,0,Perim diff: ,1.03817, Perim diff Contribution: ,0,Frontier diff: ,0, Frontier diff Contribution ,0,Inverse Area ratio: ,0.957705, Inv Area Ratio Contribution: ,0,Inverse Perim ratio: ,1.04233, Inv Perim Contribution: ,0, Final Score: ,-131.096
Point: ,0,194,Repeat score:,1, Repeat contribution: ,-1,Dist:,26.1725, Dist contribution: ,-130.863, New scanned ratio: ,0.00593625, New Scanned Cells Contribution: ,0,Area ratio: ,0.955621, Area ratio Contribution: ,0,Perim diff: ,1.03902, Perim diff Contribution: ,0,Frontier diff: ,0, Frontier diff Contribution ,0,Inverse Area ratio: ,0.958504, Inv Area Ratio Contribution: ,0,Inverse Perim ratio: ,1.0414, Inv Perim Contribution: ,0, Final Score: ,-131.863
BEST Point:,12,192, Score: ,-126.355
COUNT COMMAND: 1
Total frontiers: ,103, Prioritised frontiers: ,17
At: ,11,191,
Point: ,49,194,Repeat score:,1, Repeat contribution: ,-1,Dist:,38.1996, Dist contribution: ,-190.998, New scanned ratio: ,0.0113166, New Scanned Cells Contribution: ,0,Area ratio: ,0.96165, Area ratio Contribution: ,0,Perim diff: ,1.04726, Perim diff Contribution: ,0,Frontier diff: ,0, Frontier diff Contribution ,0,Inverse Area ratio: ,0.94558, Inv Area Ratio Contribution: ,0,Inverse Perim ratio: ,1.06161, Inv Perim Contribution: ,0, Final Score: ,-191.998
Point: ,44,194,Repeat score:,1, Repeat contribution: ,-1,Dist:,33.2297, Dist contribution: ,-166.148, New scanned ratio: ,0.0106317, New Scanned Cells Contribution: ,0,Area ratio: ,0.961784, Area ratio Contribution: ,0,Perim diff: ,1.04095, Perim diff Contribution: ,0,Frontier diff: ,0, Frontier diff Contribution ,0,Inverse Area ratio: ,0.948559, Inv Area Ratio Contribution: ,0,Inverse Perim ratio: ,1.05405, Inv Perim Contribution: ,0, Final Score: ,-167.148
Point: ,43,195,Repeat score:,1, Repeat contribution: ,-1,Dist:,32.4197, Dist contribution: ,-162.099, New scanned ratio: ,0.011094, New Scanned Cells Contribution: ,0,Area ratio: ,0.960216, Area ratio Contribution: ,0,Perim diff: ,1.04086, Perim diff Contribution: ,0,Frontier diff: ,0, Frontier diff Contribution ,0,Inverse Area ratio: ,0.947736, Inv Area Ratio Contribution: ,0,Inverse Perim ratio: ,1.05426, Inv Perim Contribution: ,0, Final Score: ,-163.099
Point: ,42,194,Repeat score:,1, Repeat contribution: ,-1,Dist:,31.2444, Dist contribution: ,-156.222, New scanned ratio: ,0.0102722, New Scanned Cells Contribution: ,0,Area ratio: ,0.961739, Area ratio Contribution: ,0,Perim diff: ,1.03948, Perim diff Contribution: ,0,Frontier diff: ,0, Frontier diff Contribution ,0,Inverse Area ratio: ,0.949242, Inv Area Ratio Contribution: ,0,Inverse Perim ratio: ,1.05208, Inv Perim Contribution: ,0, Final Score: ,-157.222
Point: ,37,194,Repeat score:,1, Repeat contribution: ,-1,Dist:,26.2909, Dist contribution: ,-131.454, New scanned ratio: ,0.00914227, New Scanned Cells Contribution: ,0,Area ratio: ,0.961381, Area ratio Contribution: ,0,Perim diff: ,1.03899, Perim diff Contribution: ,0,Frontier diff: ,0, Frontier diff Contribution ,0,Inverse Area ratio: ,0.950142, Inv Area Ratio Contribution: ,0,Inverse Perim ratio: ,1.05135, Inv Perim Contribution: ,0, Final Score: ,-132.454
Point: ,34,192,Repeat score:,1, Repeat contribution: ,-1,Dist:,23.0367, Dist contribution: ,-115.184, New scanned ratio: ,0.00720767, New Scanned Cells Contribution: ,0,Area ratio: ,0.964263, Area ratio Contribution: ,0,Perim diff: ,1.03798, Perim diff Contribution: ,0,Frontier diff: ,0, Frontier diff Contribution ,0,Inverse Area ratio: ,0.951686, Inv Area Ratio Contribution: ,0,Inverse Perim ratio: ,1.04934, Inv Perim Contribution: ,0, Final Score: ,-116.184
Point: ,32,192,Repeat score:,1, Repeat contribution: ,-1,Dist:,21.0402, Dist contribution: ,-105.201, New scanned ratio: ,0.00662558, New Scanned Cells Contribution: ,0,Area ratio: ,0.964045, Area ratio Contribution: ,0,Perim diff: ,1.03834, Perim diff Contribution: ,0,Frontier diff: ,0, Frontier diff Contribution ,0,Inverse Area ratio: ,0.94943, Inv Area Ratio Contribution: ,0,Inverse Perim ratio: ,1.04939, Inv Perim Contribution: ,0, Final Score: ,-106.201
Point: ,31,193,Repeat score:,1, Repeat contribution: ,-1,Dist:,20.1683, Dist contribution: ,-100.841, New scanned ratio: ,0.00688238, New Scanned Cells Contribution: ,0,Area ratio: ,0.962231, Area ratio Contribution: ,0,Perim diff: ,1.03902, Perim diff Contribution: ,0,Frontier diff: ,0, Frontier diff Contribution ,0,Inverse Area ratio: ,0.948692, Inv Area Ratio Contribution: ,0,Inverse Perim ratio: ,1.05045, Inv Perim Contribution: ,0, Final Score: ,-101.841
Point: ,31,197,Repeat score:,1, Repeat contribution: ,-1,Dist:,21.4672, Dist contribution: ,-107.336, New scanned ratio: ,0.00914227, New Scanned Cells Contribution: ,0,Area ratio: ,0.955571, Area ratio Contribution: ,0,Perim diff: ,1.04362, Perim diff Contribution: ,0,Frontier diff: ,0, Frontier diff Contribution ,0,Inverse Area ratio: ,0.9445, Inv Area Ratio Contribution: ,0,Inverse Perim ratio: ,1.05754, Inv Perim Contribution: ,0, Final Score: ,-108.336
Point: ,28,203,Repeat score:,1, Repeat contribution: ,-1,Dist:,23.0729, Dist contribution: ,-115.365, New scanned ratio: ,0.0119158, New Scanned Cells Contribution: ,0,Area ratio: ,0.94512, Area ratio Contribution: ,0,Perim diff: ,1.05021, Perim diff Contribution: ,0,Frontier diff: ,0, Frontier diff Contribution ,0,Inverse Area ratio: ,0.939337, Inv Area Ratio Contribution: ,0,Inverse Perim ratio: ,1.07029, Inv Perim Contribution: ,0, Final Score: ,-116.365
Point: ,23,208,Repeat score:,1, Repeat contribution: ,-1,Dist:,25.1478, Dist contribution: ,-125.739, New scanned ratio: ,0.0135251, New Scanned Cells Contribution: ,0,Area ratio: ,0.935693, Area ratio Contribution: ,0,Perim diff: ,1.05849, Perim diff Contribution: ,0,Frontier diff: ,0, Frontier diff Contribution ,0,Inverse Area ratio: ,0.934449, Inv Area Ratio Contribution: ,0,Inverse Perim ratio: ,1.08831, Inv Perim Contribution: ,0, Final Score: ,-126.739
Point: ,17,211,Repeat score:,1, Repeat contribution: ,-1,Dist:,26.6833, Dist contribution: ,-133.417, New scanned ratio: ,0.0131827, New Scanned Cells Contribution: ,0,Area ratio: ,0.928813, Area ratio Contribution: ,0,Perim diff: ,1.0631, Perim diff Contribution: ,0,Frontier diff: ,0, Frontier diff Contribution ,0,Inverse Area ratio: ,0.936898, Inv Area Ratio Contribution: ,0,Inverse Perim ratio: ,1.07623, Inv Perim Contribution: ,0, Final Score: ,-134.417
Point: ,12,211,Repeat score:,1, Repeat contribution: ,-1,Dist:,26.0192, Dist contribution: ,-130.096, New scanned ratio: ,0.0109228, New Scanned Cells Contribution: ,0,Area ratio: ,0.927639, Area ratio Contribution: ,0,Perim diff: ,1.05753, Perim diff Contribution: ,0,Frontier diff: ,0, Frontier diff Contribution ,0,Inverse Area ratio: ,0.943932, Inv Area Ratio Contribution: ,0,Inverse Perim ratio: ,1.06026, Inv Perim Contribution: ,0, Final Score: ,-131.096
Point: ,11,212,Repeat score:,1, Repeat contribution: ,-1,Dist:,27.3, Dist contribution: ,-136.5, New scanned ratio: ,0.010957, New Scanned Cells Contribution: ,0,Area ratio: ,0.925732, Area ratio Contribution: ,0,Perim diff: ,1.05711, Perim diff Contribution: ,0,Frontier diff: ,0, Frontier diff Contribution ,0,Inverse Area ratio: ,0.944384, Inv Area Ratio Contribution: ,0,Inverse Perim ratio: ,1.05921, Inv Perim Contribution: ,0, Final Score: ,-137.5
Point: ,10,211,Repeat score:,1, Repeat contribution: ,-1,Dist:,26.0192, Dist contribution: ,-130.096, New scanned ratio: ,0.0100154, New Scanned Cells Contribution: ,0,Area ratio: ,0.92727, Area ratio Contribution: ,0,Perim diff: ,1.05554, Perim diff Contribution: ,0,Frontier diff: ,0, Frontier diff Contribution ,0,Inverse Area ratio: ,0.946085, Inv Area Ratio Contribution: ,0,Inverse Perim ratio: ,1.05654, Inv Perim Contribution: ,0, Final Score: ,-131.096
Point: ,5,211,Repeat score:,1, Repeat contribution: ,-1,Dist:,26.6833, Dist contribution: ,-133.417, New scanned ratio: ,0.00785824, New Scanned Cells Contribution: ,0,Area ratio: ,0.926611, Area ratio Contribution: ,0,Perim diff: ,1.05108, Perim diff Contribution: ,0,Frontier diff: ,0, Frontier diff Contribution ,0,Inverse Area ratio: ,0.950986, Inv Area Ratio Contribution: ,0,Inverse Perim ratio: ,1.04845, Inv Perim Contribution: ,0, Final Score: ,-134.417
Point: ,0,208,Repeat score:,1, Repeat contribution: ,-1,Dist:,24.6862, Dist contribution: ,-123.431, New scanned ratio: ,0.00486218, New Scanned Cells Contribution: ,0,Area ratio: ,0.931596, Area ratio Contribution: ,0,Perim diff: ,1.04548, Perim diff Contribution: ,0,Frontier diff: ,0, Frontier diff Contribution ,0,Inverse Area ratio: ,0.955548, Inv Area Ratio Contribution: ,0,Inverse Perim ratio: ,1.04251, Inv Perim Contribution: ,0, Final Score: ,-124.431
BEST Point:,31,193, Score: ,-101.841
COUNT COMMAND: 1
Total frontiers: ,103, Prioritised frontiers: ,24
At: ,30,192,
Point: ,69,194,Repeat score:,1, Repeat contribution: ,-1,Dist:,39.0866, Dist contribution: ,-195.433, New scanned ratio: ,0.0113335, New Scanned Cells Contribution: ,0,Area ratio: ,0.964552, Area ratio Contribution: ,0,Perim diff: ,1.04899, Perim diff Contribution: ,0,Frontier diff: ,0, Frontier diff Contribution ,0,Inverse Area ratio: ,0.942178, Inv Area Ratio Contribution: ,0,Inverse Perim ratio: ,1.06458, Inv Perim Contribution: ,0, Final Score: ,-196.433
Point: ,64,194,Repeat score:,1, Repeat contribution: ,-1,Dist:,34.0993, Dist contribution: ,-170.496, New scanned ratio: ,0.0107038, New Scanned Cells Contribution: ,0,Area ratio: ,0.96472, Area ratio Contribution: ,0,Perim diff: ,1.04113, Perim diff Contribution: ,0,Frontier diff: ,0, Frontier diff Contribution ,0,Inverse Area ratio: ,0.944061, Inv Area Ratio Contribution: ,0,Inverse Perim ratio: ,1.05481, Inv Perim Contribution: ,0, Final Score: ,-171.496
Point: ,63,195,Repeat score:,1, Repeat contribution: ,-1,Dist:,33.2297, Dist contribution: ,-166.148, New scanned ratio: ,0.0111633, New Scanned Cells Contribution: ,0,Area ratio: ,0.963159, Area ratio Contribution: ,0,Perim diff: ,1.04132, Perim diff Contribution: ,0,Frontier diff: ,0, Frontier diff Contribution ,0,Inverse Area ratio: ,0.943217, Inv Area Ratio Contribution: ,0,Inverse Perim ratio: ,1.05532, Inv Perim Contribution: ,0, Final Score: ,-167.148
Point: ,62,194,Repeat score:,1, Repeat contribution: ,-1,Dist:,32.1055, Dist contribution: ,-160.527, New scanned ratio: ,0.0103465, New Scanned Cells Contribution: ,0,Area ratio: ,0.964677, Area ratio Contribution: ,0,Perim diff: ,1.03967, Perim diff Contribution: ,0,Frontier diff: ,0, Frontier diff Contribution ,0,Inverse Area ratio: ,0.944749, Inv Area Ratio Contribution: ,0,Inverse Perim ratio: ,1.05283, Inv Perim Contribution: ,0, Final Score: ,-161.527
Point: ,57,194,Repeat score:,1, Repeat contribution: ,-1,Dist:,27.1249, Dist contribution: ,-135.624, New scanned ratio: ,0.00922333, New Scanned Cells Contribution: ,0,Area ratio: ,0.964321, Area ratio Contribution: ,0,Perim diff: ,1.03837, Perim diff Contribution: ,0,Frontier diff: ,0, Frontier diff Contribution ,0,Inverse Area ratio: ,0.946253, Inv Area Ratio Contribution: ,0,Inverse Perim ratio: ,1.05113, Inv Perim Contribution: ,0, Final Score: ,-136.624
Point: ,54,192,Repeat score:,1, Repeat contribution: ,-1,Dist:,24, Dist contribution: ,-120, New scanned ratio: ,0.00728337, New Scanned Cells Contribution: ,0,Area ratio: ,0.967002, Area ratio Contribution: ,0,Perim diff: ,1.03794, Perim diff Contribution: ,0,Frontier diff: ,0, Frontier diff Contribution ,0,Inverse Area ratio: ,0.947552, Inv Area Ratio Contribution: ,0,Inverse Perim ratio: ,1.05007, Inv Perim Contribution: ,0, Final Score: ,-121
Point: ,52,192,Repeat score:,1, Repeat contribution: ,-1,Dist:,22, Dist contribution: ,-110, New scanned ratio: ,0.00670479, New Scanned Cells Contribution: ,0,Area ratio: ,0.966777, Area ratio Contribution: ,0,Perim diff: ,1.03842, Perim diff Contribution: ,0,Frontier diff: ,0, Frontier diff Contribution ,0,Inverse Area ratio: ,0.945031, Inv Area Ratio Contribution: ,0,Inverse Perim ratio: ,1.05041, Inv Perim Contribution: ,0, Final Score: ,-111
Point: ,50,193,Repeat score:,1, Repeat contribution: ,-1,Dist:,20.0422, Dist contribution: ,-100.211, New scanned ratio: ,0.00665373, New Scanned Cells Contribution: ,0,Area ratio: ,0.965017, Area ratio Contribution: ,0,Perim diff: ,1.03863, Perim diff Contribution: ,0,Frontier diff: ,0, Frontier diff Contribution ,0,Inverse Area ratio: ,0.944818, Inv Area Ratio Contribution: ,0,Inverse Perim ratio: ,1.05078, Inv Perim Contribution: ,0, Final Score: ,-101.211
Point: ,50,198,Repeat score:,1, Repeat contribution: ,-1,Dist:,21.4672, Dist contribution: ,-107.336, New scanned ratio: ,0.00942754, New Scanned Cells Contribution: ,0,Area ratio: ,0.95693, Area ratio Contribution: ,0,Perim diff: ,1.04425, Perim diff Contribution: ,0,Frontier diff: ,0, Frontier diff Contribution ,0,Inverse Area ratio: ,0.939633, Inv Area Ratio Contribution: ,0,Inverse Perim ratio: ,1.05916, Inv Perim Contribution: ,0, Final Score: ,-108.336
Point: ,47,204,Repeat score:,1, Repeat contribution: ,-1,Dist:,23.0729, Dist contribution: ,-115.365, New scanned ratio: ,0.0121163, New Scanned Cells Contribution: ,0,Area ratio: ,0.946714, Area ratio Contribution: ,0,Perim diff: ,1.05227, Perim diff Contribution: ,0,Frontier diff: ,0, Frontier diff Contribution ,0,Inverse Area ratio: ,0.934511, Inv Area Ratio Contribution: ,0,Inverse Perim ratio: ,1.07198, Inv Perim Contribution: ,0, Final Score: ,-116.365
Point: ,42,209,Repeat score:,1, Repeat contribution: ,-1,Dist:,25.1478, Dist contribution: ,-125.739, New scanned ratio: ,0.0134947, New Scanned Cells Contribution: ,0,Area ratio: ,0.937796, Area ratio Contribution: ,0,Perim diff: ,1.06775, Perim diff Contribution: ,0,Frontier diff: ,0, Frontier diff Contribution ,0,Inverse Area ratio: ,0.925347, Inv Area Ratio Contribution: ,0,Inverse Perim ratio: ,1.10055, Inv Perim Contribution: ,0, Final Score: ,-126.739
Point: ,36,212,Repeat score:,1, Repeat contribution: ,-1,Dist:,26.6833, Dist contribution: ,-133.417, New scanned ratio: ,0.0134266, New Scanned Cells Contribution: ,0,Area ratio: ,0.931595, Area ratio Contribution: ,0,Perim diff: ,1.06937, Perim diff Contribution: ,0,Frontier diff: ,0, Frontier diff Contribution ,0,Inverse Area ratio: ,0.925173, Inv Area Ratio Contribution: ,0,Inverse Perim ratio: ,1.10116, Inv Perim Contribution: ,0, Final Score: ,-134.417
Point: ,31,212,Repeat score:,1, Repeat contribution: ,-1,Dist:,26.0192, Dist contribution: ,-130.096, New scanned ratio: ,0.0124396, New Scanned Cells Contribution: ,0,Area ratio: ,0.931049, Area ratio Contribution: ,0,Perim diff: ,1.05996, Perim diff Contribution: ,0,Frontier diff: ,0, Frontier diff Contribution ,0,Inverse Area ratio: ,0.927115, Inv Area Ratio Contribution: ,0,Inverse Perim ratio: ,1.09131, Inv Perim Contribution: ,0, Final Score: ,-131.096
Point: ,30,213,Repeat score:,1, Repeat contribution: ,-1,Dist:,27.3, Dist contribution: ,-136.5, New scanned ratio: ,0.0128991, New Scanned Cells Contribution: ,0,Area ratio: ,0.929326, Area ratio Contribution: ,0,Perim diff: ,1.06084, Perim diff Contribution: ,0,Frontier diff: ,0, Frontier diff Contribution ,0,Inverse Area ratio: ,0.926221, Inv Area Ratio Contribution: ,0,Inverse Perim ratio: ,1.09403, Inv Perim Contribution: ,0, Final Score: ,-137.5
Point: ,29,212,Repeat score:,1, Repeat contribution: ,-1,Dist:,26.0192, Dist contribution: ,-130.096, New scanned ratio: ,0.0121333, New Scanned Cells Contribution: ,0,Area ratio: ,0.930876, Area ratio Contribution: ,0,Perim diff: ,1.05886, Perim diff Contribution: ,0,Frontier diff: ,0, Frontier diff Contribution ,0,Inverse Area ratio: ,0.92767, Inv Area Ratio Contribution: ,0,Inverse Perim ratio: ,1.0908, Inv Perim Contribution: ,0, Final Score: ,-131.096
Point: ,24,212,Repeat score:,1, Repeat contribution: ,-1,Dist:,26.6833, Dist contribution: ,-133.417, New scanned ratio: ,0.0116738, New Scanned Cells Contribution: ,0,Area ratio: ,0.930748, Area ratio Contribution: ,0,Perim diff: ,1.05236, Perim diff Contribution: ,0,Frontier diff: ,0, Frontier diff Contribution ,0,Inverse Area ratio: ,0.928533, Inv Area Ratio Contribution: ,0,Inverse Perim ratio: ,1.08581, Inv Perim Contribution: ,0, Final Score: ,-134.417
Point: ,21,210,Repeat score:,1, Repeat contribution: ,-1,Dist:,25.0711, Dist contribution: ,-125.355, New scanned ratio: ,0.0102954, New Scanned Cells Contribution: ,0,Area ratio: ,0.933984, Area ratio Contribution: ,0,Perim diff: ,1.04842, Perim diff Contribution: ,0,Frontier diff: ,0, Frontier diff Contribution ,0,Inverse Area ratio: ,0.931091, Inv Area Ratio Contribution: ,0,Inverse Perim ratio: ,1.08078, Inv Perim Contribution: ,0, Final Score: ,-126.355
Point: ,18,210,Repeat score:,1, Repeat contribution: ,-1,Dist:,26.2975, Dist contribution: ,-131.488, New scanned ratio: ,0.0102103, New Scanned Cells Contribution: ,0,Area ratio: ,0.933984, Area ratio Contribution: ,0,Perim diff: ,1.04485, Perim diff Contribution: ,0,Frontier diff: ,0, Frontier diff Contribution ,0,Inverse Area ratio: ,0.939841, Inv Area Ratio Contribution: ,0,Inverse Perim ratio: ,1.06102, Inv Perim Contribution: ,0, Final Score: ,-132.488
Point: ,17,211,Repeat score:,1, Repeat contribution: ,-1,Dist:,27.9122, Dist contribution: ,-139.561, New scanned ratio: ,0.0107208, New Scanned Cells Contribution: ,0,Area ratio: ,0.932336, Area ratio Contribution: ,0,Perim diff: ,1.04505, Perim diff Contribution: ,0,Frontier diff: ,0, Frontier diff Contribution ,0,Inverse Area ratio: ,0.941197, Inv Area Ratio Contribution: ,0,Inverse Perim ratio: ,1.05852, Inv Perim Contribution: ,0, Final Score: ,-140.561
Point: ,12,211,Repeat score:,1, Repeat contribution: ,-1,Dist:,30.5629, Dist contribution: ,-152.814, New scanned ratio: ,0.00961473, New Scanned Cells Contribution: ,0,Area ratio: ,0.932235, Area ratio Contribution: ,0,Perim diff: ,1.04469, Perim diff Contribution: ,0,Frontier diff: ,0, Frontier diff Contribution ,0,Inverse Area ratio: ,0.947716, Inv Area Ratio Contribution: ,0,Inverse Perim ratio: ,1.05044, Inv Perim Contribution: ,0, Final Score: ,-153.814
Point: ,11,212,Repeat score:,1, Repeat contribution: ,-1,Dist:,32.2025, Dist contribution: ,-161.012, New scanned ratio: ,0.00988701, New Scanned Cells Contribution: ,0,Area ratio: ,0.93054, Area ratio Contribution: ,0,Perim diff: ,1.04491, Perim diff Contribution: ,0,Frontier diff: ,0, Frontier diff Contribution ,0,Inverse Area ratio: ,0.94802, Inv Area Ratio Contribution: ,0,Inverse Perim ratio: ,1.05041, Inv Perim Contribution: ,0, Final Score: ,-162.012
Point: ,10,211,Repeat score:,1, Repeat contribution: ,-1,Dist:,31.7819, Dist contribution: ,-158.91, New scanned ratio: ,0.0090872, New Scanned Cells Contribution: ,0,Area ratio: ,0.932209, Area ratio Contribution: ,0,Perim diff: ,1.0441, Perim diff Contribution: ,0,Frontier diff: ,0, Frontier diff Contribution ,0,Inverse Area ratio: ,0.949477, Inv Area Ratio Contribution: ,0,Inverse Perim ratio: ,1.0487, Inv Perim Contribution: ,0, Final Score: ,-159.91
Point: ,5,211,Repeat score:,1, Repeat contribution: ,-1,Dist:,35.1438, Dist contribution: ,-175.719, New scanned ratio: ,0.00757266, New Scanned Cells Contribution: ,0,Area ratio: ,0.932073, Area ratio Contribution: ,0,Perim diff: ,1.04545, Perim diff Contribution: ,0,Frontier diff: ,0, Frontier diff Contribution ,0,Inverse Area ratio: ,0.953808, Inv Area Ratio Contribution: ,0,Inverse Perim ratio: ,1.04844, Inv Perim Contribution: ,0, Final Score: ,-176.719
Point: ,0,208,Repeat score:,1, Repeat contribution: ,-1,Dist:,36.5053, Dist contribution: ,-182.527, New scanned ratio: ,0.00483289, New Scanned Cells Contribution: ,0,Area ratio: ,0.937288, Area ratio Contribution: ,0,Perim diff: ,1.04517, Perim diff Contribution: ,0,Frontier diff: ,0, Frontier diff Contribution ,0,Inverse Area ratio: ,0.95386, Inv Area Ratio Contribution: ,0,Inverse Perim ratio: ,1.04809, Inv Perim Contribution: ,0, Final Score: ,-183.527
BEST Point:,50,193, Score: ,-101.211
COUNT COMMAND: 1
Total frontiers: ,102, Prioritised frontiers: ,24
At: ,49,192,
Point: ,84,194,Repeat score:,1, Repeat contribution: ,-1,Dist:,35.0964, Dist contribution: ,-175.482, New scanned ratio: ,0.0107938, New Scanned Cells Contribution: ,0,Area ratio: ,0.967381, Area ratio Contribution: ,0,Perim diff: ,1.04339, Perim diff Contribution: ,0,Frontier diff: ,0, Frontier diff Contribution ,0,Inverse Area ratio: ,0.939719, Inv Area Ratio Contribution: ,0,Inverse Perim ratio: ,1.05815, Inv Perim Contribution: ,0, Final Score: ,-176.482
Point: ,83,195,Repeat score:,1, Repeat contribution: ,-1,Dist:,34.2229, Dist contribution: ,-171.115, New scanned ratio: ,0.0112844, New Scanned Cells Contribution: ,0,Area ratio: ,0.965953, Area ratio Contribution: ,0,Perim diff: ,1.04185, Perim diff Contribution: ,0,Frontier diff: ,0, Frontier diff Contribution ,0,Inverse Area ratio: ,0.938822, Inv Area Ratio Contribution: ,0,Inverse Perim ratio: ,1.05626, Inv Perim Contribution: ,0, Final Score: ,-172.115
Point: ,82,194,Repeat score:,1, Repeat contribution: ,-1,Dist:,33.1023, Dist contribution: ,-165.511, New scanned ratio: ,0.0104724, New Scanned Cells Contribution: ,0,Area ratio: ,0.967387, Area ratio Contribution: ,0,Perim diff: ,1.04069, Perim diff Contribution: ,0,Frontier diff: ,0, Frontier diff Contribution ,0,Inverse Area ratio: ,0.940365, Inv Area Ratio Contribution: ,0,Inverse Perim ratio: ,1.05472, Inv Perim Contribution: ,0, Final Score: ,-166.511
Point: ,77,194,Repeat score:,1, Repeat contribution: ,-1,Dist:,28.1205, Dist contribution: ,-140.602, New scanned ratio: ,0.00940651, New Scanned Cells Contribution: ,0,Area ratio: ,0.967123, Area ratio Contribution: ,0,Perim diff: ,1.0388, Perim diff Contribution: ,0,Frontier diff: ,0, Frontier diff Contribution ,0,Inverse Area ratio: ,0.942396, Inv Area Ratio Contribution: ,0,Inverse Perim ratio: ,1.05208, Inv Perim Contribution: ,0, Final Score: ,-141.602
Point: ,74,192,Repeat score:,1, Repeat contribution: ,-1,Dist:,25, Dist contribution: ,-125, New scanned ratio: ,0.00749476, New Scanned Cells Contribution: ,0,Area ratio: ,0.969737, Area ratio Contribution: ,0,Perim diff: ,1.03771, Perim diff Contribution: ,0,Frontier diff: ,0, Frontier diff Contribution ,0,Inverse Area ratio: ,0.943388, Inv Area Ratio Contribution: ,0,Inverse Perim ratio: ,1.0503, Inv Perim Contribution: ,0, Final Score: ,-126
Point: ,72,192,Repeat score:,1, Repeat contribution: ,-1,Dist:,23, Dist contribution: ,-115, New scanned ratio: ,0.00691954, New Scanned Cells Contribution: ,0,Area ratio: ,0.969538, Area ratio Contribution: ,0,Perim diff: ,1.03808, Perim diff Contribution: ,0,Frontier diff: ,0, Frontier diff Contribution ,0,Inverse Area ratio: ,0.940522, Inv Area Ratio Contribution: ,0,Inverse Perim ratio: ,1.05055, Inv Perim Contribution: ,0, Final Score: ,-116
Point: ,69,194,Repeat score:,1, Repeat contribution: ,-1,Dist:,20.1683, Dist contribution: ,-100.841, New scanned ratio: ,0.00713947, New Scanned Cells Contribution: ,0,Area ratio: ,0.966156, Area ratio Contribution: ,0,Perim diff: ,1.03869, Perim diff Contribution: ,0,Frontier diff: ,0, Frontier diff Contribution ,0,Inverse Area ratio: ,0.939871, Inv Area Ratio Contribution: ,0,Inverse Perim ratio: ,1.05165, Inv Perim Contribution: ,0, Final Score: ,-101.841
Point: ,69,198,Repeat score:,1, Repeat contribution: ,-1,Dist:,21.4672, Dist contribution: ,-107.336, New scanned ratio: ,0.00937267, New Scanned Cells Contribution: ,0,Area ratio: ,0.959787, Area ratio Contribution: ,0,Perim diff: ,1.04359, Perim diff Contribution: ,0,Frontier diff: ,0, Frontier diff Contribution ,0,Inverse Area ratio: ,0.935603, Inv Area Ratio Contribution: ,0,Inverse Perim ratio: ,1.0587, Inv Perim Contribution: ,0, Final Score: ,-108.336
Point: ,66,204,Repeat score:,1, Repeat contribution: ,-1,Dist:,23.0729, Dist contribution: ,-115.365, New scanned ratio: ,0.0120457, New Scanned Cells Contribution: ,0,Area ratio: ,0.949789, Area ratio Contribution: ,0,Perim diff: ,1.05274, Perim diff Contribution: ,0,Frontier diff: ,0, Frontier diff Contribution ,0,Inverse Area ratio: ,0.930444, Inv Area Ratio Contribution: ,0,Inverse Perim ratio: ,1.0723, Inv Perim Contribution: ,0, Final Score: ,-116.365
Point: ,61,209,Repeat score:,1, Repeat contribution: ,-1,Dist:,25.1478, Dist contribution: ,-125.739, New scanned ratio: ,0.0133823, New Scanned Cells Contribution: ,0,Area ratio: ,0.940879, Area ratio Contribution: ,0,Perim diff: ,1.07381, Perim diff Contribution: ,0,Frontier diff: ,0, Frontier diff Contribution ,0,Inverse Area ratio: ,0.921006, Inv Area Ratio Contribution: ,0,Inverse Perim ratio: ,1.10137, Inv Perim Contribution: ,0, Final Score: ,-126.739
Point: ,55,212,Repeat score:,1, Repeat contribution: ,-1,Dist:,26.6833, Dist contribution: ,-133.417, New scanned ratio: ,0.0132977, New Scanned Cells Contribution: ,0,Area ratio: ,0.935067, Area ratio Contribution: ,0,Perim diff: ,1.0691, Perim diff Contribution: ,0,Frontier diff: ,0, Frontier diff Contribution ,0,Inverse Area ratio: ,0.921224, Inv Area Ratio Contribution: ,0,Inverse Perim ratio: ,1.09802, Inv Perim Contribution: ,0, Final Score: ,-134.417
Point: ,50,212,Repeat score:,1, Repeat contribution: ,-1,Dist:,26.0192, Dist contribution: ,-130.096, New scanned ratio: ,0.0122149, New Scanned Cells Contribution: ,0,Area ratio: ,0.934708, Area ratio Contribution: ,0,Perim diff: ,1.06226, Perim diff Contribution: ,0,Frontier diff: ,0, Frontier diff Contribution ,0,Inverse Area ratio: ,0.923335, Inv Area Ratio Contribution: ,0,Inverse Perim ratio: ,1.09014, Inv Perim Contribution: ,0, Final Score: ,-131.096
Point: ,49,213,Repeat score:,1, Repeat contribution: ,-1,Dist:,27.3, Dist contribution: ,-136.5, New scanned ratio: ,0.0126717, New Scanned Cells Contribution: ,0,Area ratio: ,0.933015, Area ratio Contribution: ,0,Perim diff: ,1.06361, Perim diff Contribution: ,0,Frontier diff: ,0, Frontier diff Contribution ,0,Inverse Area ratio: ,0.922466, Inv Area Ratio Contribution: ,0,Inverse Perim ratio: ,1.09286, Inv Perim Contribution: ,0, Final Score: ,-137.5
Point: ,48,212,Repeat score:,1, Repeat contribution: ,-1,Dist:,26.0192, Dist contribution: ,-130.096, New scanned ratio: ,0.0118935, New Scanned Cells Contribution: ,0,Area ratio: ,0.93466, Area ratio Contribution: ,0,Perim diff: ,1.06002, Perim diff Contribution: ,0,Frontier diff: ,0, Frontier diff Contribution ,0,Inverse Area ratio: ,0.923956, Inv Area Ratio Contribution: ,0,Inverse Perim ratio: ,1.08765, Inv Perim Contribution: ,0, Final Score: ,-131.096
Point: ,43,212,Repeat score:,1, Repeat contribution: ,-1,Dist:,26.6833, Dist contribution: ,-133.417, New scanned ratio: ,0.0113521, New Scanned Cells Contribution: ,0,Area ratio: ,0.934704, Area ratio Contribution: ,0,Perim diff: ,1.0568, Perim diff Contribution: ,0,Frontier diff: ,0, Frontier diff Contribution ,0,Inverse Area ratio: ,0.924965, Inv Area Ratio Contribution: ,0,Inverse Perim ratio: ,1.08462, Inv Perim Contribution: ,0, Final Score: ,-134.417
Point: ,40,210,Repeat score:,1, Repeat contribution: ,-1,Dist:,25.0711, Dist contribution: ,-125.355, New scanned ratio: ,0.00993097, New Scanned Cells Contribution: ,0,Area ratio: ,0.93805, Area ratio Contribution: ,0,Perim diff: ,1.05169, Perim diff Contribution: ,0,Frontier diff: ,0, Frontier diff Contribution ,0,Inverse Area ratio: ,0.927635, Inv Area Ratio Contribution: ,0,Inverse Perim ratio: ,1.07716, Inv Perim Contribution: ,0, Final Score: ,-126.355
Point: ,36,212,Repeat score:,1, Repeat contribution: ,-1,Dist:,29.0689, Dist contribution: ,-145.344, New scanned ratio: ,0.0112675, New Scanned Cells Contribution: ,0,Area ratio: ,0.935248, Area ratio Contribution: ,0,Perim diff: ,1.0519, Perim diff Contribution: ,0,Frontier diff: ,0, Frontier diff Contribution ,0,Inverse Area ratio: ,0.925166, Inv Area Ratio Contribution: ,0,Inverse Perim ratio: ,1.08035, Inv Perim Contribution: ,0, Final Score: ,-146.344
Point: ,31,212,Repeat score:,1, Repeat contribution: ,-1,Dist:,31.6228, Dist contribution: ,-158.114, New scanned ratio: ,0.0113521, New Scanned Cells Contribution: ,0,Area ratio: ,0.935697, Area ratio Contribution: ,0,Perim diff: ,1.04602, Perim diff Contribution: ,0,Frontier diff: ,0, Frontier diff Contribution ,0,Inverse Area ratio: ,0.925027, Inv Area Ratio Contribution: ,0,Inverse Perim ratio: ,1.07474, Inv Perim Contribution: ,0, Final Score: ,-159.114
Point: ,30,213,Repeat score:,1, Repeat contribution: ,-1,Dist:,33.2609, Dist contribution: ,-166.305, New scanned ratio: ,0.0120119, New Scanned Cells Contribution: ,0,Area ratio: ,0.934136, Area ratio Contribution: ,0,Perim diff: ,1.04953, Perim diff Contribution: ,0,Frontier diff: ,0, Frontier diff Contribution ,0,Inverse Area ratio: ,0.923723, Inv Area Ratio Contribution: ,0,Inverse Perim ratio: ,1.08074, Inv Perim Contribution: ,0, Final Score: ,-167.305
Point: ,29,212,Repeat score:,1, Repeat contribution: ,-1,Dist:,32.8024, Dist contribution: ,-164.012, New scanned ratio: ,0.011369, New Scanned Cells Contribution: ,0,Area ratio: ,0.935808, Area ratio Contribution: ,0,Perim diff: ,1.04691, Perim diff Contribution: ,0,Frontier diff: ,0, Frontier diff Contribution ,0,Inverse Area ratio: ,0.924965, Inv Area Ratio Contribution: ,0,Inverse Perim ratio: ,1.07672, Inv Perim Contribution: ,0, Final Score: ,-165.012
Point: ,24,212,Repeat score:,1, Repeat contribution: ,-1,Dist:,36.0694, Dist contribution: ,-180.347, New scanned ratio: ,0.0114705, New Scanned Cells Contribution: ,0,Area ratio: ,0.93614, Area ratio Contribution: ,0,Perim diff: ,1.04572, Perim diff Contribution: ,0,Frontier diff: ,0, Frontier diff Contribution ,0,Inverse Area ratio: ,0.924778, Inv Area Ratio Contribution: ,0,Inverse Perim ratio: ,1.07833, Inv Perim Contribution: ,0, Final Score: ,-181.347
Point: ,21,210,Repeat score:,1, Repeat contribution: ,-1,Dist:,36.4905, Dist contribution: ,-182.453, New scanned ratio: ,0.0102186, New Scanned Cells Contribution: ,0,Area ratio: ,0.939481, Area ratio Contribution: ,0,Perim diff: ,1.04492, Perim diff Contribution: ,0,Frontier diff: ,0, Frontier diff Contribution ,0,Inverse Area ratio: ,0.92706, Inv Area Ratio Contribution: ,0,Inverse Perim ratio: ,1.07701, Inv Perim Contribution: ,0, Final Score: ,-183.453
Point: ,18,210,Repeat score:,1, Repeat contribution: ,-1,Dist:,38.8402, Dist contribution: ,-194.201, New scanned ratio: ,0.0101509, New Scanned Cells Contribution: ,0,Area ratio: ,0.939498, Area ratio Contribution: ,0,Perim diff: ,1.04406, Perim diff Contribution: ,0,Frontier diff: ,0, Frontier diff Contribution ,0,Inverse Area ratio: ,0.939055, Inv Area Ratio Contribution: ,0,Inverse Perim ratio: ,1.06237, Inv Perim Contribution: ,0, Final Score: ,-195.201
Point: ,17,211,Repeat score:,1, Repeat contribution: ,-1,Dist:,40.4239, Dist contribution: ,-202.119, New scanned ratio: ,0.0106585, New Scanned Cells Contribution: ,0,Area ratio: ,0.937837, Area ratio Contribution: ,0,Perim diff: ,1.04426, Perim diff Contribution: ,0,Frontier diff: ,0, Frontier diff Contribution ,0,Inverse Area ratio: ,0.94137, Inv Area Ratio Contribution: ,0,Inverse Perim ratio: ,1.06019, Inv Perim Contribution: ,0, Final Score: ,-203.119
BEST Point:,69,194, Score: ,-101.841
COUNT COMMAND: 1
Total frontiers: ,102, Prioritised frontiers: ,24
At: ,68,193,
Point: ,104,194,Repeat score:,1, Repeat contribution: ,-1,Dist:,36.0235, Dist contribution: ,-180.117, New scanned ratio: ,0.0108436, New Scanned Cells Contribution: ,0,Area ratio: ,0.970408, Area ratio Contribution: ,0,Perim diff: ,1.0434, Perim diff Contribution: ,0,Frontier diff: ,0, Frontier diff Contribution ,0,Inverse Area ratio: ,0.934473, Inv Area Ratio Contribution: ,0,Inverse Perim ratio: ,1.05841, Inv Perim Contribution: ,0, Final Score: ,-181.117
Point: ,103,195,Repeat score:,1, Repeat contribution: ,-1,Dist:,35.0964, Dist contribution: ,-175.482, New scanned ratio: ,0.0113312, New Scanned Cells Contribution: ,0,Area ratio: ,0.969059, Area ratio Contribution: ,0,Perim diff: ,1.04369, Perim diff Contribution: ,0,Frontier diff: ,0, Frontier diff Contribution ,0,Inverse Area ratio: ,0.933569, Inv Area Ratio Contribution: ,0,Inverse Perim ratio: ,1.05914, Inv Perim Contribution: ,0, Final Score: ,-176.482
Point: ,102,194,Repeat score:,1, Repeat contribution: ,-1,Dist:,34.0248, Dist contribution: ,-170.124, New scanned ratio: ,0.010541, New Scanned Cells Contribution: ,0,Area ratio: ,0.970456, Area ratio Contribution: ,0,Perim diff: ,1.04079, Perim diff Contribution: ,0,Frontier diff: ,0, Frontier diff Contribution ,0,Inverse Area ratio: ,0.935108, Inv Area Ratio Contribution: ,0,Inverse Perim ratio: ,1.05521, Inv Perim Contribution: ,0, Final Score: ,-171.124
Point: ,97,194,Repeat score:,1, Repeat contribution: ,-1,Dist:,29.0291, Dist contribution: ,-145.146, New scanned ratio: ,0.00948186, New Scanned Cells Contribution: ,0,Area ratio: ,0.97022, Area ratio Contribution: ,0,Perim diff: ,1.03897, Perim diff Contribution: ,0,Frontier diff: ,0, Frontier diff Contribution ,0,Inverse Area ratio: ,0.937106, Inv Area Ratio Contribution: ,0,Inverse Perim ratio: ,1.05264, Inv Perim Contribution: ,0, Final Score: ,-146.146
Point: ,94,192,Repeat score:,1, Repeat contribution: ,-1,Dist:,26.0325, Dist contribution: ,-130.162, New scanned ratio: ,0.00758213, New Scanned Cells Contribution: ,0,Area ratio: ,0.972306, Area ratio Contribution: ,0,Perim diff: ,1.03762, Perim diff Contribution: ,0,Frontier diff: ,0, Frontier diff Contribution ,0,Inverse Area ratio: ,0.938464, Inv Area Ratio Contribution: ,0,Inverse Perim ratio: ,1.0506, Inv Perim Contribution: ,0, Final Score: ,-131.162
Point: ,92,192,Repeat score:,1, Repeat contribution: ,-1,Dist:,24.0352, Dist contribution: ,-120.176, New scanned ratio: ,0.00701052, New Scanned Cells Contribution: ,0,Area ratio: ,0.9721, Area ratio Contribution: ,0,Perim diff: ,1.0381, Perim diff Contribution: ,0,Frontier diff: ,0, Frontier diff Contribution ,0,Inverse Area ratio: ,0.93535, Inv Area Ratio Contribution: ,0,Inverse Perim ratio: ,1.05105, Inv Perim Contribution: ,0, Final Score: ,-121.176
Point: ,88,194,Repeat score:,1, Repeat contribution: ,-1,Dist:,20.0422, Dist contribution: ,-100.211, New scanned ratio: ,0.00690965, New Scanned Cells Contribution: ,0,Area ratio: ,0.969116, Area ratio Contribution: ,0,Perim diff: ,1.03815, Perim diff Contribution: ,0,Frontier diff: ,0, Frontier diff Contribution ,0,Inverse Area ratio: ,0.935216, Inv Area Ratio Contribution: ,0,Inverse Perim ratio: ,1.05137, Inv Perim Contribution: ,0, Final Score: ,-101.211
Point: ,88,199,Repeat score:,1, Repeat contribution: ,-1,Dist:,21.4672, Dist contribution: ,-107.336, New scanned ratio: ,0.00964998, New Scanned Cells Contribution: ,0,Area ratio: ,0.961227, Area ratio Contribution: ,0,Perim diff: ,1.04394, Perim diff Contribution: ,0,Frontier diff: ,0, Frontier diff Contribution ,0,Inverse Area ratio: ,0.929988, Inv Area Ratio Contribution: ,0,Inverse Perim ratio: ,1.05984, Inv Perim Contribution: ,0, Final Score: ,-108.336
Point: ,85,205,Repeat score:,1, Repeat contribution: ,-1,Dist:,23.0729, Dist contribution: ,-115.365, New scanned ratio: ,0.0122222, New Scanned Cells Contribution: ,0,Area ratio: ,0.951411, Area ratio Contribution: ,0,Perim diff: ,1.05278, Perim diff Contribution: ,0,Frontier diff: ,0, Frontier diff Contribution ,0,Inverse Area ratio: ,0.924933, Inv Area Ratio Contribution: ,0,Inverse Perim ratio: ,1.07633, Inv Perim Contribution: ,0, Final Score: ,-116.365
Point: ,80,210,Repeat score:,1, Repeat contribution: ,-1,Dist:,25.1478, Dist contribution: ,-125.739, New scanned ratio: ,0.0133318, New Scanned Cells Contribution: ,0,Area ratio: ,0.941933, Area ratio Contribution: ,0,Perim diff: ,1.07415, Perim diff Contribution: ,0,Frontier diff: ,0, Frontier diff Contribution ,0,Inverse Area ratio: ,0.915873, Inv Area Ratio Contribution: ,0,Inverse Perim ratio: ,1.10214, Inv Perim Contribution: ,0, Final Score: ,-126.739
Point: ,74,213,Repeat score:,1, Repeat contribution: ,-1,Dist:,26.6833, Dist contribution: ,-133.417, New scanned ratio: ,0.0132645, New Scanned Cells Contribution: ,0,Area ratio: ,0.936145, Area ratio Contribution: ,0,Perim diff: ,1.07277, Perim diff Contribution: ,0,Frontier diff: ,0, Frontier diff Contribution ,0,Inverse Area ratio: ,0.916014, Inv Area Ratio Contribution: ,0,Inverse Perim ratio: ,1.10243, Inv Perim Contribution: ,0, Final Score: ,-134.417
Point: ,69,213,Repeat score:,1, Repeat contribution: ,-1,Dist:,26.0192, Dist contribution: ,-130.096, New scanned ratio: ,0.0122894, New Scanned Cells Contribution: ,0,Area ratio: ,0.935956, Area ratio Contribution: ,0,Perim diff: ,1.06456, Perim diff Contribution: ,0,Frontier diff: ,0, Frontier diff Contribution ,0,Inverse Area ratio: ,0.917984, Inv Area Ratio Contribution: ,0,Inverse Perim ratio: ,1.09256, Inv Perim Contribution: ,0, Final Score: ,-131.096
Point: ,68,214,Repeat score:,1, Repeat contribution: ,-1,Dist:,27.3, Dist contribution: ,-136.5, New scanned ratio: ,0.0127434, New Scanned Cells Contribution: ,0,Area ratio: ,0.934343, Area ratio Contribution: ,0,Perim diff: ,1.06615, Perim diff Contribution: ,0,Frontier diff: ,0, Frontier diff Contribution ,0,Inverse Area ratio: ,0.917077, Inv Area Ratio Contribution: ,0,Inverse Perim ratio: ,1.09529, Inv Perim Contribution: ,0, Final Score: ,-137.5
Point: ,67,213,Repeat score:,1, Repeat contribution: ,-1,Dist:,26.0192, Dist contribution: ,-130.096, New scanned ratio: ,0.0119868, New Scanned Cells Contribution: ,0,Area ratio: ,0.935961, Area ratio Contribution: ,0,Perim diff: ,1.06409, Perim diff Contribution: ,0,Frontier diff: ,0, Frontier diff Contribution ,0,Inverse Area ratio: ,0.918547, Inv Area Ratio Contribution: ,0,Inverse Perim ratio: ,1.09206, Inv Perim Contribution: ,0, Final Score: ,-131.096
Point: ,62,213,Repeat score:,1, Repeat contribution: ,-1,Dist:,26.6833, Dist contribution: ,-133.417, New scanned ratio: ,0.0115329, New Scanned Cells Contribution: ,0,Area ratio: ,0.936298, Area ratio Contribution: ,0,Perim diff: ,1.05971, Perim diff Contribution: ,0,Frontier diff: ,0, Frontier diff Contribution ,0,Inverse Area ratio: ,0.919407, Inv Area Ratio Contribution: ,0,Inverse Perim ratio: ,1.08704, Inv Perim Contribution: ,0, Final Score: ,-134.417
Point: ,59,211,Repeat score:,1, Repeat contribution: ,-1,Dist:,25.0711, Dist contribution: ,-125.355, New scanned ratio: ,0.0101711, New Scanned Cells Contribution: ,0,Area ratio: ,0.939875, Area ratio Contribution: ,0,Perim diff: ,1.0537, Perim diff Contribution: ,0,Frontier diff: ,0, Frontier diff Contribution ,0,Inverse Area ratio: ,0.922049, Inv Area Ratio Contribution: ,0,Inverse Perim ratio: ,1.08195, Inv Perim Contribution: ,0, Final Score: ,-126.355
Point: ,56,211,Repeat score:,1, Repeat contribution: ,-1,Dist:,26.2975, Dist contribution: ,-131.488, New scanned ratio: ,0.0101711, New Scanned Cells Contribution: ,0,Area ratio: ,0.940282, Area ratio Contribution: ,0,Perim diff: ,1.05076, Perim diff Contribution: ,0,Frontier diff: ,0, Frontier diff Contribution ,0,Inverse Area ratio: ,0.92208, Inv Area Ratio Contribution: ,0,Inverse Perim ratio: ,1.07476, Inv Perim Contribution: ,0, Final Score: ,-132.488
Point: ,55,212,Repeat score:,1, Repeat contribution: ,-1,Dist:,27.9122, Dist contribution: ,-139.561, New scanned ratio: ,0.0108604, New Scanned Cells Contribution: ,0,Area ratio: ,0.938877, Area ratio Contribution: ,0,Perim diff: ,1.05089, Perim diff Contribution: ,0,Frontier diff: ,0, Frontier diff Contribution ,0,Inverse Area ratio: ,0.920829, Inv Area Ratio Contribution: ,0,Inverse Perim ratio: ,1.07592, Inv Perim Contribution: ,0, Final Score: ,-140.561
Point: ,50,212,Repeat score:,1, Repeat contribution: ,-1,Dist:,30.5629, Dist contribution: ,-152.814, New scanned ratio: ,0.0109109, New Scanned Cells Contribution: ,0,Area ratio: ,0.939584, Area ratio Contribution: ,0,Perim diff: ,1.04929, Perim diff Contribution: ,0,Frontier diff: ,0, Frontier diff Contribution ,0,Inverse Area ratio: ,0.920689, Inv Area Ratio Contribution: ,0,Inverse Perim ratio: ,1.07453, Inv Perim Contribution: ,0, Final Score: ,-153.814
Point: ,49,213,Repeat score:,1, Repeat contribution: ,-1,Dist:,32.2025, Dist contribution: ,-161.012, New scanned ratio: ,0.0116001, New Scanned Cells Contribution: ,0,Area ratio: ,0.938101, Area ratio Contribution: ,0,Perim diff: ,1.05129, Perim diff Contribution: ,0,Frontier diff: ,0, Frontier diff Contribution ,0,Inverse Area ratio: ,0.919375, Inv Area Ratio Contribution: ,0,Inverse Perim ratio: ,1.07805, Inv Perim Contribution: ,0, Final Score: ,-162.012
Point: ,48,212,Repeat score:,1, Repeat contribution: ,-1,Dist:,31.7819, Dist contribution: ,-158.91, New scanned ratio: ,0.0109613, New Scanned Cells Contribution: ,0,Area ratio: ,0.939876, Area ratio Contribution: ,0,Perim diff: ,1.04846, Perim diff Contribution: ,0,Frontier diff: ,0, Frontier diff Contribution ,0,Inverse Area ratio: ,0.92061, Inv Area Ratio Contribution: ,0,Inverse Perim ratio: ,1.07381, Inv Perim Contribution: ,0, Final Score: ,-159.91
Point: ,43,212,Repeat score:,1, Repeat contribution: ,-1,Dist:,35.1438, Dist contribution: ,-175.719, New scanned ratio: ,0.0110454, New Scanned Cells Contribution: ,0,Area ratio: ,0.940435, Area ratio Contribution: ,0,Perim diff: ,1.05114, Perim diff Contribution: ,0,Frontier diff: ,0, Frontier diff Contribution ,0,Inverse Area ratio: ,0.920423, Inv Area Ratio Contribution: ,0,Inverse Perim ratio: ,1.07811, Inv Perim Contribution: ,0, Final Score: ,-176.719
Point: ,40,210,Repeat score:,1, Repeat contribution: ,-1,Dist:,35.6709, Dist contribution: ,-178.354, New scanned ratio: ,0.0098181, New Scanned Cells Contribution: ,0,Area ratio: ,0.94396, Area ratio Contribution: ,0,Perim diff: ,1.04861, Perim diff Contribution: ,0,Frontier diff: ,0, Frontier diff Contribution ,0,Inverse Area ratio: ,0.922705, Inv Area Ratio Contribution: ,0,Inverse Perim ratio: ,1.07364, Inv Perim Contribution: ,0, Final Score: ,-179.354
Point: ,36,212,Repeat score:,1, Repeat contribution: ,-1,Dist:,40.4239, Dist contribution: ,-202.119, New scanned ratio: ,0.0111967, New Scanned Cells Contribution: ,0,Area ratio: ,0.941133, Area ratio Contribution: ,0,Perim diff: ,1.05254, Perim diff Contribution: ,0,Frontier diff: ,0, Frontier diff Contribution ,0,Inverse Area ratio: ,0.920094, Inv Area Ratio Contribution: ,0,Inverse Perim ratio: ,1.08157, Inv Perim Contribution: ,0, Final Score: ,-203.119
BEST Point:,88,194, Score: ,-101.211
COUNT COMMAND: 1
Total frontiers: ,102, Prioritised frontiers: ,25
At: ,87,193,
Point: ,124,194,Repeat score:,1, Repeat contribution: ,-1,Dist:,37.0228, Dist contribution: ,-185.114, New scanned ratio: ,0.0109115, New Scanned Cells Contribution: ,0,Area ratio: ,0.97316, Area ratio Contribution: ,0,Perim diff: ,1.04453, Perim diff Contribution: ,0,Frontier diff: ,0, Frontier diff Contribution ,0,Inverse Area ratio: ,0.929422, Inv Area Ratio Contribution: ,0,Inverse Perim ratio: ,1.05992, Inv Perim Contribution: ,0, Final Score: ,-186.114
Point: ,123,195,Repeat score:,1, Repeat contribution: ,-1,Dist:,36.0938, Dist contribution: ,-180.469, New scanned ratio: ,0.0114295, New Scanned Cells Contribution: ,0,Area ratio: ,0.971976, Area ratio Contribution: ,0,Perim diff: ,1.04338, Perim diff Contribution: ,0,Frontier diff: ,0, Frontier diff Contribution ,0,Inverse Area ratio: ,0.928479, Inv Area Ratio Contribution: ,0,Inverse Perim ratio: ,1.05911, Inv Perim Contribution: ,0, Final Score: ,-181.469
Point: ,122,194,Repeat score:,1, Repeat contribution: ,-1,Dist:,35.0241, Dist contribution: ,-175.121, New scanned ratio: ,0.0106442, New Scanned Cells Contribution: ,0,Area ratio: ,0.973224, Area ratio Contribution: ,0,Perim diff: ,1.04164, Perim diff Contribution: ,0,Frontier diff: ,0, Frontier diff Contribution ,0,Inverse Area ratio: ,0.929997, Inv Area Ratio Contribution: ,0,Inverse Perim ratio: ,1.05672, Inv Perim Contribution: ,0, Final Score: ,-176.121
Point: ,117,194,Repeat score:,1, Repeat contribution: ,-1,Dist:,30.0282, Dist contribution: ,-150.141, New scanned ratio: ,0.00965828, New Scanned Cells Contribution: ,0,Area ratio: ,0.973112, Area ratio Contribution: ,0,Perim diff: ,1.03844, Perim diff Contribution: ,0,Frontier diff: ,0, Frontier diff Contribution ,0,Inverse Area ratio: ,0.93193, Inv Area Ratio Contribution: ,0,Inverse Perim ratio: ,1.05231, Inv Perim Contribution: ,0, Final Score: ,-151.141
Point: ,114,192,Repeat score:,1, Repeat contribution: ,-1,Dist:,27.0313, Dist contribution: ,-135.156, New scanned ratio: ,0.00777007, New Scanned Cells Contribution: ,0,Area ratio: ,0.975013, Area ratio Contribution: ,0,Perim diff: ,1.03806, Perim diff Contribution: ,0,Frontier diff: ,0, Frontier diff Contribution ,0,Inverse Area ratio: ,0.933545, Inv Area Ratio Contribution: ,0,Inverse Perim ratio: ,1.05147, Inv Perim Contribution: ,0, Final Score: ,-136.156
Point: ,112,192,Repeat score:,1, Repeat contribution: ,-1,Dist:,25.0338, Dist contribution: ,-125.169, New scanned ratio: ,0.00721865, New Scanned Cells Contribution: ,0,Area ratio: ,0.974833, Area ratio Contribution: ,0,Perim diff: ,1.03772, Perim diff Contribution: ,0,Frontier diff: ,0, Frontier diff Contribution ,0,Inverse Area ratio: ,0.930086, Inv Area Ratio Contribution: ,0,Inverse Perim ratio: ,1.05094, Inv Perim Contribution: ,0, Final Score: ,-126.169
Point: ,109,194,Repeat score:,1, Repeat contribution: ,-1,Dist:,22.0384, Dist contribution: ,-110.192, New scanned ratio: ,0.00743588, New Scanned Cells Contribution: ,0,Area ratio: ,0.972222, Area ratio Contribution: ,0,Perim diff: ,1.03831, Perim diff Contribution: ,0,Frontier diff: ,0, Frontier diff Contribution ,0,Inverse Area ratio: ,0.929445, Inv Area Ratio Contribution: ,0,Inverse Perim ratio: ,1.05199, Inv Perim Contribution: ,0, Final Score: ,-111.192
Point: ,107,194,Repeat score:,1, Repeat contribution: ,-1,Dist:,20.0422, Dist contribution: ,-100.211, New scanned ratio: ,0.00686774, New Scanned Cells Contribution: ,0,Area ratio: ,0.972001, Area ratio Contribution: ,0,Perim diff: ,1.03778, Perim diff Contribution: ,0,Frontier diff: ,0, Frontier diff Contribution ,0,Inverse Area ratio: ,0.930508, Inv Area Ratio Contribution: ,0,Inverse Perim ratio: ,1.05119, Inv Perim Contribution: ,0, Final Score: ,-101.211
Point: ,107,199,Repeat score:,1, Repeat contribution: ,-1,Dist:,21.4672, Dist contribution: ,-107.336, New scanned ratio: ,0.00959144, New Scanned Cells Contribution: ,0,Area ratio: ,0.964284, Area ratio Contribution: ,0,Perim diff: ,1.04356, Perim diff Contribution: ,0,Frontier diff: ,0, Frontier diff Contribution ,0,Inverse Area ratio: ,0.925194, Inv Area Ratio Contribution: ,0,Inverse Perim ratio: ,1.06004, Inv Perim Contribution: ,0, Final Score: ,-108.336
Point: ,104,205,Repeat score:,1, Repeat contribution: ,-1,Dist:,23.0729, Dist contribution: ,-115.365, New scanned ratio: ,0.012148, New Scanned Cells Contribution: ,0,Area ratio: ,0.954289, Area ratio Contribution: ,0,Perim diff: ,1.05522, Perim diff Contribution: ,0,Frontier diff: ,0, Frontier diff Contribution ,0,Inverse Area ratio: ,0.920118, Inv Area Ratio Contribution: ,0,Inverse Perim ratio: ,1.07615, Inv Perim Contribution: ,0, Final Score: ,-116.365
Point: ,99,210,Repeat score:,1, Repeat contribution: ,-1,Dist:,25.1478, Dist contribution: ,-125.739, New scanned ratio: ,0.0132342, New Scanned Cells Contribution: ,0,Area ratio: ,0.944966, Area ratio Contribution: ,0,Perim diff: ,1.07399, Perim diff Contribution: ,0,Frontier diff: ,0, Frontier diff Contribution ,0,Inverse Area ratio: ,0.911091, Inv Area Ratio Contribution: ,0,Inverse Perim ratio: ,1.10207, Inv Perim Contribution: ,0, Final Score: ,-126.739
Point: ,93,213,Repeat score:,1, Repeat contribution: ,-1,Dist:,26.6833, Dist contribution: ,-133.417, New scanned ratio: ,0.0131339, New Scanned Cells Contribution: ,0,Area ratio: ,0.939137, Area ratio Contribution: ,0,Perim diff: ,1.07051, Perim diff Contribution: ,0,Frontier diff: ,0, Frontier diff Contribution ,0,Inverse Area ratio: ,0.911311, Inv Area Ratio Contribution: ,0,Inverse Perim ratio: ,1.09967, Inv Perim Contribution: ,0, Final Score: ,-134.417
Point: ,88,213,Repeat score:,1, Repeat contribution: ,-1,Dist:,26.0192, Dist contribution: ,-130.096, New scanned ratio: ,0.0120645, New Scanned Cells Contribution: ,0,Area ratio: ,0.938849, Area ratio Contribution: ,0,Perim diff: ,1.06409, Perim diff Contribution: ,0,Frontier diff: ,0, Frontier diff Contribution ,0,Inverse Area ratio: ,0.913453, Inv Area Ratio Contribution: ,0,Inverse Perim ratio: ,1.09178, Inv Perim Contribution: ,0, Final Score: ,-131.096
Point: ,87,214,Repeat score:,1, Repeat contribution: ,-1,Dist:,27.3, Dist contribution: ,-136.5, New scanned ratio: ,0.0125157, New Scanned Cells Contribution: ,0,Area ratio: ,0.937227, Area ratio Contribution: ,0,Perim diff: ,1.06574, Perim diff Contribution: ,0,Frontier diff: ,0, Frontier diff Contribution ,0,Inverse Area ratio: ,0.912571, Inv Area Ratio Contribution: ,0,Inverse Perim ratio: ,1.09451, Inv Perim Contribution: ,0, Final Score: ,-137.5
Point: ,86,213,Repeat score:,1, Repeat contribution: ,-1,Dist:,26.0192, Dist contribution: ,-130.096, New scanned ratio: ,0.011747, New Scanned Cells Contribution: ,0,Area ratio: ,0.938847, Area ratio Contribution: ,0,Perim diff: ,1.06205, Perim diff Contribution: ,0,Frontier diff: ,0, Frontier diff Contribution ,0,Inverse Area ratio: ,0.914083, Inv Area Ratio Contribution: ,0,Inverse Perim ratio: ,1.0893, Inv Perim Contribution: ,0, Final Score: ,-131.096
Point: ,81,213,Repeat score:,1, Repeat contribution: ,-1,Dist:,26.6833, Dist contribution: ,-133.417, New scanned ratio: ,0.0112123, New Scanned Cells Contribution: ,0,Area ratio: ,0.939091, Area ratio Contribution: ,0,Perim diff: ,1.05944, Perim diff Contribution: ,0,Frontier diff: ,0, Frontier diff Contribution ,0,Inverse Area ratio: ,0.915106, Inv Area Ratio Contribution: ,0,Inverse Perim ratio: ,1.08626, Inv Perim Contribution: ,0, Final Score: ,-134.417
Point: ,78,211,Repeat score:,1, Repeat contribution: ,-1,Dist:,25.0711, Dist contribution: ,-125.355, New scanned ratio: ,0.00980867, New Scanned Cells Contribution: ,0,Area ratio: ,0.942625, Area ratio Contribution: ,0,Perim diff: ,1.05425, Perim diff Contribution: ,0,Frontier diff: ,0, Frontier diff Contribution ,0,Inverse Area ratio: ,0.917815, Inv Area Ratio Contribution: ,0,Inverse Perim ratio: ,1.0788, Inv Perim Contribution: ,0, Final Score: ,-126.355
Point: ,74,213,Repeat score:,1, Repeat contribution: ,-1,Dist:,29.0689, Dist contribution: ,-145.344, New scanned ratio: ,0.0111287, New Scanned Cells Contribution: ,0,Area ratio: ,0.940045, Area ratio Contribution: ,0,Perim diff: ,1.05573, Perim diff Contribution: ,0,Frontier diff: ,0, Frontier diff Contribution ,0,Inverse Area ratio: ,0.915311, Inv Area Ratio Contribution: ,0,Inverse Perim ratio: ,1.08199, Inv Perim Contribution: ,0, Final Score: ,-146.344
Point: ,69,213,Repeat score:,1, Repeat contribution: ,-1,Dist:,31.6228, Dist contribution: ,-158.114, New scanned ratio: ,0.0112123, New Scanned Cells Contribution: ,0,Area ratio: ,0.940847, Area ratio Contribution: ,0,Perim diff: ,1.05104, Perim diff Contribution: ,0,Frontier diff: ,0, Frontier diff Contribution ,0,Inverse Area ratio: ,0.915169, Inv Area Ratio Contribution: ,0,Inverse Perim ratio: ,1.07638, Inv Perim Contribution: ,0, Final Score: ,-159.114
Point: ,68,214,Repeat score:,1, Repeat contribution: ,-1,Dist:,33.2609, Dist contribution: ,-166.305, New scanned ratio: ,0.011864, New Scanned Cells Contribution: ,0,Area ratio: ,0.939396, Area ratio Contribution: ,0,Perim diff: ,1.05527, Perim diff Contribution: ,0,Frontier diff: ,0, Frontier diff Contribution ,0,Inverse Area ratio: ,0.913847, Inv Area Ratio Contribution: ,0,Inverse Perim ratio: ,1.08238, Inv Perim Contribution: ,0, Final Score: ,-167.305
Point: ,67,213,Repeat score:,1, Repeat contribution: ,-1,Dist:,32.8024, Dist contribution: ,-164.012, New scanned ratio: ,0.011229, New Scanned Cells Contribution: ,0,Area ratio: ,0.941135, Area ratio Contribution: ,0,Perim diff: ,1.05257, Perim diff Contribution: ,0,Frontier diff: ,0, Frontier diff Contribution ,0,Inverse Area ratio: ,0.915106, Inv Area Ratio Contribution: ,0,Inverse Perim ratio: ,1.07836, Inv Perim Contribution: ,0, Final Score: ,-165.012
Point: ,62,213,Repeat score:,1, Repeat contribution: ,-1,Dist:,36.0694, Dist contribution: ,-180.347, New scanned ratio: ,0.0113293, New Scanned Cells Contribution: ,0,Area ratio: ,0.941931, Area ratio Contribution: ,0,Perim diff: ,1.0535, Perim diff Contribution: ,0,Frontier diff: ,0, Frontier diff Contribution ,0,Inverse Area ratio: ,0.914902, Inv Area Ratio Contribution: ,0,Inverse Perim ratio: ,1.07995, Inv Perim Contribution: ,0, Final Score: ,-181.347
Point: ,59,211,Repeat score:,1, Repeat contribution: ,-1,Dist:,36.4905, Dist contribution: ,-182.453, New scanned ratio: ,0.0100927, New Scanned Cells Contribution: ,0,Area ratio: ,0.945616, Area ratio Contribution: ,0,Perim diff: ,1.05066, Perim diff Contribution: ,0,Frontier diff: ,0, Frontier diff Contribution ,0,Inverse Area ratio: ,0.917264, Inv Area Ratio Contribution: ,0,Inverse Perim ratio: ,1.07858, Inv Perim Contribution: ,0, Final Score: ,-183.453
Point: ,56,211,Repeat score:,1, Repeat contribution: ,-1,Dist:,38.8402, Dist contribution: ,-194.201, New scanned ratio: ,0.0101094, New Scanned Cells Contribution: ,0,Area ratio: ,0.946042, Area ratio Contribution: ,0,Perim diff: ,1.05045, Perim diff Contribution: ,0,Frontier diff: ,0, Frontier diff Contribution ,0,Inverse Area ratio: ,0.917248, Inv Area Ratio Contribution: ,0,Inverse Perim ratio: ,1.07512, Inv Perim Contribution: ,0, Final Score: ,-195.201
Point: ,55,212,Repeat score:,1, Repeat contribution: ,-1,Dist:,40.4239, Dist contribution: ,-202.119, New scanned ratio: ,0.0107946, New Scanned Cells Contribution: ,0,Area ratio: ,0.944624, Area ratio Contribution: ,0,Perim diff: ,1.05057, Perim diff Contribution: ,0,Frontier diff: ,0, Frontier diff Contribution ,0,Inverse Area ratio: ,0.915957, Inv Area Ratio Contribution: ,0,Inverse Perim ratio: ,1.07615, Inv Perim Contribution: ,0, Final Score: ,-203.119
BEST Point:,107,194, Score: ,-101.211
COUNT COMMAND: 1
Total frontiers: ,101, Prioritised frontiers: ,24
At: ,106,193,
Point: ,144,194,Repeat score:,1, Repeat contribution: ,-1,Dist:,38.0222, Dist contribution: ,-190.111, New scanned ratio: ,0.010962, New Scanned Cells Contribution: ,0,Area ratio: ,0.975853, Area ratio Contribution: ,0,Perim diff: ,1.04541, Perim diff Contribution: ,0,Frontier diff: ,0, Frontier diff Contribution ,0,Inverse Area ratio: ,0.924344, Inv Area Ratio Contribution: ,0,Inverse Perim ratio: ,1.06137, Inv Perim Contribution: ,0, Final Score: ,-191.111
Point: ,143,195,Repeat score:,1, Repeat contribution: ,-1,Dist:,37.0912, Dist contribution: ,-185.456, New scanned ratio: ,0.0114935, New Scanned Cells Contribution: ,0,Area ratio: ,0.974842, Area ratio Contribution: ,0,Perim diff: ,1.0455, Perim diff Contribution: ,0,Frontier diff: ,0, Frontier diff Contribution ,0,Inverse Area ratio: ,0.923346, Inv Area Ratio Contribution: ,0,Inverse Perim ratio: ,1.06201, Inv Perim Contribution: ,0, Final Score: ,-186.456
Point: ,142,194,Repeat score:,1, Repeat contribution: ,-1,Dist:,36.0235, Dist contribution: ,-180.117, New scanned ratio: ,0.0107295, New Scanned Cells Contribution: ,0,Area ratio: ,0.97595, Area ratio Contribution: ,0,Perim diff: ,1.04254, Perim diff Contribution: ,0,Frontier diff: ,0, Frontier diff Contribution ,0,Inverse Area ratio: ,0.924859, Inv Area Ratio Contribution: ,0,Inverse Perim ratio: ,1.05809, Inv Perim Contribution: ,0, Final Score: ,-181.117
Point: ,137,194,Repeat score:,1, Repeat contribution: ,-1,Dist:,31.0272, Dist contribution: ,-155.136, New scanned ratio: ,0.00981597, New Scanned Cells Contribution: ,0,Area ratio: ,0.975914, Area ratio Contribution: ,0,Perim diff: ,1.03918, Perim diff Contribution: ,0,Frontier diff: ,0, Frontier diff Contribution ,0,Inverse Area ratio: ,0.926678, Inv Area Ratio Contribution: ,0,Inverse Perim ratio: ,1.05357, Inv Perim Contribution: ,0, Final Score: ,-156.136
Point: ,134,192,Repeat score:,1, Repeat contribution: ,-1,Dist:,28.0302, Dist contribution: ,-140.151, New scanned ratio: ,0.00795575, New Scanned Cells Contribution: ,0,Area ratio: ,0.977668, Area ratio Contribution: ,0,Perim diff: ,1.03752, Perim diff Contribution: ,0,Frontier diff: ,0, Frontier diff Contribution ,0,Inverse Area ratio: ,0.928614, Inv Area Ratio Contribution: ,0,Inverse Perim ratio: ,1.05112, Inv Perim Contribution: ,0, Final Score: ,-141.151
Point: ,132,192,Repeat score:,1, Repeat contribution: ,-1,Dist:,26.0325, Dist contribution: ,-130.162, New scanned ratio: ,0.00742426, New Scanned Cells Contribution: ,0,Area ratio: ,0.977482, Area ratio Contribution: ,0,Perim diff: ,1.03755, Perim diff Contribution: ,0,Frontier diff: ,0, Frontier diff Contribution ,0,Inverse Area ratio: ,0.924872, Inv Area Ratio Contribution: ,0,Inverse Perim ratio: ,1.05106, Inv Perim Contribution: ,0, Final Score: ,-131.162
Point: ,129,194,Repeat score:,1, Repeat contribution: ,-1,Dist:,23.0367, Dist contribution: ,-115.184, New scanned ratio: ,0.0076734, New Scanned Cells Contribution: ,0,Area ratio: ,0.975087, Area ratio Contribution: ,0,Perim diff: ,1.038, Perim diff Contribution: ,0,Frontier diff: ,0, Frontier diff Contribution ,0,Inverse Area ratio: ,0.924101, Inv Area Ratio Contribution: ,0,Inverse Perim ratio: ,1.05196, Inv Perim Contribution: ,0, Final Score: ,-116.184
Point: ,126,194,Repeat score:,1, Repeat contribution: ,-1,Dist:,20.0422, Dist contribution: ,-100.211, New scanned ratio: ,0.00682634, New Scanned Cells Contribution: ,0,Area ratio: ,0.974774, Area ratio Contribution: ,0,Perim diff: ,1.03762, Perim diff Contribution: ,0,Frontier diff: ,0, Frontier diff Contribution ,0,Inverse Area ratio: ,0.925731, Inv Area Ratio Contribution: ,0,Inverse Perim ratio: ,1.05101, Inv Perim Contribution: ,0, Final Score: ,-101.211
Point: ,126,199,Repeat score:,1, Repeat contribution: ,-1,Dist:,21.4672, Dist contribution: ,-107.336, New scanned ratio: ,0.00953362, New Scanned Cells Contribution: ,0,Area ratio: ,0.967262, Area ratio Contribution: ,0,Perim diff: ,1.04354, Perim diff Contribution: ,0,Frontier diff: ,0, Frontier diff Contribution ,0,Inverse Area ratio: ,0.920362, Inv Area Ratio Contribution: ,0,Inverse Perim ratio: ,1.06002, Inv Perim Contribution: ,0, Final Score: ,-108.336
Point: ,123,205,Repeat score:,1, Repeat contribution: ,-1,Dist:,23.0729, Dist contribution: ,-115.365, New scanned ratio: ,0.0120748, New Scanned Cells Contribution: ,0,Area ratio: ,0.957031, Area ratio Contribution: ,0,Perim diff: ,1.05508, Perim diff Contribution: ,0,Frontier diff: ,0, Frontier diff Contribution ,0,Inverse Area ratio: ,0.915265, Inv Area Ratio Contribution: ,0,Inverse Perim ratio: ,1.07635, Inv Perim Contribution: ,0, Final Score: ,-116.365
Point: ,118,210,Repeat score:,1, Repeat contribution: ,-1,Dist:,25.1478, Dist contribution: ,-125.739, New scanned ratio: ,0.0131544, New Scanned Cells Contribution: ,0,Area ratio: ,0.948005, Area ratio Contribution: ,0,Perim diff: ,1.07195, Perim diff Contribution: ,0,Frontier diff: ,0, Frontier diff Contribution ,0,Inverse Area ratio: ,0.906223, Inv Area Ratio Contribution: ,0,Inverse Perim ratio: ,1.09963, Inv Perim Contribution: ,0, Final Score: ,-126.739
Point: ,112,213,Repeat score:,1, Repeat contribution: ,-1,Dist:,26.6833, Dist contribution: ,-133.417, New scanned ratio: ,0.0130547, New Scanned Cells Contribution: ,0,Area ratio: ,0.942174, Area ratio Contribution: ,0,Perim diff: ,1.07075, Perim diff Contribution: ,0,Frontier diff: ,0, Frontier diff Contribution ,0,Inverse Area ratio: ,0.906413, Inv Area Ratio Contribution: ,0,Inverse Perim ratio: ,1.09972, Inv Perim Contribution: ,0, Final Score: ,-134.417
Point: ,107,213,Repeat score:,1, Repeat contribution: ,-1,Dist:,26.0192, Dist contribution: ,-130.096, New scanned ratio: ,0.0119918, New Scanned Cells Contribution: ,0,Area ratio: ,0.941889, Area ratio Contribution: ,0,Perim diff: ,1.06442, Perim diff Contribution: ,0,Frontier diff: ,0, Frontier diff Contribution ,0,Inverse Area ratio: ,0.90857, Inv Area Ratio Contribution: ,0,Inverse Perim ratio: ,1.09183, Inv Perim Contribution: ,0, Final Score: ,-131.096
Point: ,106,214,Repeat score:,1, Repeat contribution: ,-1,Dist:,27.3, Dist contribution: ,-136.5, New scanned ratio: ,0.0124402, New Scanned Cells Contribution: ,0,Area ratio: ,0.940265, Area ratio Contribution: ,0,Perim diff: ,1.06612, Perim diff Contribution: ,0,Frontier diff: ,0, Frontier diff Contribution ,0,Inverse Area ratio: ,0.907682, Inv Area Ratio Contribution: ,0,Inverse Perim ratio: ,1.09455, Inv Perim Contribution: ,0, Final Score: ,-137.5
Point: ,105,213,Repeat score:,1, Repeat contribution: ,-1,Dist:,26.0192, Dist contribution: ,-130.096, New scanned ratio: ,0.0116762, New Scanned Cells Contribution: ,0,Area ratio: ,0.941888, Area ratio Contribution: ,0,Perim diff: ,1.06242, Perim diff Contribution: ,0,Frontier diff: ,0, Frontier diff Contribution ,0,Inverse Area ratio: ,0.909205, Inv Area Ratio Contribution: ,0,Inverse Perim ratio: ,1.08934, Inv Perim Contribution: ,0, Final Score: ,-131.096
Point: ,100,213,Repeat score:,1, Repeat contribution: ,-1,Dist:,26.6833, Dist contribution: ,-133.417, New scanned ratio: ,0.0111447, New Scanned Cells Contribution: ,0,Area ratio: ,0.942133, Area ratio Contribution: ,0,Perim diff: ,1.05992, Perim diff Contribution: ,0,Frontier diff: ,0, Frontier diff Contribution ,0,Inverse Area ratio: ,0.910236, Inv Area Ratio Contribution: ,0,Inverse Perim ratio: ,1.08631, Inv Perim Contribution: ,0, Final Score: ,-134.417
Point: ,97,211,Repeat score:,1, Repeat contribution: ,-1,Dist:,25.0711, Dist contribution: ,-125.355, New scanned ratio: ,0.00974953, New Scanned Cells Contribution: ,0,Area ratio: ,0.94565, Area ratio Contribution: ,0,Perim diff: ,1.05441, Perim diff Contribution: ,0,Frontier diff: ,0, Frontier diff Contribution ,0,Inverse Area ratio: ,0.913012, Inv Area Ratio Contribution: ,0,Inverse Perim ratio: ,1.07848, Inv Perim Contribution: ,0, Final Score: ,-126.355
Point: ,93,213,Repeat score:,1, Repeat contribution: ,-1,Dist:,29.0689, Dist contribution: ,-145.344, New scanned ratio: ,0.0110118, New Scanned Cells Contribution: ,0,Area ratio: ,0.943042, Area ratio Contribution: ,0,Perim diff: ,1.0539, Perim diff Contribution: ,0,Frontier diff: ,0, Frontier diff Contribution ,0,Inverse Area ratio: ,0.910601, Inv Area Ratio Contribution: ,0,Inverse Perim ratio: ,1.07896, Inv Perim Contribution: ,0, Final Score: ,-146.344
Point: ,88,213,Repeat score:,1, Repeat contribution: ,-1,Dist:,31.6228, Dist contribution: ,-158.114, New scanned ratio: ,0.0109952, New Scanned Cells Contribution: ,0,Area ratio: ,0.943742, Area ratio Contribution: ,0,Perim diff: ,1.05099, Perim diff Contribution: ,0,Frontier diff: ,0, Frontier diff Contribution ,0,Inverse Area ratio: ,0.910617, Inv Area Ratio Contribution: ,0,Inverse Perim ratio: ,1.07533, Inv Perim Contribution: ,0, Final Score: ,-159.114
Point: ,87,214,Repeat score:,1, Repeat contribution: ,-1,Dist:,33.2609, Dist contribution: ,-166.305, New scanned ratio: ,0.011643, New Scanned Cells Contribution: ,0,Area ratio: ,0.94228, Area ratio Contribution: ,0,Perim diff: ,1.05529, Perim diff Contribution: ,0,Frontier diff: ,0, Frontier diff Contribution ,0,Inverse Area ratio: ,0.909316, Inv Area Ratio Contribution: ,0,Inverse Perim ratio: ,1.08133, Inv Perim Contribution: ,0, Final Score: ,-167.305
Point: ,86,213,Repeat score:,1, Repeat contribution: ,-1,Dist:,32.8024, Dist contribution: ,-164.012, New scanned ratio: ,0.0109952, New Scanned Cells Contribution: ,0,Area ratio: ,0.944022, Area ratio Contribution: ,0,Perim diff: ,1.05096, Perim diff Contribution: ,0,Frontier diff: ,0, Frontier diff Contribution ,0,Inverse Area ratio: ,0.910617, Inv Area Ratio Contribution: ,0,Inverse Perim ratio: ,1.07533, Inv Perim Contribution: ,0, Final Score: ,-165.012
Point: ,81,213,Repeat score:,1, Repeat contribution: ,-1,Dist:,36.0694, Dist contribution: ,-180.347, New scanned ratio: ,0.0110118, New Scanned Cells Contribution: ,0,Area ratio: ,0.944724, Area ratio Contribution: ,0,Perim diff: ,1.05366, Perim diff Contribution: ,0,Frontier diff: ,0, Frontier diff Contribution ,0,Inverse Area ratio: ,0.910569, Inv Area Ratio Contribution: ,0,Inverse Perim ratio: ,1.0789, Inv Perim Contribution: ,0, Final Score: ,-181.347
Point: ,78,211,Repeat score:,1, Repeat contribution: ,-1,Dist:,36.4905, Dist contribution: ,-182.453, New scanned ratio: ,0.00973293, New Scanned Cells Contribution: ,0,Area ratio: ,0.948366, Area ratio Contribution: ,0,Perim diff: ,1.05165, Perim diff Contribution: ,0,Frontier diff: ,0, Frontier diff Contribution ,0,Inverse Area ratio: ,0.912996, Inv Area Ratio Contribution: ,0,Inverse Perim ratio: ,1.07516, Inv Perim Contribution: ,0, Final Score: ,-183.453
Point: ,74,213,Repeat score:,1, Repeat contribution: ,-1,Dist:,41.2311, Dist contribution: ,-206.155, New scanned ratio: ,0.0110617, New Scanned Cells Contribution: ,0,Area ratio: ,0.945739, Area ratio Contribution: ,0,Perim diff: ,1.05601, Perim diff Contribution: ,0,Frontier diff: ,0, Frontier diff Contribution ,0,Inverse Area ratio: ,0.910426, Inv Area Ratio Contribution: ,0,Inverse Perim ratio: ,1.08205, Inv Perim Contribution: ,0, Final Score: ,-207.155
BEST Point:,126,194, Score: ,-101.211
COUNT COMMAND: 1
Total frontiers: ,100, Prioritised frontiers: ,24
At: ,125,193,
Point: ,164,194,Repeat score:,1, Repeat contribution: ,-1,Dist:,39.0217, Dist contribution: ,-195.108, New scanned ratio: ,0.0109954, New Scanned Cells Contribution: ,0,Area ratio: ,0.978299, Area ratio Contribution: ,0,Perim diff: ,1.04621, Perim diff Contribution: ,0,Frontier diff: ,0, Frontier diff Contribution ,0,Inverse Area ratio: ,0.919206, Inv Area Ratio Contribution: ,0,Inverse Perim ratio: ,1.0628, Inv Perim Contribution: ,0, Final Score: ,-196.108
Point: ,163,195,Repeat score:,1, Repeat contribution: ,-1,Dist:,38.0888, Dist contribution: ,-190.444, New scanned ratio: ,0.0115567, New Scanned Cells Contribution: ,0,Area ratio: ,0.97725, Area ratio Contribution: ,0,Perim diff: ,1.04497, Perim diff Contribution: ,0,Frontier diff: ,0, Frontier diff Contribution ,0,Inverse Area ratio: ,0.918168, Inv Area Ratio Contribution: ,0,Inverse Perim ratio: ,1.0619, Inv Perim Contribution: ,0, Final Score: ,-191.444
Point: ,162,194,Repeat score:,1, Repeat contribution: ,-1,Dist:,37.0228, Dist contribution: ,-185.114, New scanned ratio: ,0.0107972, New Scanned Cells Contribution: ,0,Area ratio: ,0.978477, Area ratio Contribution: ,0,Perim diff: ,1.04355, Perim diff Contribution: ,0,Frontier diff: ,0, Frontier diff Contribution ,0,Inverse Area ratio: ,0.91966, Inv Area Ratio Contribution: ,0,Inverse Perim ratio: ,1.05952, Inv Perim Contribution: ,0, Final Score: ,-186.114
Point: ,157,194,Repeat score:,1, Repeat contribution: ,-1,Dist:,32.0264, Dist contribution: ,-160.132, New scanned ratio: ,0.00997177, New Scanned Cells Contribution: ,0,Area ratio: ,0.978594, Area ratio Contribution: ,0,Perim diff: ,1.03878, Perim diff Contribution: ,0,Frontier diff: ,0, Frontier diff Contribution ,0,Inverse Area ratio: ,0.921363, Inv Area Ratio Contribution: ,0,Inverse Perim ratio: ,1.05346, Inv Perim Contribution: ,0, Final Score: ,-161.132
Point: ,154,192,Repeat score:,1, Repeat contribution: ,-1,Dist:,29.0291, Dist contribution: ,-145.146, New scanned ratio: ,0.0081227, New Scanned Cells Contribution: ,0,Area ratio: ,0.980329, Area ratio Contribution: ,0,Perim diff: ,1.03831, Perim diff Contribution: ,0,Frontier diff: ,0, Frontier diff Contribution ,0,Inverse Area ratio: ,0.923274, Inv Area Ratio Contribution: ,0,Inverse Perim ratio: ,1.05242, Inv Perim Contribution: ,0, Final Score: ,-146.146
Point: ,152,192,Repeat score:,1, Repeat contribution: ,-1,Dist:,27.0313, Dist contribution: ,-135.156, New scanned ratio: ,0.0076109, New Scanned Cells Contribution: ,0,Area ratio: ,0.980152, Area ratio Contribution: ,0,Perim diff: ,1.03792, Perim diff Contribution: ,0,Frontier diff: ,0, Frontier diff Contribution ,0,Inverse Area ratio: ,0.919501, Inv Area Ratio Contribution: ,0,Inverse Perim ratio: ,1.05186, Inv Perim Contribution: ,0, Final Score: ,-136.156
Point: ,149,194,Repeat score:,1, Repeat contribution: ,-1,Dist:,24.0352, Dist contribution: ,-120.176, New scanned ratio: ,0.00789157, New Scanned Cells Contribution: ,0,Area ratio: ,0.977917, Area ratio Contribution: ,0,Perim diff: ,1.03808, Perim diff Contribution: ,0,Frontier diff: ,0, Frontier diff Contribution ,0,Inverse Area ratio: ,0.91871, Inv Area Ratio Contribution: ,0,Inverse Perim ratio: ,1.05246, Inv Perim Contribution: ,0, Final Score: ,-121.176
Point: ,145,194,Repeat score:,1, Repeat contribution: ,-1,Dist:,20.0422, Dist contribution: ,-100.211, New scanned ratio: ,0.00678543, New Scanned Cells Contribution: ,0,Area ratio: ,0.977514, Area ratio Contribution: ,0,Perim diff: ,1.03727, Perim diff Contribution: ,0,Frontier diff: ,0, Frontier diff Contribution ,0,Inverse Area ratio: ,0.920851, Inv Area Ratio Contribution: ,0,Inverse Perim ratio: ,1.05133, Inv Perim Contribution: ,0, Final Score: ,-101.211
Point: ,145,199,Repeat score:,1, Repeat contribution: ,-1,Dist:,21.4672, Dist contribution: ,-107.336, New scanned ratio: ,0.00947648, New Scanned Cells Contribution: ,0,Area ratio: ,0.969998, Area ratio Contribution: ,0,Perim diff: ,1.04312, Perim diff Contribution: ,0,Frontier diff: ,0, Frontier diff Contribution ,0,Inverse Area ratio: ,0.915458, Inv Area Ratio Contribution: ,0,Inverse Perim ratio: ,1.05995, Inv Perim Contribution: ,0, Final Score: ,-108.336
Point: ,142,205,Repeat score:,1, Repeat contribution: ,-1,Dist:,23.0729, Dist contribution: ,-115.365, New scanned ratio: ,0.0120024, New Scanned Cells Contribution: ,0,Area ratio: ,0.959763, Area ratio Contribution: ,0,Perim diff: ,1.05461, Perim diff Contribution: ,0,Frontier diff: ,0, Frontier diff Contribution ,0,Inverse Area ratio: ,0.910323, Inv Area Ratio Contribution: ,0,Inverse Perim ratio: ,1.07628, Inv Perim Contribution: ,0, Final Score: ,-116.365
Point: ,137,210,Repeat score:,1, Repeat contribution: ,-1,Dist:,25.1478, Dist contribution: ,-125.739, New scanned ratio: ,0.0130756, New Scanned Cells Contribution: ,0,Area ratio: ,0.950849, Area ratio Contribution: ,0,Perim diff: ,1.07008, Perim diff Contribution: ,0,Frontier diff: ,0, Frontier diff Contribution ,0,Inverse Area ratio: ,0.901267, Inv Area Ratio Contribution: ,0,Inverse Perim ratio: ,1.09785, Inv Perim Contribution: ,0, Final Score: ,-126.739
Point: ,131,213,Repeat score:,1, Repeat contribution: ,-1,Dist:,26.6833, Dist contribution: ,-133.417, New scanned ratio: ,0.0129765, New Scanned Cells Contribution: ,0,Area ratio: ,0.945186, Area ratio Contribution: ,0,Perim diff: ,1.07038, Perim diff Contribution: ,0,Frontier diff: ,0, Frontier diff Contribution ,0,Inverse Area ratio: ,0.901443, Inv Area Ratio Contribution: ,0,Inverse Perim ratio: ,1.0997, Inv Perim Contribution: ,0, Final Score: ,-134.417
Point: ,126,213,Repeat score:,1, Repeat contribution: ,-1,Dist:,26.0192, Dist contribution: ,-130.096, New scanned ratio: ,0.0119199, New Scanned Cells Contribution: ,0,Area ratio: ,0.944905, Area ratio Contribution: ,0,Perim diff: ,1.06413, Perim diff Contribution: ,0,Frontier diff: ,0, Frontier diff Contribution ,0,Inverse Area ratio: ,0.903616, Inv Area Ratio Contribution: ,0,Inverse Perim ratio: ,1.09181, Inv Perim Contribution: ,0, Final Score: ,-131.096
Point: ,125,214,Repeat score:,1, Repeat contribution: ,-1,Dist:,27.3, Dist contribution: ,-136.5, New scanned ratio: ,0.0123657, New Scanned Cells Contribution: ,0,Area ratio: ,0.943278, Area ratio Contribution: ,0,Perim diff: ,1.06585, Perim diff Contribution: ,0,Frontier diff: ,0, Frontier diff Contribution ,0,Inverse Area ratio: ,0.902721, Inv Area Ratio Contribution: ,0,Inverse Perim ratio: ,1.09453, Inv Perim Contribution: ,0, Final Score: ,-137.5
Point: ,124,213,Repeat score:,1, Repeat contribution: ,-1,Dist:,26.0192, Dist contribution: ,-130.096, New scanned ratio: ,0.0116062, New Scanned Cells Contribution: ,0,Area ratio: ,0.944904, Area ratio Contribution: ,0,Perim diff: ,1.06216, Perim diff Contribution: ,0,Frontier diff: ,0, Frontier diff Contribution ,0,Inverse Area ratio: ,0.904255, Inv Area Ratio Contribution: ,0,Inverse Perim ratio: ,1.08932, Inv Perim Contribution: ,0, Final Score: ,-131.096
Point: ,119,213,Repeat score:,1, Repeat contribution: ,-1,Dist:,26.6833, Dist contribution: ,-133.417, New scanned ratio: ,0.0110779, New Scanned Cells Contribution: ,0,Area ratio: ,0.945151, Area ratio Contribution: ,0,Perim diff: ,1.05973, Perim diff Contribution: ,0,Frontier diff: ,0, Frontier diff Contribution ,0,Inverse Area ratio: ,0.905294, Inv Area Ratio Contribution: ,0,Inverse Perim ratio: ,1.08628, Inv Perim Contribution: ,0, Final Score: ,-134.417
Point: ,116,211,Repeat score:,1, Repeat contribution: ,-1,Dist:,25.0711, Dist contribution: ,-125.355, New scanned ratio: ,0.00969111, New Scanned Cells Contribution: ,0,Area ratio: ,0.948673, Area ratio Contribution: ,0,Perim diff: ,1.05423, Perim diff Contribution: ,0,Frontier diff: ,0, Frontier diff Contribution ,0,Inverse Area ratio: ,0.90809, Inv Area Ratio Contribution: ,0,Inverse Perim ratio: ,1.07846, Inv Perim Contribution: ,0, Final Score: ,-126.355
Point: ,112,213,Repeat score:,1, Repeat contribution: ,-1,Dist:,29.0689, Dist contribution: ,-145.344, New scanned ratio: ,0.0109458, New Scanned Cells Contribution: ,0,Area ratio: ,0.94606, Area ratio Contribution: ,0,Perim diff: ,1.05383, Perim diff Contribution: ,0,Frontier diff: ,0, Frontier diff Contribution ,0,Inverse Area ratio: ,0.905661, Inv Area Ratio Contribution: ,0,Inverse Perim ratio: ,1.07894, Inv Perim Contribution: ,0, Final Score: ,-146.344
Point: ,107,213,Repeat score:,1, Repeat contribution: ,-1,Dist:,31.6228, Dist contribution: ,-158.114, New scanned ratio: ,0.0109293, New Scanned Cells Contribution: ,0,Area ratio: ,0.946761, Area ratio Contribution: ,0,Perim diff: ,1.05101, Perim diff Contribution: ,0,Frontier diff: ,0, Frontier diff Contribution ,0,Inverse Area ratio: ,0.905677, Inv Area Ratio Contribution: ,0,Inverse Perim ratio: ,1.0753, Inv Perim Contribution: ,0, Final Score: ,-159.114
Point: ,106,214,Repeat score:,1, Repeat contribution: ,-1,Dist:,33.2609, Dist contribution: ,-166.305, New scanned ratio: ,0.0115732, New Scanned Cells Contribution: ,0,Area ratio: ,0.945296, Area ratio Contribution: ,0,Perim diff: ,1.05536, Perim diff Contribution: ,0,Frontier diff: ,0, Frontier diff Contribution ,0,Inverse Area ratio: ,0.904367, Inv Area Ratio Contribution: ,0,Inverse Perim ratio: ,1.08131, Inv Perim Contribution: ,0, Final Score: ,-167.305
Point: ,105,213,Repeat score:,1, Repeat contribution: ,-1,Dist:,32.8024, Dist contribution: ,-164.012, New scanned ratio: ,0.0109293, New Scanned Cells Contribution: ,0,Area ratio: ,0.947041, Area ratio Contribution: ,0,Perim diff: ,1.05101, Perim diff Contribution: ,0,Frontier diff: ,0, Frontier diff Contribution ,0,Inverse Area ratio: ,0.905677, Inv Area Ratio Contribution: ,0,Inverse Perim ratio: ,1.0753, Inv Perim Contribution: ,0, Final Score: ,-165.012
Point: ,100,213,Repeat score:,1, Repeat contribution: ,-1,Dist:,36.0694, Dist contribution: ,-180.347, New scanned ratio: ,0.0109458, New Scanned Cells Contribution: ,0,Area ratio: ,0.947743, Area ratio Contribution: ,0,Perim diff: ,1.05383, Perim diff Contribution: ,0,Frontier diff: ,0, Frontier diff Contribution ,0,Inverse Area ratio: ,0.905629, Inv Area Ratio Contribution: ,0,Inverse Perim ratio: ,1.07888, Inv Perim Contribution: ,0, Final Score: ,-181.347
Point: ,97,211,Repeat score:,1, Repeat contribution: ,-1,Dist:,36.4905, Dist contribution: ,-182.453, New scanned ratio: ,0.0096746, New Scanned Cells Contribution: ,0,Area ratio: ,0.951366, Area ratio Contribution: ,0,Perim diff: ,1.05149, Perim diff Contribution: ,0,Frontier diff: ,0, Frontier diff Contribution ,0,Inverse Area ratio: ,0.908122, Inv Area Ratio Contribution: ,0,Inverse Perim ratio: ,1.07477, Inv Perim Contribution: ,0, Final Score: ,-183.453
Point: ,93,213,Repeat score:,1, Repeat contribution: ,-1,Dist:,41.2311, Dist contribution: ,-206.155, New scanned ratio: ,0.0109458, New Scanned Cells Contribution: ,0,Area ratio: ,0.948712, Area ratio Contribution: ,0,Perim diff: ,1.05387, Perim diff Contribution: ,0,Frontier diff: ,0, Frontier diff Contribution ,0,Inverse Area ratio: ,0.905645, Inv Area Ratio Contribution: ,0,Inverse Perim ratio: ,1.07895, Inv Perim Contribution: ,0, Final Score: ,-207.155
BEST Point:,145,194, Score: ,-101.211
COUNT COMMAND: 1
Signal name: ,AMTKVO, Signal value: ,16.1063
Total frontiers: ,99, Prioritised frontiers: ,28
At: ,144,193,
Point: ,183,195,Repeat score:,1, Repeat contribution: ,-1,Dist:,39.0866, Dist contribution: ,-195.433, New scanned ratio: ,0.0115863, New Scanned Cells Contribution: ,0,Area ratio: ,0.979584, Area ratio Contribution: ,0,Perim diff: ,1.04695, Perim diff Contribution: ,0,Frontier diff: ,0, Frontier diff Contribution ,0,Inverse Area ratio: ,0.911575, Inv Area Ratio Contribution: ,0,Inverse Perim ratio: ,1.0648, Inv Perim Contribution: ,0, Final Score: ,-196.433
Point: ,182,194,Repeat score:,1, Repeat contribution: ,-1,Dist:,38.0222, Dist contribution: ,-190.111, New scanned ratio: ,0.0108478, New Scanned Cells Contribution: ,0,Area ratio: ,0.980819, Area ratio Contribution: ,0,Perim diff: ,1.04425, Perim diff Contribution: ,0,Frontier diff: ,0, Frontier diff Contribution ,0,Inverse Area ratio: ,0.91306, Inv Area Ratio Contribution: ,0,Inverse Perim ratio: ,1.06089, Inv Perim Contribution: ,0, Final Score: ,-191.111
Point: ,177,194,Repeat score:,1, Repeat contribution: ,-1,Dist:,33.0256, Dist contribution: ,-165.128, New scanned ratio: ,0.0101093, New Scanned Cells Contribution: ,0,Area ratio: ,0.981018, Area ratio Contribution: ,0,Perim diff: ,1.03911, Perim diff Contribution: ,0,Frontier diff: ,0, Frontier diff Contribution ,0,Inverse Area ratio: ,0.914626, Inv Area Ratio Contribution: ,0,Inverse Perim ratio: ,1.05434, Inv Perim Contribution: ,0, Final Score: ,-166.128
Point: ,174,192,Repeat score:,1, Repeat contribution: ,-1,Dist:,30.0282, Dist contribution: ,-150.141, New scanned ratio: ,0.00828766, New Scanned Cells Contribution: ,0,Area ratio: ,0.982764, Area ratio Contribution: ,0,Perim diff: ,1.03789, Perim diff Contribution: ,0,Frontier diff: ,0, Frontier diff Contribution ,0,Inverse Area ratio: ,0.917903, Inv Area Ratio Contribution: ,0,Inverse Perim ratio: ,1.05227, Inv Perim Contribution: ,0, Final Score: ,-151.141
Point: ,172,192,Repeat score:,1, Repeat contribution: ,-1,Dist:,28.0302, Dist contribution: ,-140.151, New scanned ratio: ,0.00779532, New Scanned Cells Contribution: ,0,Area ratio: ,0.982628, Area ratio Contribution: ,0,Perim diff: ,1.03726, Perim diff Contribution: ,0,Frontier diff: ,0, Frontier diff Contribution ,0,Inverse Area ratio: ,0.914114, Inv Area Ratio Contribution: ,0,Inverse Perim ratio: ,1.05144, Inv Perim Contribution: ,0, Final Score: ,-141.151
Point: ,169,194,Repeat score:,1, Repeat contribution: ,-1,Dist:,25.0338, Dist contribution: ,-125.169, New scanned ratio: ,0.00810713, New Scanned Cells Contribution: ,0,Area ratio: ,0.980467, Area ratio Contribution: ,0,Perim diff: ,1.0375, Perim diff Contribution: ,0,Frontier diff: ,0, Frontier diff Contribution ,0,Inverse Area ratio: ,0.913189, Inv Area Ratio Contribution: ,0,Inverse Perim ratio: ,1.05219, Inv Perim Contribution: ,0, Final Score: ,-126.169
Point: ,164,194,Repeat score:,1, Repeat contribution: ,-1,Dist:,20.0422, Dist contribution: ,-100.211, New scanned ratio: ,0.006745, New Scanned Cells Contribution: ,0,Area ratio: ,0.980031, Area ratio Contribution: ,0,Perim diff: ,1.03685, Perim diff Contribution: ,0,Frontier diff: ,0, Frontier diff Contribution ,0,Inverse Area ratio: ,0.915914, Inv Area Ratio Contribution: ,0,Inverse Perim ratio: ,1.05122, Inv Perim Contribution: ,0, Final Score: ,-101.211
Point: ,164,199,Repeat score:,1, Repeat contribution: ,-1,Dist:,21.4672, Dist contribution: ,-107.336, New scanned ratio: ,0.00942003, New Scanned Cells Contribution: ,0,Area ratio: ,0.972708, Area ratio Contribution: ,0,Perim diff: ,1.04259, Perim diff Contribution: ,0,Frontier diff: ,0, Frontier diff Contribution ,0,Inverse Area ratio: ,0.910481, Inv Area Ratio Contribution: ,0,Inverse Perim ratio: ,1.05983, Inv Perim Contribution: ,0, Final Score: ,-108.336
Point: ,161,205,Repeat score:,1, Repeat contribution: ,-1,Dist:,23.0729, Dist contribution: ,-115.365, New scanned ratio: ,0.0119309, New Scanned Cells Contribution: ,0,Area ratio: ,0.962477, Area ratio Contribution: ,0,Perim diff: ,1.05397, Perim diff Contribution: ,0,Frontier diff: ,0, Frontier diff Contribution ,0,Inverse Area ratio: ,0.905308, Inv Area Ratio Contribution: ,0,Inverse Perim ratio: ,1.07617, Inv Perim Contribution: ,0, Final Score: ,-116.365
Point: ,156,210,Repeat score:,1, Repeat contribution: ,-1,Dist:,25.1478, Dist contribution: ,-125.739, New scanned ratio: ,0.0129977, New Scanned Cells Contribution: ,0,Area ratio: ,0.953579, Area ratio Contribution: ,0,Perim diff: ,1.06879, Perim diff Contribution: ,0,Frontier diff: ,0, Frontier diff Contribution ,0,Inverse Area ratio: ,0.896222, Inv Area Ratio Contribution: ,0,Inverse Perim ratio: ,1.097, Inv Perim Contribution: ,0, Final Score: ,-126.739
Point: ,150,213,Repeat score:,1, Repeat contribution: ,-1,Dist:,26.6833, Dist contribution: ,-133.417, New scanned ratio: ,0.0128992, New Scanned Cells Contribution: ,0,Area ratio: ,0.948079, Area ratio Contribution: ,0,Perim diff: ,1.06974, Perim diff Contribution: ,0,Frontier diff: ,0, Frontier diff Contribution ,0,Inverse Area ratio: ,0.896399, Inv Area Ratio Contribution: ,0,Inverse Perim ratio: ,1.09963, Inv Perim Contribution: ,0, Final Score: ,-134.417
Point: ,145,213,Repeat score:,1, Repeat contribution: ,-1,Dist:,26.0192, Dist contribution: ,-130.096, New scanned ratio: ,0.0118489, New Scanned Cells Contribution: ,0,Area ratio: ,0.947874, Area ratio Contribution: ,0,Perim diff: ,1.06356, Perim diff Contribution: ,0,Frontier diff: ,0, Frontier diff Contribution ,0,Inverse Area ratio: ,0.898588, Inv Area Ratio Contribution: ,0,Inverse Perim ratio: ,1.09174, Inv Perim Contribution: ,0, Final Score: ,-131.096
Point: ,144,214,Repeat score:,1, Repeat contribution: ,-1,Dist:,27.3, Dist contribution: ,-136.5, New scanned ratio: ,0.012292, New Scanned Cells Contribution: ,0,Area ratio: ,0.946275, Area ratio Contribution: ,0,Perim diff: ,1.0653, Perim diff Contribution: ,0,Frontier diff: ,0, Frontier diff Contribution ,0,Inverse Area ratio: ,0.897687, Inv Area Ratio Contribution: ,0,Inverse Perim ratio: ,1.09446, Inv Perim Contribution: ,0, Final Score: ,-137.5
Point: ,143,213,Repeat score:,1, Repeat contribution: ,-1,Dist:,26.0192, Dist contribution: ,-130.096, New scanned ratio: ,0.0115371, New Scanned Cells Contribution: ,0,Area ratio: ,0.947903, Area ratio Contribution: ,0,Perim diff: ,1.06162, Perim diff Contribution: ,0,Frontier diff: ,0, Frontier diff Contribution ,0,Inverse Area ratio: ,0.899232, Inv Area Ratio Contribution: ,0,Inverse Perim ratio: ,1.08925, Inv Perim Contribution: ,0, Final Score: ,-131.096
Point: ,138,213,Repeat score:,1, Repeat contribution: ,-1,Dist:,26.6833, Dist contribution: ,-133.417, New scanned ratio: ,0.0110119, New Scanned Cells Contribution: ,0,Area ratio: ,0.948152, Area ratio Contribution: ,0,Perim diff: ,1.05927, Perim diff Contribution: ,0,Frontier diff: ,0, Frontier diff Contribution ,0,Inverse Area ratio: ,0.900278, Inv Area Ratio Contribution: ,0,Inverse Perim ratio: ,1.08621, Inv Perim Contribution: ,0, Final Score: ,-134.417
Point: ,135,211,Repeat score:,1, Repeat contribution: ,-1,Dist:,25.0711, Dist contribution: ,-125.355, New scanned ratio: ,0.00963337, New Scanned Cells Contribution: ,0,Area ratio: ,0.95162, Area ratio Contribution: ,0,Perim diff: ,1.05381, Perim diff Contribution: ,0,Frontier diff: ,0, Frontier diff Contribution ,0,Inverse Area ratio: ,0.903095, Inv Area Ratio Contribution: ,0,Inverse Perim ratio: ,1.07839, Inv Perim Contribution: ,0, Final Score: ,-126.355
Point: ,131,213,Repeat score:,1, Repeat contribution: ,-1,Dist:,29.0689, Dist contribution: ,-145.344, New scanned ratio: ,0.0108806, New Scanned Cells Contribution: ,0,Area ratio: ,0.949061, Area ratio Contribution: ,0,Perim diff: ,1.05346, Perim diff Contribution: ,0,Frontier diff: ,0, Frontier diff Contribution ,0,Inverse Area ratio: ,0.900649, Inv Area Ratio Contribution: ,0,Inverse Perim ratio: ,1.07886, Inv Perim Contribution: ,0, Final Score: ,-146.344
Point: ,126,213,Repeat score:,1, Repeat contribution: ,-1,Dist:,31.6228, Dist contribution: ,-158.114, New scanned ratio: ,0.0108642, New Scanned Cells Contribution: ,0,Area ratio: ,0.949762, Area ratio Contribution: ,0,Perim diff: ,1.05072, Perim diff Contribution: ,0,Frontier diff: ,0, Frontier diff Contribution ,0,Inverse Area ratio: ,0.900665, Inv Area Ratio Contribution: ,0,Inverse Perim ratio: ,1.07523, Inv Perim Contribution: ,0, Final Score: ,-159.114
Point: ,125,214,Repeat score:,1, Repeat contribution: ,-1,Dist:,33.2609, Dist contribution: ,-166.305, New scanned ratio: ,0.0115043, New Scanned Cells Contribution: ,0,Area ratio: ,0.948296, Area ratio Contribution: ,0,Perim diff: ,1.05509, Perim diff Contribution: ,0,Frontier diff: ,0, Frontier diff Contribution ,0,Inverse Area ratio: ,0.899345, Inv Area Ratio Contribution: ,0,Inverse Perim ratio: ,1.08124, Inv Perim Contribution: ,0, Final Score: ,-167.305
Point: ,124,213,Repeat score:,1, Repeat contribution: ,-1,Dist:,32.8024, Dist contribution: ,-164.012, New scanned ratio: ,0.0108642, New Scanned Cells Contribution: ,0,Area ratio: ,0.950043, Area ratio Contribution: ,0,Perim diff: ,1.05075, Perim diff Contribution: ,0,Frontier diff: ,0, Frontier diff Contribution ,0,Inverse Area ratio: ,0.900665, Inv Area Ratio Contribution: ,0,Inverse Perim ratio: ,1.07523, Inv Perim Contribution: ,0, Final Score: ,-165.012
Point: ,119,213,Repeat score:,1, Repeat contribution: ,-1,Dist:,36.0694, Dist contribution: ,-180.347, New scanned ratio: ,0.0108806, New Scanned Cells Contribution: ,0,Area ratio: ,0.950745, Area ratio Contribution: ,0,Perim diff: ,1.05364, Perim diff Contribution: ,0,Frontier diff: ,0, Frontier diff Contribution ,0,Inverse Area ratio: ,0.900617, Inv Area Ratio Contribution: ,0,Inverse Perim ratio: ,1.07881, Inv Perim Contribution: ,0, Final Score: ,-181.347
Point: ,116,211,Repeat score:,1, Repeat contribution: ,-1,Dist:,36.4905, Dist contribution: ,-182.453, New scanned ratio: ,0.00961696, New Scanned Cells Contribution: ,0,Area ratio: ,0.954373, Area ratio Contribution: ,0,Perim diff: ,1.05131, Perim diff Contribution: ,0,Frontier diff: ,0, Frontier diff Contribution ,0,Inverse Area ratio: ,0.903128, Inv Area Ratio Contribution: ,0,Inverse Perim ratio: ,1.0747, Inv Perim Contribution: ,0, Final Score: ,-183.453
Point: ,112,213,Repeat score:,1, Repeat contribution: ,-1,Dist:,41.2311, Dist contribution: ,-206.155, New scanned ratio: ,0.0108806, New Scanned Cells Contribution: ,0,Area ratio: ,0.951714, Area ratio Contribution: ,0,Perim diff: ,1.0538, Perim diff Contribution: ,0,Frontier diff: ,0, Frontier diff Contribution ,0,Inverse Area ratio: ,0.900633, Inv Area Ratio Contribution: ,0,Inverse Perim ratio: ,1.07888, Inv Perim Contribution: ,0, Final Score: ,-207.155
Point: ,175,206,Repeat score:,1, Repeat contribution: ,-1,Dist:,35.3074, Dist contribution: ,-176.537, New scanned ratio: ,0.0167394, New Scanned Cells Contribution: ,0,Area ratio: ,0.962687, Area ratio Contribution: ,0,Perim diff: ,1.06007, Perim diff Contribution: ,0,Frontier diff: ,0, Frontier diff Contribution ,0,Inverse Area ratio: ,0.895691, Inv Area Ratio Contribution: ,0,Inverse Perim ratio: ,1.08501, Inv Perim Contribution: ,0, Final Score: ,-77.5368
Point: ,154,163,Repeat score:,1, Repeat contribution: ,-1,Dist:,40.2616, Dist contribution: ,-201.308, New scanned ratio: ,0, New Scanned Cells Contribution: ,0,Area ratio: ,0.97862, Area ratio Contribution: ,0,Perim diff: ,1.03667, Perim diff Contribution: ,0,Frontier diff: ,0, Frontier diff Contribution ,0,Inverse Area ratio: ,0.922364, Inv Area Ratio Contribution: ,0,Inverse Perim ratio: ,1.05037, Inv Perim Contribution: ,0, Final Score: ,-102.308
Point: ,135,226,Repeat score:,1, Repeat contribution: ,-1,Dist:,43.8339, Dist contribution: ,-219.169, New scanned ratio: ,0.0185447, New Scanned Cells Contribution: ,0,Area ratio: ,0.927823, Area ratio Contribution: ,0,Perim diff: ,1.08441, Perim diff Contribution: ,0,Frontier diff: ,0, Frontier diff Contribution ,0,Inverse Area ratio: ,0.884954, Inv Area Ratio Contribution: ,0,Inverse Perim ratio: ,1.12675, Inv Perim Contribution: ,0, Final Score: ,-120.169
Point: ,114,183,Repeat score:,1, Repeat contribution: ,-1,Dist:,32.6956, Dist contribution: ,-163.478, New scanned ratio: ,0, New Scanned Cells Contribution: ,0,Area ratio: ,0.97862, Area ratio Contribution: ,0,Perim diff: ,1.03667, Perim diff Contribution: ,0,Frontier diff: ,0, Frontier diff Contribution ,0,Inverse Area ratio: ,0.922364, Inv Area Ratio Contribution: ,0,Inverse Perim ratio: ,1.05037, Inv Perim Contribution: ,0, Final Score: ,-64.4778
Point: ,145,194,Repeat score:,100, Repeat contribution: ,-100,Dist:,1.64012, Dist contribution: ,-8.20061, New scanned ratio: ,0.000787738, New Scanned Cells Contribution: ,0,Area ratio: ,0.977514, Area ratio Contribution: ,0,Perim diff: ,1.03727, Perim diff Contribution: ,0,Frontier diff: ,0, Frontier diff Contribution ,0,Inverse Area ratio: ,0.920851, Inv Area Ratio Contribution: ,0,Inverse Perim ratio: ,1.05133, Inv Perim Contribution: ,0, Final Score: ,-8.20061
BEST Point:,145,194, Score: ,-8.20061
COUNT COMMAND: 2
Signal name: ,AMTKVO, Signal value: ,13.1693
Total frontiers: ,100, Prioritised frontiers: ,30
At: ,145,194,
Point: ,184,194,Repeat score:,1, Repeat contribution: ,-1,Dist:,39, Dist contribution: ,-195, New scanned ratio: ,0.0109049, New Scanned Cells Contribution: ,0,Area ratio: ,0.980969, Area ratio Contribution: ,0,Perim diff: ,1.04542, Perim diff Contribution: ,0,Frontier diff: ,0, Frontier diff Contribution ,0,Inverse Area ratio: ,0.911396, Inv Area Ratio Contribution: ,0,Inverse Perim ratio: ,1.06269, Inv Perim Contribution: ,0, Final Score: ,-196
Point: ,183,195,Repeat score:,1, Repeat contribution: ,-1,Dist:,38.0222, Dist contribution: ,-190.111, New scanned ratio: ,0.011446, New Scanned Cells Contribution: ,0,Area ratio: ,0.980193, Area ratio Contribution: ,0,Perim diff: ,1.04535, Perim diff Contribution: ,0,Frontier diff: ,0, Frontier diff Contribution ,0,Inverse Area ratio: ,0.910303, Inv Area Ratio Contribution: ,0,Inverse Perim ratio: ,1.06258, Inv Perim Contribution: ,0, Final Score: ,-191.111
Point: ,182,194,Repeat score:,1, Repeat contribution: ,-1,Dist:,37, Dist contribution: ,-185, New scanned ratio: ,0.0106917, New Scanned Cells Contribution: ,0,Area ratio: ,0.981146, Area ratio Contribution: ,0,Perim diff: ,1.04277, Perim diff Contribution: ,0,Frontier diff: ,0, Frontier diff Contribution ,0,Inverse Area ratio: ,0.911869, Inv Area Ratio Contribution: ,0,Inverse Perim ratio: ,1.05943, Inv Perim Contribution: ,0, Final Score: ,-186
Point: ,177,194,Repeat score:,1, Repeat contribution: ,-1,Dist:,32, Dist contribution: ,-160, New scanned ratio: ,0.00982257, New Scanned Cells Contribution: ,0,Area ratio: ,0.981248, Area ratio Contribution: ,0,Perim diff: ,1.03905, Perim diff Contribution: ,0,Frontier diff: ,0, Frontier diff Contribution ,0,Inverse Area ratio: ,0.913647, Inv Area Ratio Contribution: ,0,Inverse Perim ratio: ,1.05427, Inv Perim Contribution: ,0, Final Score: ,-161
Point: ,174,192,Repeat score:,1, Repeat contribution: ,-1,Dist:,29.1163, Dist contribution: ,-145.582, New scanned ratio: ,0.00798596, New Scanned Cells Contribution: ,0,Area ratio: ,0.98236, Area ratio Contribution: ,0,Perim diff: ,1.03771, Perim diff Contribution: ,0,Frontier diff: ,0, Frontier diff Contribution ,0,Inverse Area ratio: ,0.917006, Inv Area Ratio Contribution: ,0,Inverse Perim ratio: ,1.05213, Inv Perim Contribution: ,0, Final Score: ,-146.582
Point: ,172,192,Repeat score:,1, Repeat contribution: ,-1,Dist:,27.1249, Dist contribution: ,-135.624, New scanned ratio: ,0.00746122, New Scanned Cells Contribution: ,0,Area ratio: ,0.98224, Area ratio Contribution: ,0,Perim diff: ,1.03756, Perim diff Contribution: ,0,Frontier diff: ,0, Frontier diff Contribution ,0,Inverse Area ratio: ,0.913222, Inv Area Ratio Contribution: ,0,Inverse Perim ratio: ,1.0519, Inv Perim Contribution: ,0, Final Score: ,-136.624
Point: ,169,194,Repeat score:,1, Repeat contribution: ,-1,Dist:,24, Dist contribution: ,-120, New scanned ratio: ,0.00769079, New Scanned Cells Contribution: ,0,Area ratio: ,0.980608, Area ratio Contribution: ,0,Perim diff: ,1.03775, Perim diff Contribution: ,0,Frontier diff: ,0, Frontier diff Contribution ,0,Inverse Area ratio: ,0.912525, Inv Area Ratio Contribution: ,0,Inverse Perim ratio: ,1.05251, Inv Perim Contribution: ,0, Final Score: ,-121
Point: ,166,194,Repeat score:,1, Repeat contribution: ,-1,Dist:,21, Dist contribution: ,-105, New scanned ratio: ,0.00685448, New Scanned Cells Contribution: ,0,Area ratio: ,0.980371, Area ratio Contribution: ,0,Perim diff: ,1.03695, Perim diff Contribution: ,0,Frontier diff: ,0, Frontier diff Contribution ,0,Inverse Area ratio: ,0.914179, Inv Area Ratio Contribution: ,0,Inverse Perim ratio: ,1.05099, Inv Perim Contribution: ,0, Final Score: ,-106
Point: ,165,195,Repeat score:,1, Repeat contribution: ,-1,Dist:,20.0422, Dist contribution: ,-100.211, New scanned ratio: ,0.00705126, New Scanned Cells Contribution: ,0,Area ratio: ,0.979106, Area ratio Contribution: ,0,Perim diff: ,1.03941, Perim diff Contribution: ,0,Frontier diff: ,0, Frontier diff Contribution ,0,Inverse Area ratio: ,0.913741, Inv Area Ratio Contribution: ,0,Inverse Perim ratio: ,1.05467, Inv Perim Contribution: ,0, Final Score: ,-101.211
Point: ,165,200,Repeat score:,1, Repeat contribution: ,-1,Dist:,21.4672, Dist contribution: ,-107.336, New scanned ratio: ,0.00972418, New Scanned Cells Contribution: ,0,Area ratio: ,0.971398, Area ratio Contribution: ,0,Perim diff: ,1.04363, Perim diff Contribution: ,0,Frontier diff: ,0, Frontier diff Contribution ,0,Inverse Area ratio: ,0.908324, Inv Area Ratio Contribution: ,0,Inverse Perim ratio: ,1.06152, Inv Perim Contribution: ,0, Final Score: ,-108.336
Point: ,162,206,Repeat score:,1, Repeat contribution: ,-1,Dist:,23.0729, Dist contribution: ,-115.365, New scanned ratio: ,0.0121347, New Scanned Cells Contribution: ,0,Area ratio: ,0.961115, Area ratio Contribution: ,0,Perim diff: ,1.05474, Perim diff Contribution: ,0,Frontier diff: ,0, Frontier diff Contribution ,0,Inverse Area ratio: ,0.903297, Inv Area Ratio Contribution: ,0,Inverse Perim ratio: ,1.07771, Inv Perim Contribution: ,0, Final Score: ,-116.365
Point: ,157,211,Repeat score:,1, Repeat contribution: ,-1,Dist:,25.1478, Dist contribution: ,-125.739, New scanned ratio: ,0.0130202, New Scanned Cells Contribution: ,0,Area ratio: ,0.952058, Area ratio Contribution: ,0,Perim diff: ,1.07267, Perim diff Contribution: ,0,Frontier diff: ,0, Frontier diff Contribution ,0,Inverse Area ratio: ,0.894612, Inv Area Ratio Contribution: ,0,Inverse Perim ratio: ,1.10273, Inv Perim Contribution: ,0, Final Score: ,-126.739
Point: ,151,214,Repeat score:,1, Repeat contribution: ,-1,Dist:,26.6833, Dist contribution: ,-133.417, New scanned ratio: ,0.012971, New Scanned Cells Contribution: ,0,Area ratio: ,0.946648, Area ratio Contribution: ,0,Perim diff: ,1.07204, Perim diff Contribution: ,0,Frontier diff: ,0, Frontier diff Contribution ,0,Inverse Area ratio: ,0.894661, Inv Area Ratio Contribution: ,0,Inverse Perim ratio: ,1.10315, Inv Perim Contribution: ,0, Final Score: ,-134.417
Point: ,146,214,Repeat score:,1, Repeat contribution: ,-1,Dist:,26.0192, Dist contribution: ,-130.096, New scanned ratio: ,0.0120199, New Scanned Cells Contribution: ,0,Area ratio: ,0.946522, Area ratio Contribution: ,0,Perim diff: ,1.06388, Perim diff Contribution: ,0,Frontier diff: ,0, Frontier diff Contribution ,0,Inverse Area ratio: ,0.896657, Inv Area Ratio Contribution: ,0,Inverse Perim ratio: ,1.09629, Inv Perim Contribution: ,0, Final Score: ,-131.096
Point: ,145,215,Repeat score:,1, Repeat contribution: ,-1,Dist:,27.3, Dist contribution: ,-136.5, New scanned ratio: ,0.0124791, New Scanned Cells Contribution: ,0,Area ratio: ,0.944901, Area ratio Contribution: ,0,Perim diff: ,1.0656, Perim diff Contribution: ,0,Frontier diff: ,0, Frontier diff Contribution ,0,Inverse Area ratio: ,0.895755, Inv Area Ratio Contribution: ,0,Inverse Perim ratio: ,1.09549, Inv Perim Contribution: ,0, Final Score: ,-137.5
Point: ,144,214,Repeat score:,1, Repeat contribution: ,-1,Dist:,26.0192, Dist contribution: ,-130.096, New scanned ratio: ,0.0117248, New Scanned Cells Contribution: ,0,Area ratio: ,0.946507, Area ratio Contribution: ,0,Perim diff: ,1.06394, Perim diff Contribution: ,0,Frontier diff: ,0, Frontier diff Contribution ,0,Inverse Area ratio: ,0.897268, Inv Area Ratio Contribution: ,0,Inverse Perim ratio: ,1.09277, Inv Perim Contribution: ,0, Final Score: ,-131.096
Point: ,139,214,Repeat score:,1, Repeat contribution: ,-1,Dist:,26.6833, Dist contribution: ,-133.417, New scanned ratio: ,0.011282, New Scanned Cells Contribution: ,0,Area ratio: ,0.946854, Area ratio Contribution: ,0,Perim diff: ,1.05957, Perim diff Contribution: ,0,Frontier diff: ,0, Frontier diff Contribution ,0,Inverse Area ratio: ,0.89817, Inv Area Ratio Contribution: ,0,Inverse Perim ratio: ,1.08719, Inv Perim Contribution: ,0, Final Score: ,-134.417
Point: ,134,211,Repeat score:,1, Repeat contribution: ,-1,Dist:,24.6862, Dist contribution: ,-123.431, New scanned ratio: ,0.00928143, New Scanned Cells Contribution: ,0,Area ratio: ,0.952228, Area ratio Contribution: ,0,Perim diff: ,1.05147, Perim diff Contribution: ,0,Frontier diff: ,0, Frontier diff Contribution ,0,Inverse Area ratio: ,0.902242, Inv Area Ratio Contribution: ,0,Inverse Perim ratio: ,1.07536, Inv Perim Contribution: ,0, Final Score: ,-124.431
Point: ,131,213,Repeat score:,1, Repeat contribution: ,-1,Dist:,28.3917, Dist contribution: ,-141.959, New scanned ratio: ,0.0106261, New Scanned Cells Contribution: ,0,Area ratio: ,0.949566, Area ratio Contribution: ,0,Perim diff: ,1.05155, Perim diff Contribution: ,0,Frontier diff: ,0, Frontier diff Contribution ,0,Inverse Area ratio: ,0.89957, Inv Area Ratio Contribution: ,0,Inverse Perim ratio: ,1.07626, Inv Perim Contribution: ,0, Final Score: ,-142.959
Point: ,126,213,Repeat score:,1, Repeat contribution: ,-1,Dist:,31.1623, Dist contribution: ,-155.812, New scanned ratio: ,0.0106917, New Scanned Cells Contribution: ,0,Area ratio: ,0.950353, Area ratio Contribution: ,0,Perim diff: ,1.05072, Perim diff Contribution: ,0,Frontier diff: ,0, Frontier diff Contribution ,0,Inverse Area ratio: ,0.899441, Inv Area Ratio Contribution: ,0,Inverse Perim ratio: ,1.07523, Inv Perim Contribution: ,0, Final Score: ,-156.812
Point: ,125,214,Repeat score:,1, Repeat contribution: ,-1,Dist:,32.8024, Dist contribution: ,-164.012, New scanned ratio: ,0.011364, New Scanned Cells Contribution: ,0,Area ratio: ,0.948932, Area ratio Contribution: ,0,Perim diff: ,1.05309, Perim diff Contribution: ,0,Frontier diff: ,0, Frontier diff Contribution ,0,Inverse Area ratio: ,0.898089, Inv Area Ratio Contribution: ,0,Inverse Perim ratio: ,1.07875, Inv Perim Contribution: ,0, Final Score: ,-165.012
Point: ,124,213,Repeat score:,1, Repeat contribution: ,-1,Dist:,32.4205, Dist contribution: ,-162.103, New scanned ratio: ,0.0107409, New Scanned Cells Contribution: ,0,Area ratio: ,0.95068, Area ratio Contribution: ,0,Perim diff: ,1.05158, Perim diff Contribution: ,0,Frontier diff: ,0, Frontier diff Contribution ,0,Inverse Area ratio: ,0.899345, Inv Area Ratio Contribution: ,0,Inverse Perim ratio: ,1.07626, Inv Perim Contribution: ,0, Final Score: ,-163.103
Point: ,119,213,Repeat score:,1, Repeat contribution: ,-1,Dist:,35.8621, Dist contribution: ,-179.31, New scanned ratio: ,0.0108229, New Scanned Cells Contribution: ,0,Area ratio: ,0.951445, Area ratio Contribution: ,0,Perim diff: ,1.05364, Perim diff Contribution: ,0,Frontier diff: ,0, Frontier diff Contribution ,0,Inverse Area ratio: ,0.899168, Inv Area Ratio Contribution: ,0,Inverse Perim ratio: ,1.07881, Inv Perim Contribution: ,0, Final Score: ,-180.31
Point: ,116,211,Repeat score:,1, Repeat contribution: ,-1,Dist:,36.4611, Dist contribution: ,-182.305, New scanned ratio: ,0.00959299, New Scanned Cells Contribution: ,0,Area ratio: ,0.955101, Area ratio Contribution: ,0,Perim diff: ,1.0521, Perim diff Contribution: ,0,Frontier diff: ,0, Frontier diff Contribution ,0,Inverse Area ratio: ,0.901631, Inv Area Ratio Contribution: ,0,Inverse Perim ratio: ,1.07568, Inv Perim Contribution: ,0, Final Score: ,-183.305
Point: ,112,213,Repeat score:,1, Repeat contribution: ,-1,Dist:,41.22, Dist contribution: ,-206.1, New scanned ratio: ,0.0108721, New Scanned Cells Contribution: ,0,Area ratio: ,0.952462, Area ratio Contribution: ,0,Perim diff: ,1.05447, Perim diff Contribution: ,0,Frontier diff: ,0, Frontier diff Contribution ,0,Inverse Area ratio: ,0.899103, Inv Area Ratio Contribution: ,0,Inverse Perim ratio: ,1.07977, Inv Perim Contribution: ,0, Final Score: ,-207.1
Point: ,170,210,Repeat score:,1, Repeat contribution: ,-1,Dist:,32.5214, Dist contribution: ,-162.607, New scanned ratio: ,0.0169558, New Scanned Cells Contribution: ,0,Area ratio: ,0.955915, Area ratio Contribution: ,0,Perim diff: ,1.06397, Perim diff Contribution: ,0,Frontier diff: ,0, Frontier diff Contribution ,0,Inverse Area ratio: ,0.893583, Inv Area Ratio Contribution: ,0,Inverse Perim ratio: ,1.09199, Inv Perim Contribution: ,0, Final Score: ,-63.6069
Point: ,161,174,Repeat score:,1, Repeat contribution: ,-1,Dist:,30.5287, Dist contribution: ,-152.643, New scanned ratio: ,0, New Scanned Cells Contribution: ,0,Area ratio: ,0.977514, Area ratio Contribution: ,0,Perim diff: ,1.03727, Perim diff Contribution: ,0,Frontier diff: ,0, Frontier diff Contribution ,0,Inverse Area ratio: ,0.920851, Inv Area Ratio Contribution: ,0,Inverse Perim ratio: ,1.05133, Inv Perim Contribution: ,0, Final Score: ,-53.6434
Point: ,135,218,Repeat score:,1, Repeat contribution: ,-1,Dist:,32.7634, Dist contribution: ,-163.817, New scanned ratio: ,0.0137582, New Scanned Cells Contribution: ,0,Area ratio: ,0.941037, Area ratio Contribution: ,0,Perim diff: ,1.06642, Perim diff Contribution: ,0,Frontier diff: ,0, Frontier diff Contribution ,0,Inverse Area ratio: ,0.893164, Inv Area Ratio Contribution: ,0,Inverse Perim ratio: ,1.09823, Inv Perim Contribution: ,0, Final Score: ,-64.817
Point: ,126,182,Repeat score:,1, Repeat contribution: ,-1,Dist:,24.5837, Dist contribution: ,-122.919, New scanned ratio: ,0, New Scanned Cells Contribution: ,0,Area ratio: ,0.977514, Area ratio Contribution: ,0,Perim diff: ,1.03727, Perim diff Contribution: ,0,Frontier diff: ,0, Frontier diff Contribution ,0,Inverse Area ratio: ,0.920851, Inv Area Ratio Contribution: ,0,Inverse Perim ratio: ,1.05133, Inv Perim Contribution: ,0, Final Score: ,-23.9187
Point: ,148,196,Repeat score:,1, Repeat contribution: ,-1,Dist:,3.96989, Dist contribution: ,-19.8494, New scanned ratio: ,0.0019022, New Scanned Cells Contribution: ,0,Area ratio: ,0.975103, Area ratio Contribution: ,0,Perim diff: ,1.0406, Perim diff Contribution: ,0,Frontier diff: ,0, Frontier diff Contribution ,0,Inverse Area ratio: ,0.917036, Inv Area Ratio Contribution: ,0,Inverse Perim ratio: ,1.05607, Inv Perim Contribution: ,0, Final Score: ,79.1506
BEST Point:,148,196, Score: ,79.1506
COUNT COMMAND: 1
Signal name: ,AMTKVO, Signal value: ,12.0194
Total frontiers: ,101, Prioritised frontiers: ,31
At: ,148,196,
Point: ,184,194,Repeat score:,1, Repeat contribution: ,-1,Dist:,36.0938, Dist contribution: ,-180.469, New scanned ratio: ,0.010475, New Scanned Cells Contribution: ,0,Area ratio: ,0.980392, Area ratio Contribution: ,0,Perim diff: ,1.04231, Perim diff Contribution: ,0,Frontier diff: ,0, Frontier diff Contribution ,0,Inverse Area ratio: ,0.908426, Inv Area Ratio Contribution: ,0,Inverse Perim ratio: ,1.05908, Inv Perim Contribution: ,0, Final Score: ,-181.469
Point: ,183,195,Repeat score:,1, Repeat contribution: ,-1,Dist:,35.0241, Dist contribution: ,-175.121, New scanned ratio: ,0.0109169, New Scanned Cells Contribution: ,0,Area ratio: ,0.979852, Area ratio Contribution: ,0,Perim diff: ,1.04209, Perim diff Contribution: ,0,Frontier diff: ,0, Frontier diff Contribution ,0,Inverse Area ratio: ,0.907545, Inv Area Ratio Contribution: ,0,Inverse Perim ratio: ,1.05895, Inv Perim Contribution: ,0, Final Score: ,-176.121
Point: ,182,194,Repeat score:,1, Repeat contribution: ,-1,Dist:,34.0993, Dist contribution: ,-170.496, New scanned ratio: ,0.0101313, New Scanned Cells Contribution: ,0,Area ratio: ,0.980472, Area ratio Contribution: ,0,Perim diff: ,1.03972, Perim diff Contribution: ,0,Frontier diff: ,0, Frontier diff Contribution ,0,Inverse Area ratio: ,0.909161, Inv Area Ratio Contribution: ,0,Inverse Perim ratio: ,1.05565, Inv Perim Contribution: ,0, Final Score: ,-171.496
Point: ,177,194,Repeat score:,1, Repeat contribution: ,-1,Dist:,29.1163, Dist contribution: ,-145.582, New scanned ratio: ,0.00898556, New Scanned Cells Contribution: ,0,Area ratio: ,0.980348, Area ratio Contribution: ,0,Perim diff: ,1.03791, Perim diff Contribution: ,0,Frontier diff: ,0, Frontier diff Contribution ,0,Inverse Area ratio: ,0.911494, Inv Area Ratio Contribution: ,0,Inverse Perim ratio: ,1.05301, Inv Perim Contribution: ,0, Final Score: ,-146.582
Point: ,174,192,Repeat score:,1, Repeat contribution: ,-1,Dist:,26.5149, Dist contribution: ,-132.575, New scanned ratio: ,0.00711971, New Scanned Cells Contribution: ,0,Area ratio: ,0.981447, Area ratio Contribution: ,0,Perim diff: ,1.03766, Perim diff Contribution: ,0,Frontier diff: ,0, Frontier diff Contribution ,0,Inverse Area ratio: ,0.91487, Inv Area Ratio Contribution: ,0,Inverse Perim ratio: ,1.05244, Inv Perim Contribution: ,0, Final Score: ,-133.575
Point: ,172,192,Repeat score:,1, Repeat contribution: ,-1,Dist:,24.5569, Dist contribution: ,-122.784, New scanned ratio: ,0.00653049, New Scanned Cells Contribution: ,0,Area ratio: ,0.981294, Area ratio Contribution: ,0,Perim diff: ,1.03814, Perim diff Contribution: ,0,Frontier diff: ,0, Frontier diff Contribution ,0,Inverse Area ratio: ,0.911226, Inv Area Ratio Contribution: ,0,Inverse Perim ratio: ,1.05302, Inv Perim Contribution: ,0, Final Score: ,-123.784
Point: ,168,194,Repeat score:,1, Repeat contribution: ,-1,Dist:,20.1683, Dist contribution: ,-100.841, New scanned ratio: ,0.00626862, New Scanned Cells Contribution: ,0,Area ratio: ,0.979516, Area ratio Contribution: ,0,Perim diff: ,1.03747, Perim diff Contribution: ,0,Frontier diff: ,0, Frontier diff Contribution ,0,Inverse Area ratio: ,0.91147, Inv Area Ratio Contribution: ,0,Inverse Perim ratio: ,1.05228, Inv Perim Contribution: ,0, Final Score: ,-101.841
Point: ,169,196,Repeat score:,1, Repeat contribution: ,-1,Dist:,21, Dist contribution: ,-105, New scanned ratio: ,0.00752889, New Scanned Cells Contribution: ,0,Area ratio: ,0.978215, Area ratio Contribution: ,0,Perim diff: ,1.04037, Perim diff Contribution: ,0,Frontier diff: ,0, Frontier diff Contribution ,0,Inverse Area ratio: ,0.908924, Inv Area Ratio Contribution: ,0,Inverse Perim ratio: ,1.05629, Inv Perim Contribution: ,0, Final Score: ,-106
Point: ,168,197,Repeat score:,1, Repeat contribution: ,-1,Dist:,20.0422, Dist contribution: ,-100.211, New scanned ratio: ,0.00769256, New Scanned Cells Contribution: ,0,Area ratio: ,0.977107, Area ratio Contribution: ,0,Perim diff: ,1.04139, Perim diff Contribution: ,0,Frontier diff: ,0, Frontier diff Contribution ,0,Inverse Area ratio: ,0.908632, Inv Area Ratio Contribution: ,0,Inverse Perim ratio: ,1.05787, Inv Perim Contribution: ,0, Final Score: ,-101.211
Point: ,168,202,Repeat score:,1, Repeat contribution: ,-1,Dist:,21.4672, Dist contribution: ,-107.336, New scanned ratio: ,0.0103277, New Scanned Cells Contribution: ,0,Area ratio: ,0.968985, Area ratio Contribution: ,0,Perim diff: ,1.04655, Perim diff Contribution: ,0,Frontier diff: ,0, Frontier diff Contribution ,0,Inverse Area ratio: ,0.903216, Inv Area Ratio Contribution: ,0,Inverse Perim ratio: ,1.06643, Inv Perim Contribution: ,0, Final Score: ,-108.336
Point: ,165,208,Repeat score:,1, Repeat contribution: ,-1,Dist:,23.0729, Dist contribution: ,-115.365, New scanned ratio: ,0.0125209, New Scanned Cells Contribution: ,0,Area ratio: ,0.958589, Area ratio Contribution: ,0,Perim diff: ,1.05941, Perim diff Contribution: ,0,Frontier diff: ,0, Frontier diff Contribution ,0,Inverse Area ratio: ,0.89861, Inv Area Ratio Contribution: ,0,Inverse Perim ratio: ,1.08459, Inv Perim Contribution: ,0, Final Score: ,-116.365
Point: ,160,213,Repeat score:,1, Repeat contribution: ,-1,Dist:,25.1478, Dist contribution: ,-125.739, New scanned ratio: ,0.0130119, New Scanned Cells Contribution: ,0,Area ratio: ,0.94916, Area ratio Contribution: ,0,Perim diff: ,1.07895, Perim diff Contribution: ,0,Frontier diff: ,0, Frontier diff Contribution ,0,Inverse Area ratio: ,0.890685, Inv Area Ratio Contribution: ,0,Inverse Perim ratio: ,1.11164, Inv Perim Contribution: ,0, Final Score: ,-126.739
Point: ,154,216,Repeat score:,1, Repeat contribution: ,-1,Dist:,26.6833, Dist contribution: ,-133.417, New scanned ratio: ,0.0129955, New Scanned Cells Contribution: ,0,Area ratio: ,0.943738, Area ratio Contribution: ,0,Perim diff: ,1.07854, Perim diff Contribution: ,0,Frontier diff: ,0, Frontier diff Contribution ,0,Inverse Area ratio: ,0.890733, Inv Area Ratio Contribution: ,0,Inverse Perim ratio: ,1.11273, Inv Perim Contribution: ,0, Final Score: ,-134.417
Point: ,149,216,Repeat score:,1, Repeat contribution: ,-1,Dist:,26.0192, Dist contribution: ,-130.096, New scanned ratio: ,0.0122754, New Scanned Cells Contribution: ,0,Area ratio: ,0.943782, Area ratio Contribution: ,0,Perim diff: ,1.07063, Perim diff Contribution: ,0,Frontier diff: ,0, Frontier diff Contribution ,0,Inverse Area ratio: ,0.89231, Inv Area Ratio Contribution: ,0,Inverse Perim ratio: ,1.10263, Inv Perim Contribution: ,0, Final Score: ,-131.096
Point: ,148,217,Repeat score:,1, Repeat contribution: ,-1,Dist:,27.3, Dist contribution: ,-136.5, New scanned ratio: ,0.0127664, New Scanned Cells Contribution: ,0,Area ratio: ,0.942228, Area ratio Contribution: ,0,Perim diff: ,1.07091, Perim diff Contribution: ,0,Frontier diff: ,0, Frontier diff Contribution ,0,Inverse Area ratio: ,0.891328, Inv Area Ratio Contribution: ,0,Inverse Perim ratio: ,1.1036, Inv Perim Contribution: ,0, Final Score: ,-137.5
Point: ,147,216,Repeat score:,1, Repeat contribution: ,-1,Dist:,26.0192, Dist contribution: ,-130.096, New scanned ratio: ,0.0120626, New Scanned Cells Contribution: ,0,Area ratio: ,0.943881, Area ratio Contribution: ,0,Perim diff: ,1.06852, Perim diff Contribution: ,0,Frontier diff: ,0, Frontier diff Contribution ,0,Inverse Area ratio: ,0.892745, Inv Area Ratio Contribution: ,0,Inverse Perim ratio: ,1.09993, Inv Perim Contribution: ,0, Final Score: ,-131.096
Point: ,142,216,Repeat score:,1, Repeat contribution: ,-1,Dist:,26.6833, Dist contribution: ,-133.417, New scanned ratio: ,0.011768, New Scanned Cells Contribution: ,0,Area ratio: ,0.944348, Area ratio Contribution: ,0,Perim diff: ,1.06355, Perim diff Contribution: ,0,Frontier diff: ,0, Frontier diff Contribution ,0,Inverse Area ratio: ,0.893373, Inv Area Ratio Contribution: ,0,Inverse Perim ratio: ,1.09354, Inv Perim Contribution: ,0, Final Score: ,-134.417
Point: ,136,213,Repeat score:,1, Repeat contribution: ,-1,Dist:,25.1478, Dist contribution: ,-125.739, New scanned ratio: ,0.00991849, New Scanned Cells Contribution: ,0,Area ratio: ,0.950007, Area ratio Contribution: ,0,Perim diff: ,1.05698, Perim diff Contribution: ,0,Frontier diff: ,0, Frontier diff Contribution ,0,Inverse Area ratio: ,0.897091, Inv Area Ratio Contribution: ,0,Inverse Perim ratio: ,1.0832, Inv Perim Contribution: ,0, Final Score: ,-126.739
Point: ,134,211,Repeat score:,1, Repeat contribution: ,-1,Dist:,24.0052, Dist contribution: ,-120.026, New scanned ratio: ,0.00877279, New Scanned Cells Contribution: ,0,Area ratio: ,0.953546, Area ratio Contribution: ,0,Perim diff: ,1.05117, Perim diff Contribution: ,0,Frontier diff: ,0, Frontier diff Contribution ,0,Inverse Area ratio: ,0.899506, Inv Area Ratio Contribution: ,0,Inverse Perim ratio: ,1.07481, Inv Perim Contribution: ,0, Final Score: ,-121.026
Point: ,131,213,Repeat score:,1, Repeat contribution: ,-1,Dist:,27.8821, Dist contribution: ,-139.41, New scanned ratio: ,0.0102458, New Scanned Cells Contribution: ,0,Area ratio: ,0.95105, Area ratio Contribution: ,0,Perim diff: ,1.05251, Perim diff Contribution: ,0,Frontier diff: ,0, Frontier diff Contribution ,0,Inverse Area ratio: ,0.896544, Inv Area Ratio Contribution: ,0,Inverse Perim ratio: ,1.07764, Inv Perim Contribution: ,0, Final Score: ,-140.41
Point: ,126,213,Repeat score:,1, Repeat contribution: ,-1,Dist:,31.1835, Dist contribution: ,-155.917, New scanned ratio: ,0.0104913, New Scanned Cells Contribution: ,0,Area ratio: ,0.951993, Area ratio Contribution: ,0,Perim diff: ,1.05242, Perim diff Contribution: ,0,Frontier diff: ,0, Frontier diff Contribution ,0,Inverse Area ratio: ,0.896045, Inv Area Ratio Contribution: ,0,Inverse Perim ratio: ,1.07741, Inv Perim Contribution: ,0, Final Score: ,-156.917
Point: ,125,214,Repeat score:,1, Repeat contribution: ,-1,Dist:,32.811, Dist contribution: ,-164.055, New scanned ratio: ,0.0111788, New Scanned Cells Contribution: ,0,Area ratio: ,0.950568, Area ratio Contribution: ,0,Perim diff: ,1.05555, Perim diff Contribution: ,0,Frontier diff: ,0, Frontier diff Contribution ,0,Inverse Area ratio: ,0.894661, Inv Area Ratio Contribution: ,0,Inverse Perim ratio: ,1.08188, Inv Perim Contribution: ,0, Final Score: ,-165.055
Point: ,124,213,Repeat score:,1, Repeat contribution: ,-1,Dist:,32.6253, Dist contribution: ,-163.126, New scanned ratio: ,0.0105895, New Scanned Cells Contribution: ,0,Area ratio: ,0.952359, Area ratio Contribution: ,0,Perim diff: ,1.05263, Perim diff Contribution: ,0,Frontier diff: ,0, Frontier diff Contribution ,0,Inverse Area ratio: ,0.895868, Inv Area Ratio Contribution: ,0,Inverse Perim ratio: ,1.07764, Inv Perim Contribution: ,0, Final Score: ,-164.126
Point: ,119,213,Repeat score:,1, Repeat contribution: ,-1,Dist:,36.4611, Dist contribution: ,-182.305, New scanned ratio: ,0.0107696, New Scanned Cells Contribution: ,0,Area ratio: ,0.953203, Area ratio Contribution: ,0,Perim diff: ,1.05729, Perim diff Contribution: ,0,Frontier diff: ,0, Frontier diff Contribution ,0,Inverse Area ratio: ,0.895465, Inv Area Ratio Contribution: ,0,Inverse Perim ratio: ,1.08342, Inv Perim Contribution: ,0, Final Score: ,-183.305
Point: ,116,211,Repeat score:,1, Repeat contribution: ,-1,Dist:,37.4733, Dist contribution: ,-187.367, New scanned ratio: ,0.00957478, New Scanned Cells Contribution: ,0,Area ratio: ,0.95693, Area ratio Contribution: ,0,Perim diff: ,1.05425, Perim diff Contribution: ,0,Frontier diff: ,0, Frontier diff Contribution ,0,Inverse Area ratio: ,0.897832, Inv Area Ratio Contribution: ,0,Inverse Perim ratio: ,1.07842, Inv Perim Contribution: ,0, Final Score: ,-188.367
Point: ,112,213,Repeat score:,1, Repeat contribution: ,-1,Dist:,42.2423, Dist contribution: ,-211.211, New scanned ratio: ,0.0108514, New Scanned Cells Contribution: ,0,Area ratio: ,0.954276, Area ratio Contribution: ,0,Perim diff: ,1.05822, Perim diff Contribution: ,0,Frontier diff: ,0, Frontier diff Contribution ,0,Inverse Area ratio: ,0.895288, Inv Area Ratio Contribution: ,0,Inverse Perim ratio: ,1.08451, Inv Perim Contribution: ,0, Final Score: ,-212.211
Point: ,170,194,Repeat score:,1, Repeat contribution: ,-1,Dist:,22.1531, Dist contribution: ,-110.766, New scanned ratio: ,0.0068742, New Scanned Cells Contribution: ,0,Area ratio: ,0.979669, Area ratio Contribution: ,0,Perim diff: ,1.03991, Perim diff Contribution: ,0,Frontier diff: ,0, Frontier diff Contribution ,0,Inverse Area ratio: ,0.91027, Inv Area Ratio Contribution: ,0,Inverse Perim ratio: ,1.05537, Inv Perim Contribution: ,0, Final Score: ,-11.7655
Point: ,150,178,Repeat score:,1, Repeat contribution: ,-1,Dist:,23.4853, Dist contribution: ,-117.427, New scanned ratio: ,0, New Scanned Cells Contribution: ,0,Area ratio: ,0.975103, Area ratio Contribution: ,0,Perim diff: ,1.0406, Perim diff Contribution: ,0,Frontier diff: ,0, Frontier diff Contribution ,0,Inverse Area ratio: ,0.917036, Inv Area Ratio Contribution: ,0,Inverse Perim ratio: ,1.05607, Inv Perim Contribution: ,0, Final Score: ,-18.4266
Point: ,148,220,Repeat score:,1, Repeat contribution: ,-1,Dist:,31.2, Dist contribution: ,-156, New scanned ratio: ,0.0145177, New Scanned Cells Contribution: ,0,Area ratio: ,0.937427, Area ratio Contribution: ,0,Perim diff: ,1.07707, Perim diff Contribution: ,0,Frontier diff: ,0, Frontier diff Contribution ,0,Inverse Area ratio: ,0.887771, Inv Area Ratio Contribution: ,0,Inverse Perim ratio: ,1.11338, Inv Perim Contribution: ,0, Final Score: ,-57
Point: ,129,204,Repeat score:,1, Repeat contribution: ,-1,Dist:,21.6601, Dist contribution: ,-108.301, New scanned ratio: ,0.00477921, New Scanned Cells Contribution: ,0,Area ratio: ,0.965594, Area ratio Contribution: ,0,Perim diff: ,1.04296, Perim diff Contribution: ,0,Frontier diff: ,0, Frontier diff Contribution ,0,Inverse Area ratio: ,0.90757, Inv Area Ratio Contribution: ,0,Inverse Perim ratio: ,1.06144, Inv Perim Contribution: ,0, Final Score: ,-9.30051
Point: ,149,199,Repeat score:,1, Repeat contribution: ,-1,Dist:,4.02616, Dist contribution: ,-20.1308, New scanned ratio: ,0.00198042, New Scanned Cells Contribution: ,0,Area ratio: ,0.970545, Area ratio Contribution: ,0,Perim diff: ,1.04368, Perim diff Contribution: ,0,Frontier diff: ,0, Frontier diff Contribution ,0,Inverse Area ratio: ,0.91306, Inv Area Ratio Contribution: ,0,Inverse Perim ratio: ,1.06076, Inv Perim Contribution: ,0, Final Score: ,78.8692
BEST Point:,149,199, Score: ,78.8692
COUNT COMMAND: 1
Signal name: ,AMTKVO, Signal value: ,8.9609
Total frontiers: ,102, Prioritised frontiers: ,27
At: ,149,199,
Point: ,184,194,Repeat score:,1, Repeat contribution: ,-1,Dist:,35.5985, Dist contribution: ,-177.992, New scanned ratio: ,0.0102256, New Scanned Cells Contribution: ,0,Area ratio: ,0.978394, Area ratio Contribution: ,0,Perim diff: ,1.04166, Perim diff Contribution: ,0,Frontier diff: ,0, Frontier diff Contribution ,0,Inverse Area ratio: ,0.904903, Inv Area Ratio Contribution: ,0,Inverse Perim ratio: ,1.05828, Inv Perim Contribution: ,0, Final Score: ,-178.992
Point: ,183,195,Repeat score:,1, Repeat contribution: ,-1,Dist:,34.3953, Dist contribution: ,-171.977, New scanned ratio: ,0.0106013, New Scanned Cells Contribution: ,0,Area ratio: ,0.977856, Area ratio Contribution: ,0,Perim diff: ,1.04185, Perim diff Contribution: ,0,Frontier diff: ,0, Frontier diff Contribution ,0,Inverse Area ratio: ,0.904185, Inv Area Ratio Contribution: ,0,Inverse Perim ratio: ,1.05891, Inv Perim Contribution: ,0, Final Score: ,-172.977
Point: ,182,194,Repeat score:,1, Repeat contribution: ,-1,Dist:,33.6341, Dist contribution: ,-168.17, New scanned ratio: ,0.00980088, New Scanned Cells Contribution: ,0,Area ratio: ,0.978447, Area ratio Contribution: ,0,Perim diff: ,1.04053, Perim diff Contribution: ,0,Frontier diff: ,0, Frontier diff Contribution ,0,Inverse Area ratio: ,0.9058, Inv Area Ratio Contribution: ,0,Inverse Perim ratio: ,1.05715, Inv Perim Contribution: ,0, Final Score: ,-169.17
Point: ,177,194,Repeat score:,1, Repeat contribution: ,-1,Dist:,28.7446, Dist contribution: ,-143.723, New scanned ratio: ,0.00852676, New Scanned Cells Contribution: ,0,Area ratio: ,0.978279, Area ratio Contribution: ,0,Perim diff: ,1.03844, Perim diff Contribution: ,0,Frontier diff: ,0, Frontier diff Contribution ,0,Inverse Area ratio: ,0.90841, Inv Area Ratio Contribution: ,0,Inverse Perim ratio: ,1.05432, Inv Perim Contribution: ,0, Final Score: ,-144.723
Point: ,174,192,Repeat score:,1, Repeat contribution: ,-1,Dist:,26.6047, Dist contribution: ,-133.023, New scanned ratio: ,0.00668093, New Scanned Cells Contribution: ,0,Area ratio: ,0.977154, Area ratio Contribution: ,0,Perim diff: ,1.03785, Perim diff Contribution: ,0,Frontier diff: ,0, Frontier diff Contribution ,0,Inverse Area ratio: ,0.911739, Inv Area Ratio Contribution: ,0,Inverse Perim ratio: ,1.05358, Inv Perim Contribution: ,0, Final Score: ,-134.023
Point: ,172,192,Repeat score:,1, Repeat contribution: ,-1,Dist:,24.7348, Dist contribution: ,-123.674, New scanned ratio: ,0.00606021, New Scanned Cells Contribution: ,0,Area ratio: ,0.976554, Area ratio Contribution: ,0,Perim diff: ,1.03767, Perim diff Contribution: ,0,Frontier diff: ,0, Frontier diff Contribution ,0,Inverse Area ratio: ,0.908193, Inv Area Ratio Contribution: ,0,Inverse Perim ratio: ,1.05335, Inv Perim Contribution: ,0, Final Score: ,-124.674
Point: ,169,194,Repeat score:,1, Repeat contribution: ,-1,Dist:,21.0297, Dist contribution: ,-105.149, New scanned ratio: ,0.00594587, New Scanned Cells Contribution: ,0,Area ratio: ,0.976411, Area ratio Contribution: ,0,Perim diff: ,1.03799, Perim diff Contribution: ,0,Frontier diff: ,0, Frontier diff Contribution ,0,Inverse Area ratio: ,0.90813, Inv Area Ratio Contribution: ,0,Inverse Perim ratio: ,1.0538, Inv Perim Contribution: ,0, Final Score: ,-106.149
Point: ,169,198,Repeat score:,1, Repeat contribution: ,-1,Dist:,20.0422, Dist contribution: ,-100.211, New scanned ratio: ,0.00769369, New Scanned Cells Contribution: ,0,Area ratio: ,0.9747, Area ratio Contribution: ,0,Perim diff: ,1.04263, Perim diff Contribution: ,0,Frontier diff: ,0, Frontier diff Contribution ,0,Inverse Area ratio: ,0.904611, Inv Area Ratio Contribution: ,0,Inverse Perim ratio: ,1.05985, Inv Perim Contribution: ,0, Final Score: ,-101.211
Point: ,170,199,Repeat score:,1, Repeat contribution: ,-1,Dist:,21, Dist contribution: ,-105, New scanned ratio: ,0.0085431, New Scanned Cells Contribution: ,0,Area ratio: ,0.974147, Area ratio Contribution: ,0,Perim diff: ,1.04378, Perim diff Contribution: ,0,Frontier diff: ,0, Frontier diff Contribution ,0,Inverse Area ratio: ,0.902908, Inv Area Ratio Contribution: ,0,Inverse Perim ratio: ,1.06159, Inv Perim Contribution: ,0, Final Score: ,-106
Point: ,169,200,Repeat score:,1, Repeat contribution: ,-1,Dist:,20.0422, Dist contribution: ,-100.211, New scanned ratio: ,0.00865744, New Scanned Cells Contribution: ,0,Area ratio: ,0.973361, Area ratio Contribution: ,0,Perim diff: ,1.04415, Perim diff Contribution: ,0,Frontier diff: ,0, Frontier diff Contribution ,0,Inverse Area ratio: ,0.902664, Inv Area Ratio Contribution: ,0,Inverse Perim ratio: ,1.06233, Inv Perim Contribution: ,0, Final Score: ,-101.211
Point: ,169,205,Repeat score:,1, Repeat contribution: ,-1,Dist:,21.4672, Dist contribution: ,-107.336, New scanned ratio: ,0.011173, New Scanned Cells Contribution: ,0,Area ratio: ,0.965041, Area ratio Contribution: ,0,Perim diff: ,1.05181, Perim diff Contribution: ,0,Frontier diff: ,0, Frontier diff Contribution ,0,Inverse Area ratio: ,0.897491, Inv Area Ratio Contribution: ,0,Inverse Perim ratio: ,1.07396, Inv Perim Contribution: ,0, Final Score: ,-108.336
Point: ,166,211,Repeat score:,1, Repeat contribution: ,-1,Dist:,23.0729, Dist contribution: ,-115.365, New scanned ratio: ,0.0129045, New Scanned Cells Contribution: ,0,Area ratio: ,0.954378, Area ratio Contribution: ,0,Perim diff: ,1.06755, Perim diff Contribution: ,0,Frontier diff: ,0, Frontier diff Contribution ,0,Inverse Area ratio: ,0.887279, Inv Area Ratio Contribution: ,0,Inverse Perim ratio: ,1.10762, Inv Perim Contribution: ,0, Final Score: ,-116.365
Point: ,161,216,Repeat score:,1, Repeat contribution: ,-1,Dist:,25.1478, Dist contribution: ,-125.739, New scanned ratio: ,0.0129862, New Scanned Cells Contribution: ,0,Area ratio: ,0.944648, Area ratio Contribution: ,0,Perim diff: ,1.08118, Perim diff Contribution: ,0,Frontier diff: ,0, Frontier diff Contribution ,0,Inverse Area ratio: ,0.886693, Inv Area Ratio Contribution: ,0,Inverse Perim ratio: ,1.11611, Inv Perim Contribution: ,0, Final Score: ,-126.739
Point: ,155,219,Repeat score:,1, Repeat contribution: ,-1,Dist:,26.6833, Dist contribution: ,-133.417, New scanned ratio: ,0.0129698, New Scanned Cells Contribution: ,0,Area ratio: ,0.939036, Area ratio Contribution: ,0,Perim diff: ,1.08063, Perim diff Contribution: ,0,Frontier diff: ,0, Frontier diff Contribution ,0,Inverse Area ratio: ,0.886757, Inv Area Ratio Contribution: ,0,Inverse Perim ratio: ,1.11742, Inv Perim Contribution: ,0, Final Score: ,-134.417
Point: ,150,219,Repeat score:,1, Repeat contribution: ,-1,Dist:,26.0192, Dist contribution: ,-130.096, New scanned ratio: ,0.0124471, New Scanned Cells Contribution: ,0,Area ratio: ,0.939228, Area ratio Contribution: ,0,Perim diff: ,1.07528, Perim diff Contribution: ,0,Frontier diff: ,0, Frontier diff Contribution ,0,Inverse Area ratio: ,0.887916, Inv Area Ratio Contribution: ,0,Inverse Perim ratio: ,1.11049, Inv Perim Contribution: ,0, Final Score: ,-131.096
Point: ,149,220,Repeat score:,1, Repeat contribution: ,-1,Dist:,27.3, Dist contribution: ,-136.5, New scanned ratio: ,0.0129698, New Scanned Cells Contribution: ,0,Area ratio: ,0.937718, Area ratio Contribution: ,0,Perim diff: ,1.07693, Perim diff Contribution: ,0,Frontier diff: ,0, Frontier diff Contribution ,0,Inverse Area ratio: ,0.886854, Inv Area Ratio Contribution: ,0,Inverse Perim ratio: ,1.11321, Inv Perim Contribution: ,0, Final Score: ,-137.5
Point: ,148,219,Repeat score:,1, Repeat contribution: ,-1,Dist:,26.0192, Dist contribution: ,-130.096, New scanned ratio: ,0.0123328, New Scanned Cells Contribution: ,0,Area ratio: ,0.939409, Area ratio Contribution: ,0,Perim diff: ,1.07337, Perim diff Contribution: ,0,Frontier diff: ,0, Frontier diff Contribution ,0,Inverse Area ratio: ,0.888173, Inv Area Ratio Contribution: ,0,Inverse Perim ratio: ,1.108, Inv Perim Contribution: ,0, Final Score: ,-131.096
Point: ,143,219,Repeat score:,1, Repeat contribution: ,-1,Dist:,26.6833, Dist contribution: ,-133.417, New scanned ratio: ,0.0122838, New Scanned Cells Contribution: ,0,Area ratio: ,0.940107, Area ratio Contribution: ,0,Perim diff: ,1.06824, Perim diff Contribution: ,0,Frontier diff: ,0, Frontier diff Contribution ,0,Inverse Area ratio: ,0.888302, Inv Area Ratio Contribution: ,0,Inverse Perim ratio: ,1.10139, Inv Perim Contribution: ,0, Final Score: ,-134.417
Point: ,137,216,Repeat score:,1, Repeat contribution: ,-1,Dist:,25.1478, Dist contribution: ,-125.739, New scanned ratio: ,0.0107156, New Scanned Cells Contribution: ,0,Area ratio: ,0.945956, Area ratio Contribution: ,0,Perim diff: ,1.06143, Perim diff Contribution: ,0,Frontier diff: ,0, Frontier diff Contribution ,0,Inverse Area ratio: ,0.891506, Inv Area Ratio Contribution: ,0,Inverse Perim ratio: ,1.09054, Inv Perim Contribution: ,0, Final Score: ,-126.739
Point: ,133,212,Repeat score:,1, Repeat contribution: ,-1,Dist:,23.2725, Dist contribution: ,-116.363, New scanned ratio: ,0.00864111, New Scanned Cells Contribution: ,0,Area ratio: ,0.953333, Area ratio Contribution: ,0,Perim diff: ,1.05245, Perim diff Contribution: ,0,Frontier diff: ,0, Frontier diff Contribution ,0,Inverse Area ratio: ,0.895803, Inv Area Ratio Contribution: ,0,Inverse Perim ratio: ,1.07711, Inv Perim Contribution: ,0, Final Score: ,-117.363
Point: ,131,213,Repeat score:,1, Repeat contribution: ,-1,Dist:,25.5977, Dist contribution: ,-127.988, New scanned ratio: ,0.00949052, New Scanned Cells Contribution: ,0,Area ratio: ,0.952207, Area ratio Contribution: ,0,Perim diff: ,1.05295, Perim diff Contribution: ,0,Frontier diff: ,0, Frontier diff Contribution ,0,Inverse Area ratio: ,0.894081, Inv Area Ratio Contribution: ,0,Inverse Perim ratio: ,1.07802, Inv Perim Contribution: ,0, Final Score: ,-128.988
Point: ,126,213,Repeat score:,1, Repeat contribution: ,-1,Dist:,29.3298, Dist contribution: ,-146.649, New scanned ratio: ,0.00998056, New Scanned Cells Contribution: ,0,Area ratio: ,0.953376, Area ratio Contribution: ,0,Perim diff: ,1.05304, Perim diff Contribution: ,0,Frontier diff: ,0, Frontier diff Contribution ,0,Inverse Area ratio: ,0.893115, Inv Area Ratio Contribution: ,0,Inverse Perim ratio: ,1.07802, Inv Perim Contribution: ,0, Final Score: ,-147.649
Point: ,125,214,Repeat score:,1, Repeat contribution: ,-1,Dist:,30.9233, Dist contribution: ,-154.616, New scanned ratio: ,0.0107156, New Scanned Cells Contribution: ,0,Area ratio: ,0.952034, Area ratio Contribution: ,0,Perim diff: ,1.05572, Perim diff Contribution: ,0,Frontier diff: ,0, Frontier diff Contribution ,0,Inverse Area ratio: ,0.891667, Inv Area Ratio Contribution: ,0,Inverse Perim ratio: ,1.08215, Inv Perim Contribution: ,0, Final Score: ,-155.616
Point: ,124,213,Repeat score:,1, Repeat contribution: ,-1,Dist:,30.9231, Dist contribution: ,-154.616, New scanned ratio: ,0.0101766, New Scanned Cells Contribution: ,0,Area ratio: ,0.953844, Area ratio Contribution: ,0,Perim diff: ,1.05306, Perim diff Contribution: ,0,Frontier diff: ,0, Frontier diff Contribution ,0,Inverse Area ratio: ,0.892729, Inv Area Ratio Contribution: ,0,Inverse Perim ratio: ,1.07802, Inv Perim Contribution: ,0, Final Score: ,-155.616
Point: ,119,213,Repeat score:,1, Repeat contribution: ,-1,Dist:,35.089, Dist contribution: ,-175.445, New scanned ratio: ,0.0105686, New Scanned Cells Contribution: ,0,Area ratio: ,0.954931, Area ratio Contribution: ,0,Perim diff: ,1.05751, Perim diff Contribution: ,0,Frontier diff: ,0, Frontier diff Contribution ,0,Inverse Area ratio: ,0.891876, Inv Area Ratio Contribution: ,0,Inverse Perim ratio: ,1.08364, Inv Perim Contribution: ,0, Final Score: ,-176.445
Point: ,115,211,Repeat score:,1, Repeat contribution: ,-1,Dist:,37.408, Dist contribution: ,-187.04, New scanned ratio: ,0.00952319, New Scanned Cells Contribution: ,0,Area ratio: ,0.958926, Area ratio Contribution: ,0,Perim diff: ,1.05726, Perim diff Contribution: ,0,Frontier diff: ,0, Frontier diff Contribution ,0,Inverse Area ratio: ,0.893936, Inv Area Ratio Contribution: ,0,Inverse Perim ratio: ,1.0821, Inv Perim Contribution: ,0, Final Score: ,-188.04
Point: ,112,213,Repeat score:,1, Repeat contribution: ,-1,Dist:,41.234, Dist contribution: ,-206.17, New scanned ratio: ,0.01083, New Scanned Cells Contribution: ,0,Area ratio: ,0.956138, Area ratio Contribution: ,0,Perim diff: ,1.06221, Perim diff Contribution: ,0,Frontier diff: ,0, Frontier diff Contribution ,0,Inverse Area ratio: ,0.891312, Inv Area Ratio Contribution: ,0,Inverse Perim ratio: ,1.08936, Inv Perim Contribution: ,0, Final Score: ,-207.17
BEST Point:,169,198, Score: ,-101.211
COUNT COMMAND: 1
Total frontiers: ,102, Prioritised frontiers: ,28
At: ,168,198,
Point: ,204,194,Repeat score:,1, Repeat contribution: ,-1,Dist:,36.3736, Dist contribution: ,-181.868, New scanned ratio: ,0.0103457, New Scanned Cells Contribution: ,0,Area ratio: ,0.980912, Area ratio Contribution: ,0,Perim diff: ,1.04293, Perim diff Contribution: ,0,Frontier diff: ,0, Frontier diff Contribution ,0,Inverse Area ratio: ,0.889861, Inv Area Ratio Contribution: ,0,Inverse Perim ratio: ,1.06093, Inv Perim Contribution: ,0, Final Score: ,-182.868
Point: ,203,195,Repeat score:,1, Repeat contribution: ,-1,Dist:,35.2166, Dist contribution: ,-176.083, New scanned ratio: ,0.0107673, New Scanned Cells Contribution: ,0,Area ratio: ,0.980546, Area ratio Contribution: ,0,Perim diff: ,1.04149, Perim diff Contribution: ,0,Frontier diff: ,0, Frontier diff Contribution ,0,Inverse Area ratio: ,0.889045, Inv Area Ratio Contribution: ,0,Inverse Perim ratio: ,1.05919, Inv Perim Contribution: ,0, Final Score: ,-177.083
Point: ,202,194,Repeat score:,1, Repeat contribution: ,-1,Dist:,34.3953, Dist contribution: ,-171.977, New scanned ratio: ,0.00997276, New Scanned Cells Contribution: ,0,Area ratio: ,0.980983, Area ratio Contribution: ,0,Perim diff: ,1.04028, Perim diff Contribution: ,0,Frontier diff: ,0, Frontier diff Contribution ,0,Inverse Area ratio: ,0.89066, Inv Area Ratio Contribution: ,0,Inverse Perim ratio: ,1.05743, Inv Perim Contribution: ,0, Final Score: ,-172.977
Point: ,197,194,Repeat score:,1, Repeat contribution: ,-1,Dist:,29.4625, Dist contribution: ,-147.313, New scanned ratio: ,0.008789, New Scanned Cells Contribution: ,0,Area ratio: ,0.98089, Area ratio Contribution: ,0,Perim diff: ,1.03745, Perim diff Contribution: ,0,Frontier diff: ,0, Frontier diff Contribution ,0,Inverse Area ratio: ,0.893107, Inv Area Ratio Contribution: ,0,Inverse Perim ratio: ,1.05357, Inv Perim Contribution: ,0, Final Score: ,-148.313
Point: ,194,192,Repeat score:,1, Repeat contribution: ,-1,Dist:,27.1448, Dist contribution: ,-135.724, New scanned ratio: ,0.00694039, New Scanned Cells Contribution: ,0,Area ratio: ,0.981449, Area ratio Contribution: ,0,Perim diff: ,1.03778, Perim diff Contribution: ,0,Frontier diff: ,0, Frontier diff Contribution ,0,Inverse Area ratio: ,0.896827, Inv Area Ratio Contribution: ,0,Inverse Perim ratio: ,1.0538, Inv Perim Contribution: ,0, Final Score: ,-136.724
Point: ,192,192,Repeat score:,1, Repeat contribution: ,-1,Dist:,25.2357, Dist contribution: ,-126.178, New scanned ratio: ,0.0063404, New Scanned Cells Contribution: ,0,Area ratio: ,0.980884, Area ratio Contribution: ,0,Perim diff: ,1.03747, Perim diff Contribution: ,0,Frontier diff: ,0, Frontier diff Contribution ,0,Inverse Area ratio: ,0.897985, Inv Area Ratio Contribution: ,0,Inverse Perim ratio: ,1.05342, Inv Perim Contribution: ,0, Final Score: ,-127.178
Point: ,188,194,Repeat score:,1, Repeat contribution: ,-1,Dist:,20.6649, Dist contribution: ,-103.325, New scanned ratio: ,0.00599987, New Scanned Cells Contribution: ,0,Area ratio: ,0.980049, Area ratio Contribution: ,0,Perim diff: ,1.03663, Perim diff Contribution: ,0,Frontier diff: ,0, Frontier diff Contribution ,0,Inverse Area ratio: ,0.898752, Inv Area Ratio Contribution: ,0,Inverse Perim ratio: ,1.0524, Inv Perim Contribution: ,0, Final Score: ,-104.325
Point: ,188,197,Repeat score:,1, Repeat contribution: ,-1,Dist:,20.0422, Dist contribution: ,-100.211, New scanned ratio: ,0.00731336, New Scanned Cells Contribution: ,0,Area ratio: ,0.978378, Area ratio Contribution: ,0,Perim diff: ,1.04091, Perim diff Contribution: ,0,Frontier diff: ,0, Frontier diff Contribution ,0,Inverse Area ratio: ,0.896093, Inv Area Ratio Contribution: ,0,Inverse Perim ratio: ,1.05821, Inv Perim Contribution: ,0, Final Score: ,-101.211
Point: ,189,198,Repeat score:,1, Repeat contribution: ,-1,Dist:,21, Dist contribution: ,-105, New scanned ratio: ,0.00814036, New Scanned Cells Contribution: ,0,Area ratio: ,0.977829, Area ratio Contribution: ,0,Perim diff: ,1.04159, Perim diff Contribution: ,0,Frontier diff: ,0, Frontier diff Contribution ,0,Inverse Area ratio: ,0.89438, Inv Area Ratio Contribution: ,0,Inverse Perim ratio: ,1.05934, Inv Perim Contribution: ,0, Final Score: ,-106
Point: ,188,199,Repeat score:,1, Repeat contribution: ,-1,Dist:,20.0422, Dist contribution: ,-100.211, New scanned ratio: ,0.00827009, New Scanned Cells Contribution: ,0,Area ratio: ,0.977034, Area ratio Contribution: ,0,Perim diff: ,1.04242, Perim diff Contribution: ,0,Frontier diff: ,0, Frontier diff Contribution ,0,Inverse Area ratio: ,0.894135, Inv Area Ratio Contribution: ,0,Inverse Perim ratio: ,1.0607, Inv Perim Contribution: ,0, Final Score: ,-101.211
Point: ,188,204,Repeat score:,1, Repeat contribution: ,-1,Dist:,21.4672, Dist contribution: ,-107.336, New scanned ratio: ,0.010816, New Scanned Cells Contribution: ,0,Area ratio: ,0.970977, Area ratio Contribution: ,0,Perim diff: ,1.04877, Perim diff Contribution: ,0,Frontier diff: ,0, Frontier diff Contribution ,0,Inverse Area ratio: ,0.888784, Inv Area Ratio Contribution: ,0,Inverse Perim ratio: ,1.0708, Inv Perim Contribution: ,0, Final Score: ,-108.336
Point: ,185,210,Repeat score:,1, Repeat contribution: ,-1,Dist:,23.0729, Dist contribution: ,-115.365, New scanned ratio: ,0.0127132, New Scanned Cells Contribution: ,0,Area ratio: ,0.960379, Area ratio Contribution: ,0,Perim diff: ,1.06221, Perim diff Contribution: ,0,Frontier diff: ,-2, Frontier diff Contribution ,-0,Inverse Area ratio: ,0.884656, Inv Area Ratio Contribution: ,0,Inverse Perim ratio: ,1.09051, Inv Perim Contribution: ,0, Final Score: ,-116.365
Point: ,180,215,Repeat score:,1, Repeat contribution: ,-1,Dist:,25.1478, Dist contribution: ,-125.739, New scanned ratio: ,0.0128916, New Scanned Cells Contribution: ,0,Area ratio: ,0.950727, Area ratio Contribution: ,0,Perim diff: ,1.07894, Perim diff Contribution: ,0,Frontier diff: ,0, Frontier diff Contribution ,0,Inverse Area ratio: ,0.878777, Inv Area Ratio Contribution: ,0,Inverse Perim ratio: ,1.1143, Inv Perim Contribution: ,0, Final Score: ,-126.739
Point: ,174,218,Repeat score:,1, Repeat contribution: ,-1,Dist:,26.6833, Dist contribution: ,-133.417, New scanned ratio: ,0.0126484, New Scanned Cells Contribution: ,0,Area ratio: ,0.945263, Area ratio Contribution: ,0,Perim diff: ,1.07247, Perim diff Contribution: ,0,Frontier diff: ,0, Frontier diff Contribution ,0,Inverse Area ratio: ,0.87936, Inv Area Ratio Contribution: ,0,Inverse Perim ratio: ,1.10798, Inv Perim Contribution: ,0, Final Score: ,-134.417
Point: ,169,218,Repeat score:,1, Repeat contribution: ,-1,Dist:,26.0192, Dist contribution: ,-130.096, New scanned ratio: ,0.0115457, New Scanned Cells Contribution: ,0,Area ratio: ,0.944947, Area ratio Contribution: ,0,Perim diff: ,1.0659, Perim diff Contribution: ,0,Frontier diff: ,0, Frontier diff Contribution ,0,Inverse Area ratio: ,0.881712, Inv Area Ratio Contribution: ,0,Inverse Perim ratio: ,1.09936, Inv Perim Contribution: ,0, Final Score: ,-131.096
Point: ,168,219,Repeat score:,1, Repeat contribution: ,-1,Dist:,27.3, Dist contribution: ,-136.5, New scanned ratio: ,0.0119673, New Scanned Cells Contribution: ,0,Area ratio: ,0.943341, Area ratio Contribution: ,0,Perim diff: ,1.06615, Perim diff Contribution: ,0,Frontier diff: ,0, Frontier diff Contribution ,0,Inverse Area ratio: ,0.880852, Inv Area Ratio Contribution: ,0,Inverse Perim ratio: ,1.10033, Inv Perim Contribution: ,0, Final Score: ,-137.5
Point: ,167,218,Repeat score:,1, Repeat contribution: ,-1,Dist:,26.0192, Dist contribution: ,-130.096, New scanned ratio: ,0.0111889, New Scanned Cells Contribution: ,0,Area ratio: ,0.944893, Area ratio Contribution: ,0,Perim diff: ,1.06461, Perim diff Contribution: ,0,Frontier diff: ,0, Frontier diff Contribution ,0,Inverse Area ratio: ,0.882442, Inv Area Ratio Contribution: ,0,Inverse Perim ratio: ,1.0976, Inv Perim Contribution: ,0, Final Score: ,-131.096
Point: ,162,218,Repeat score:,1, Repeat contribution: ,-1,Dist:,26.6833, Dist contribution: ,-133.417, New scanned ratio: ,0.0106052, New Scanned Cells Contribution: ,0,Area ratio: ,0.945067, Area ratio Contribution: ,0,Perim diff: ,1.0607, Perim diff Contribution: ,0,Frontier diff: ,0, Frontier diff Contribution ,0,Inverse Area ratio: ,0.88369, Inv Area Ratio Contribution: ,0,Inverse Perim ratio: ,1.09238, Inv Perim Contribution: ,0, Final Score: ,-134.417
Point: ,161,217,Repeat score:,1, Repeat contribution: ,-1,Dist:,25.6727, Dist contribution: ,-128.364, New scanned ratio: ,0.00989168, New Scanned Cells Contribution: ,0,Area ratio: ,0.946689, Area ratio Contribution: ,0,Perim diff: ,1.05931, Perim diff Contribution: ,0,Frontier diff: ,0, Frontier diff Contribution ,0,Inverse Area ratio: ,0.885117, Inv Area Ratio Contribution: ,0,Inverse Perim ratio: ,1.08976, Inv Perim Contribution: ,0, Final Score: ,-129.364
Point: ,158,217,Repeat score:,1, Repeat contribution: ,-1,Dist:,26.6475, Dist contribution: ,-133.238, New scanned ratio: ,0.0098106, New Scanned Cells Contribution: ,0,Area ratio: ,0.947018, Area ratio Contribution: ,0,Perim diff: ,1.06009, Perim diff Contribution: ,0,Frontier diff: ,0, Frontier diff Contribution ,0,Inverse Area ratio: ,0.885296, Inv Area Ratio Contribution: ,0,Inverse Perim ratio: ,1.09101, Inv Perim Contribution: ,0, Final Score: ,-134.238
Point: ,155,219,Repeat score:,1, Repeat contribution: ,-1,Dist:,30.2372, Dist contribution: ,-151.186, New scanned ratio: ,0.0111241, New Scanned Cells Contribution: ,0,Area ratio: ,0.944387, Area ratio Contribution: ,0,Perim diff: ,1.06342, Perim diff Contribution: ,0,Frontier diff: ,0, Frontier diff Contribution ,0,Inverse Area ratio: ,0.882588, Inv Area Ratio Contribution: ,0,Inverse Perim ratio: ,1.09616, Inv Perim Contribution: ,0, Final Score: ,-152.186
Point: ,150,219,Repeat score:,1, Repeat contribution: ,-1,Dist:,32.7, Dist contribution: ,-163.5, New scanned ratio: ,0.0115457, New Scanned Cells Contribution: ,0,Area ratio: ,0.945455, Area ratio Contribution: ,0,Perim diff: ,1.06316, Perim diff Contribution: ,0,Frontier diff: ,0, Frontier diff Contribution ,0,Inverse Area ratio: ,0.881728, Inv Area Ratio Contribution: ,0,Inverse Perim ratio: ,1.09546, Inv Perim Contribution: ,0, Final Score: ,-164.5
Point: ,149,220,Repeat score:,1, Repeat contribution: ,-1,Dist:,34.336, Dist contribution: ,-171.68, New scanned ratio: ,0.012243, New Scanned Cells Contribution: ,0,Area ratio: ,0.944098, Area ratio Contribution: ,0,Perim diff: ,1.06586, Perim diff Contribution: ,0,Frontier diff: ,0, Frontier diff Contribution ,0,Inverse Area ratio: ,0.880269, Inv Area Ratio Contribution: ,0,Inverse Perim ratio: ,1.09949, Inv Perim Contribution: ,0, Final Score: ,-172.68
Point: ,148,219,Repeat score:,1, Repeat contribution: ,-1,Dist:,33.8421, Dist contribution: ,-169.211, New scanned ratio: ,0.0117241, New Scanned Cells Contribution: ,0,Area ratio: ,0.945905, Area ratio Contribution: ,0,Perim diff: ,1.06161, Perim diff Contribution: ,0,Frontier diff: ,0, Frontier diff Contribution ,0,Inverse Area ratio: ,0.881404, Inv Area Ratio Contribution: ,0,Inverse Perim ratio: ,1.09348, Inv Perim Contribution: ,0, Final Score: ,-170.211
Point: ,143,219,Repeat score:,1, Repeat contribution: ,-1,Dist:,37.0174, Dist contribution: ,-185.087, New scanned ratio: ,0.0121133, New Scanned Cells Contribution: ,0,Area ratio: ,0.946951, Area ratio Contribution: ,0,Perim diff: ,1.06341, Perim diff Contribution: ,0,Frontier diff: ,0, Frontier diff Contribution ,0,Inverse Area ratio: ,0.880593, Inv Area Ratio Contribution: ,0,Inverse Perim ratio: ,1.09546, Inv Perim Contribution: ,0, Final Score: ,-186.087
Point: ,137,216,Repeat score:,1, Repeat contribution: ,-1,Dist:,38.8402, Dist contribution: ,-194.201, New scanned ratio: ,0.0106376, New Scanned Cells Contribution: ,0,Area ratio: ,0.952899, Area ratio Contribution: ,0,Perim diff: ,1.06001, Perim diff Contribution: ,0,Frontier diff: ,0, Frontier diff Contribution ,0,Inverse Area ratio: ,0.883626, Inv Area Ratio Contribution: ,0,Inverse Perim ratio: ,1.08901, Inv Perim Contribution: ,0, Final Score: ,-195.201
Point: ,133,212,Repeat score:,1, Repeat contribution: ,-1,Dist:,39.4492, Dist contribution: ,-197.246, New scanned ratio: ,0.00857819, New Scanned Cells Contribution: ,0,Area ratio: ,0.960321, Area ratio Contribution: ,0,Perim diff: ,1.05109, Perim diff Contribution: ,0,Frontier diff: ,0, Frontier diff Contribution ,0,Inverse Area ratio: ,0.887972, Inv Area Ratio Contribution: ,0,Inverse Perim ratio: ,1.07551, Inv Perim Contribution: ,0, Final Score: ,-198.246
Point: ,131,213,Repeat score:,1, Repeat contribution: ,-1,Dist:,41.824, Dist contribution: ,-209.12, New scanned ratio: ,0.00942142, New Scanned Cells Contribution: ,0,Area ratio: ,0.959181, Area ratio Contribution: ,0,Perim diff: ,1.05159, Perim diff Contribution: ,0,Frontier diff: ,0, Frontier diff Contribution ,0,Inverse Area ratio: ,0.886236, Inv Area Ratio Contribution: ,0,Inverse Perim ratio: ,1.07643, Inv Perim Contribution: ,0, Final Score: ,-210.12
BEST Point:,188,197, Score: ,-101.211
COUNT COMMAND: 1
Total frontiers: ,103, Prioritised frontiers: ,29
At: ,187,197,
Point: ,224,194,Repeat score:,1, Repeat contribution: ,-1,Dist:,37.205, Dist contribution: ,-186.025, New scanned ratio: ,0.0106123, New Scanned Cells Contribution: ,0,Area ratio: ,0.983503, Area ratio Contribution: ,0,Perim diff: ,1.04433, Perim diff Contribution: ,0,Frontier diff: ,0, Frontier diff Contribution ,0,Inverse Area ratio: ,0.875096, Inv Area Ratio Contribution: ,0,Inverse Perim ratio: ,1.06371, Inv Perim Contribution: ,0, Final Score: ,-187.025
Point: ,223,195,Repeat score:,1, Repeat contribution: ,-1,Dist:,36.0938, Dist contribution: ,-180.469, New scanned ratio: ,0.0110471, New Scanned Cells Contribution: ,0,Area ratio: ,0.983316, Area ratio Contribution: ,0,Perim diff: ,1.04287, Perim diff Contribution: ,0,Frontier diff: ,0, Frontier diff Contribution ,0,Inverse Area ratio: ,0.874247, Inv Area Ratio Contribution: ,0,Inverse Perim ratio: ,1.06241, Inv Perim Contribution: ,0, Final Score: ,-181.469
Point: ,222,194,Repeat score:,1, Repeat contribution: ,-1,Dist:,35.2166, Dist contribution: ,-176.083, New scanned ratio: ,0.010258, New Scanned Cells Contribution: ,0,Area ratio: ,0.98363, Area ratio Contribution: ,0,Perim diff: ,1.04005, Perim diff Contribution: ,0,Frontier diff: ,0, Frontier diff Contribution ,0,Inverse Area ratio: ,0.875863, Inv Area Ratio Contribution: ,0,Inverse Perim ratio: ,1.06168, Inv Perim Contribution: ,0, Final Score: ,-177.083
Point: ,217,194,Repeat score:,1, Repeat contribution: ,-1,Dist:,30.2524, Dist contribution: ,-151.262, New scanned ratio: ,0.00908242, New Scanned Cells Contribution: ,0,Area ratio: ,0.983502, Area ratio Contribution: ,0,Perim diff: ,1.03883, Perim diff Contribution: ,0,Frontier diff: ,0, Frontier diff Contribution ,0,Inverse Area ratio: ,0.878261, Inv Area Ratio Contribution: ,0,Inverse Perim ratio: ,1.0562, Inv Perim Contribution: ,0, Final Score: ,-152.262
Point: ,214,192,Repeat score:,1, Repeat contribution: ,-1,Dist:,27.7714, Dist contribution: ,-138.857, New scanned ratio: ,0.0071983, New Scanned Cells Contribution: ,0,Area ratio: ,0.983923, Area ratio Contribution: ,0,Perim diff: ,1.03674, Perim diff Contribution: ,0,Frontier diff: ,0, Frontier diff Contribution ,0,Inverse Area ratio: ,0.882144, Inv Area Ratio Contribution: ,0,Inverse Perim ratio: ,1.05653, Inv Perim Contribution: ,0, Final Score: ,-139.857
Point: ,212,192,Repeat score:,1, Repeat contribution: ,-1,Dist:,25.8312, Dist contribution: ,-129.156, New scanned ratio: ,0.00661857, New Scanned Cells Contribution: ,0,Area ratio: ,0.983719, Area ratio Contribution: ,0,Perim diff: ,1.03757, Perim diff Contribution: ,0,Frontier diff: ,0, Frontier diff Contribution ,0,Inverse Area ratio: ,0.883351, Inv Area Ratio Contribution: ,0,Inverse Perim ratio: ,1.05404, Inv Perim Contribution: ,0, Final Score: ,-130.156
Point: ,209,194,Repeat score:,1, Repeat contribution: ,-1,Dist:,22.343, Dist contribution: ,-111.715, New scanned ratio: ,0.00666688, New Scanned Cells Contribution: ,0,Area ratio: ,0.982752, Area ratio Contribution: ,0,Perim diff: ,1.03675, Perim diff Contribution: ,0,Frontier diff: ,0, Frontier diff Contribution ,0,Inverse Area ratio: ,0.883335, Inv Area Ratio Contribution: ,0,Inverse Perim ratio: ,1.05328, Inv Perim Contribution: ,0, Final Score: ,-112.715
Point: ,207,194,Repeat score:,1, Repeat contribution: ,-1,Dist:,20.3767, Dist contribution: ,-101.884, New scanned ratio: ,0.00605495, New Scanned Cells Contribution: ,0,Area ratio: ,0.982563, Area ratio Contribution: ,0,Perim diff: ,1.03628, Perim diff Contribution: ,0,Frontier diff: ,0, Frontier diff Contribution ,0,Inverse Area ratio: ,0.884542, Inv Area Ratio Contribution: ,0,Inverse Perim ratio: ,1.05247, Inv Perim Contribution: ,0, Final Score: ,-102.884
Point: ,207,196,Repeat score:,1, Repeat contribution: ,-1,Dist:,20.0422, Dist contribution: ,-100.211, New scanned ratio: ,0.00694064, New Scanned Cells Contribution: ,0,Area ratio: ,0.98173, Area ratio Contribution: ,0,Perim diff: ,1.03891, Perim diff Contribution: ,0,Frontier diff: ,0, Frontier diff Contribution ,0,Inverse Area ratio: ,0.882682, Inv Area Ratio Contribution: ,0,Inverse Perim ratio: ,1.05667, Inv Perim Contribution: ,0, Final Score: ,-101.211
Point: ,208,197,Repeat score:,1, Repeat contribution: ,-1,Dist:,21, Dist contribution: ,-105, New scanned ratio: ,0.00774582, New Scanned Cells Contribution: ,0,Area ratio: ,0.981163, Area ratio Contribution: ,0,Perim diff: ,1.03966, Perim diff Contribution: ,0,Frontier diff: ,0, Frontier diff Contribution ,0,Inverse Area ratio: ,0.8811, Inv Area Ratio Contribution: ,0,Inverse Perim ratio: ,1.05771, Inv Perim Contribution: ,0, Final Score: ,-106
Point: ,207,198,Repeat score:,1, Repeat contribution: ,-1,Dist:,20.0422, Dist contribution: ,-100.211, New scanned ratio: ,0.00789075, New Scanned Cells Contribution: ,0,Area ratio: ,0.980375, Area ratio Contribution: ,0,Perim diff: ,1.04052, Perim diff Contribution: ,0,Frontier diff: ,0, Frontier diff Contribution ,0,Inverse Area ratio: ,0.880741, Inv Area Ratio Contribution: ,0,Inverse Perim ratio: ,1.05938, Inv Perim Contribution: ,0, Final Score: ,-101.211
Point: ,207,203,Repeat score:,1, Repeat contribution: ,-1,Dist:,21.4672, Dist contribution: ,-107.336, New scanned ratio: ,0.0104512, New Scanned Cells Contribution: ,0,Area ratio: ,0.976564, Area ratio Contribution: ,0,Perim diff: ,1.04699, Perim diff Contribution: ,0,Frontier diff: ,0, Frontier diff Contribution ,0,Inverse Area ratio: ,0.87539, Inv Area Ratio Contribution: ,0,Inverse Perim ratio: ,1.06949, Inv Perim Contribution: ,0, Final Score: ,-108.336
Point: ,204,209,Repeat score:,1, Repeat contribution: ,-1,Dist:,23.0729, Dist contribution: ,-115.365, New scanned ratio: ,0.0124964, New Scanned Cells Contribution: ,0,Area ratio: ,0.966051, Area ratio Contribution: ,0,Perim diff: ,1.05897, Perim diff Contribution: ,0,Frontier diff: ,0, Frontier diff Contribution ,0,Inverse Area ratio: ,0.870968, Inv Area Ratio Contribution: ,0,Inverse Perim ratio: ,1.0877, Inv Perim Contribution: ,0, Final Score: ,-116.365
Point: ,199,214,Repeat score:,1, Repeat contribution: ,-1,Dist:,25.1478, Dist contribution: ,-125.739, New scanned ratio: ,0.0128023, New Scanned Cells Contribution: ,0,Area ratio: ,0.956497, Area ratio Contribution: ,0,Perim diff: ,1.07669, Perim diff Contribution: ,0,Frontier diff: ,0, Frontier diff Contribution ,0,Inverse Area ratio: ,0.870022, Inv Area Ratio Contribution: ,0,Inverse Perim ratio: ,1.11291, Inv Perim Contribution: ,0, Final Score: ,-126.739
Point: ,193,217,Repeat score:,1, Repeat contribution: ,-1,Dist:,26.6833, Dist contribution: ,-133.417, New scanned ratio: ,0.0125608, New Scanned Cells Contribution: ,0,Area ratio: ,0.950998, Area ratio Contribution: ,0,Perim diff: ,1.07047, Perim diff Contribution: ,0,Frontier diff: ,0, Frontier diff Contribution ,0,Inverse Area ratio: ,0.870593, Inv Area Ratio Contribution: ,0,Inverse Perim ratio: ,1.10668, Inv Perim Contribution: ,0, Final Score: ,-134.417
Point: ,188,217,Repeat score:,1, Repeat contribution: ,-1,Dist:,26.0192, Dist contribution: ,-130.096, New scanned ratio: ,0.0114657, New Scanned Cells Contribution: ,0,Area ratio: ,0.950745, Area ratio Contribution: ,0,Perim diff: ,1.06405, Perim diff Contribution: ,0,Frontier diff: ,0, Frontier diff Contribution ,0,Inverse Area ratio: ,0.872959, Inv Area Ratio Contribution: ,0,Inverse Perim ratio: ,1.09806, Inv Perim Contribution: ,0, Final Score: ,-131.096
Point: ,187,218,Repeat score:,1, Repeat contribution: ,-1,Dist:,27.3, Dist contribution: ,-136.5, New scanned ratio: ,0.0118844, New Scanned Cells Contribution: ,0,Area ratio: ,0.949221, Area ratio Contribution: ,0,Perim diff: ,1.06395, Perim diff Contribution: ,0,Frontier diff: ,0, Frontier diff Contribution ,0,Inverse Area ratio: ,0.87211, Inv Area Ratio Contribution: ,0,Inverse Perim ratio: ,1.09859, Inv Perim Contribution: ,0, Final Score: ,-137.5
Point: ,186,217,Repeat score:,1, Repeat contribution: ,-1,Dist:,26.0192, Dist contribution: ,-130.096, New scanned ratio: ,0.0111115, New Scanned Cells Contribution: ,0,Area ratio: ,0.950714, Area ratio Contribution: ,0,Perim diff: ,1.06247, Perim diff Contribution: ,0,Frontier diff: ,0, Frontier diff Contribution ,0,Inverse Area ratio: ,0.873709, Inv Area Ratio Contribution: ,0,Inverse Perim ratio: ,1.09587, Inv Perim Contribution: ,0, Final Score: ,-131.096
Point: ,181,217,Repeat score:,1, Repeat contribution: ,-1,Dist:,26.6833, Dist contribution: ,-133.417, New scanned ratio: ,0.0105317, New Scanned Cells Contribution: ,0,Area ratio: ,0.950995, Area ratio Contribution: ,0,Perim diff: ,1.05877, Perim diff Contribution: ,0,Frontier diff: ,0, Frontier diff Contribution ,0,Inverse Area ratio: ,0.8749, Inv Area Ratio Contribution: ,0,Inverse Perim ratio: ,1.09072, Inv Perim Contribution: ,0, Final Score: ,-134.417
Point: ,180,216,Repeat score:,1, Repeat contribution: ,-1,Dist:,25.6727, Dist contribution: ,-128.364, New scanned ratio: ,0.00982318, New Scanned Cells Contribution: ,0,Area ratio: ,0.952557, Area ratio Contribution: ,0,Perim diff: ,1.05743, Perim diff Contribution: ,0,Frontier diff: ,0, Frontier diff Contribution ,0,Inverse Area ratio: ,0.876368, Inv Area Ratio Contribution: ,0,Inverse Perim ratio: ,1.08824, Inv Perim Contribution: ,0, Final Score: ,-129.364
Point: ,177,216,Repeat score:,1, Repeat contribution: ,-1,Dist:,26.6475, Dist contribution: ,-133.238, New scanned ratio: ,0.00969435, New Scanned Cells Contribution: ,0,Area ratio: ,0.952909, Area ratio Contribution: ,0,Perim diff: ,1.05484, Perim diff Contribution: ,0,Frontier diff: ,0, Frontier diff Contribution ,0,Inverse Area ratio: ,0.876646, Inv Area Ratio Contribution: ,0,Inverse Perim ratio: ,1.08485, Inv Perim Contribution: ,0, Final Score: ,-134.238
Point: ,174,218,Repeat score:,1, Repeat contribution: ,-1,Dist:,30.2372, Dist contribution: ,-151.186, New scanned ratio: ,0.0108216, New Scanned Cells Contribution: ,0,Area ratio: ,0.950329, Area ratio Contribution: ,0,Perim diff: ,1.05563, Perim diff Contribution: ,0,Frontier diff: ,0, Frontier diff Contribution ,0,Inverse Area ratio: ,0.874345, Inv Area Ratio Contribution: ,0,Inverse Perim ratio: ,1.08701, Inv Perim Contribution: ,0, Final Score: ,-152.186
Point: ,169,218,Repeat score:,1, Repeat contribution: ,-1,Dist:,32.7, Dist contribution: ,-163.5, New scanned ratio: ,0.0106606, New Scanned Cells Contribution: ,0,Area ratio: ,0.950888, Area ratio Contribution: ,0,Perim diff: ,1.05414, Perim diff Contribution: ,0,Frontier diff: ,0, Frontier diff Contribution ,0,Inverse Area ratio: ,0.874672, Inv Area Ratio Contribution: ,0,Inverse Perim ratio: ,1.08463, Inv Perim Contribution: ,0, Final Score: ,-164.5
Point: ,168,219,Repeat score:,1, Repeat contribution: ,-1,Dist:,34.336, Dist contribution: ,-171.68, New scanned ratio: ,0.0112564, New Scanned Cells Contribution: ,0,Area ratio: ,0.949437, Area ratio Contribution: ,0,Perim diff: ,1.05544, Perim diff Contribution: ,0,Frontier diff: ,0, Frontier diff Contribution ,0,Inverse Area ratio: ,0.873415, Inv Area Ratio Contribution: ,0,Inverse Perim ratio: ,1.0869, Inv Perim Contribution: ,0, Final Score: ,-172.68
Point: ,167,218,Repeat score:,1, Repeat contribution: ,-1,Dist:,33.8421, Dist contribution: ,-169.211, New scanned ratio: ,0.0105962, New Scanned Cells Contribution: ,0,Area ratio: ,0.951103, Area ratio Contribution: ,0,Perim diff: ,1.05321, Perim diff Contribution: ,0,Frontier diff: ,0, Frontier diff Contribution ,0,Inverse Area ratio: ,0.874819, Inv Area Ratio Contribution: ,0,Inverse Perim ratio: ,1.08338, Inv Perim Contribution: ,0, Final Score: ,-170.211
Point: ,162,218,Repeat score:,1, Repeat contribution: ,-1,Dist:,37.0174, Dist contribution: ,-185.087, New scanned ratio: ,0.0104512, New Scanned Cells Contribution: ,0,Area ratio: ,0.951617, Area ratio Contribution: ,0,Perim diff: ,1.05592, Perim diff Contribution: ,0,Frontier diff: ,0, Frontier diff Contribution ,0,Inverse Area ratio: ,0.875128, Inv Area Ratio Contribution: ,0,Inverse Perim ratio: ,1.08674, Inv Perim Contribution: ,0, Final Score: ,-186.087
Point: ,161,217,Repeat score:,1, Repeat contribution: ,-1,Dist:,36.7696, Dist contribution: ,-183.848, New scanned ratio: ,0.00979098, New Scanned Cells Contribution: ,0,Area ratio: ,0.953301, Area ratio Contribution: ,0,Perim diff: ,1.0537, Perim diff Contribution: ,0,Frontier diff: ,0, Frontier diff Contribution ,0,Inverse Area ratio: ,0.876466, Inv Area Ratio Contribution: ,0,Inverse Perim ratio: ,1.08309, Inv Perim Contribution: ,0, Final Score: ,-184.848
Point: ,158,217,Repeat score:,1, Repeat contribution: ,-1,Dist:,38.9487, Dist contribution: ,-194.743, New scanned ratio: ,0.00974266, New Scanned Cells Contribution: ,0,Area ratio: ,0.953649, Area ratio Contribution: ,0,Perim diff: ,1.05873, Perim diff Contribution: ,0,Frontier diff: ,0, Frontier diff Contribution ,0,Inverse Area ratio: ,0.876532, Inv Area Ratio Contribution: ,0,Inverse Perim ratio: ,1.08954, Inv Perim Contribution: ,0, Final Score: ,-195.743
Point: ,155,219,Repeat score:,1, Repeat contribution: ,-1,Dist:,42.9181, Dist contribution: ,-214.59, New scanned ratio: ,0.0110471, New Scanned Cells Contribution: ,0,Area ratio: ,0.950952, Area ratio Contribution: ,0,Perim diff: ,1.06211, Perim diff Contribution: ,0,Frontier diff: ,0, Frontier diff Contribution ,0,Inverse Area ratio: ,0.873807, Inv Area Ratio Contribution: ,0,Inverse Perim ratio: ,1.0948, Inv Perim Contribution: ,0, Final Score: ,-215.59
BEST Point:,207,196, Score: ,-101.211
COUNT COMMAND: 1
Total frontiers: ,102, Prioritised frontiers: ,27
At: ,206,196,
Point: ,244,193,Repeat score:,1, Repeat contribution: ,-1,Dist:,38.1996, Dist contribution: ,-190.998, New scanned ratio: ,0.0103985, New Scanned Cells Contribution: ,0,Area ratio: ,0.986215, Area ratio Contribution: ,0,Perim diff: ,1.04173, Perim diff Contribution: ,0,Frontier diff: ,0, Frontier diff Contribution ,0,Inverse Area ratio: ,0.861963, Inv Area Ratio Contribution: ,0,Inverse Perim ratio: ,1.06202, Inv Perim Contribution: ,0, Final Score: ,-191.998
Point: ,243,194,Repeat score:,1, Repeat contribution: ,-1,Dist:,37.0912, Dist contribution: ,-185.456, New scanned ratio: ,0.0108624, New Scanned Cells Contribution: ,0,Area ratio: ,0.986152, Area ratio Contribution: ,0,Perim diff: ,1.04169, Perim diff Contribution: ,0,Frontier diff: ,0, Frontier diff Contribution ,0,Inverse Area ratio: ,0.861065, Inv Area Ratio Contribution: ,0,Inverse Perim ratio: ,1.06264, Inv Perim Contribution: ,0, Final Score: ,-186.456
Point: ,242,193,Repeat score:,1, Repeat contribution: ,-1,Dist:,36.2106, Dist contribution: ,-181.053, New scanned ratio: ,0.0101105, New Scanned Cells Contribution: ,0,Area ratio: ,0.986436, Area ratio Contribution: ,0,Perim diff: ,1.03927, Perim diff Contribution: ,0,Frontier diff: ,0, Frontier diff Contribution ,0,Inverse Area ratio: ,0.862615, Inv Area Ratio Contribution: ,0,Inverse Perim ratio: ,1.05882, Inv Perim Contribution: ,0, Final Score: ,-182.053
Point: ,237,193,Repeat score:,1, Repeat contribution: ,-1,Dist:,31.2444, Dist contribution: ,-156.222, New scanned ratio: ,0.00908669, New Scanned Cells Contribution: ,0,Area ratio: ,0.986501, Area ratio Contribution: ,0,Perim diff: ,1.03617, Perim diff Contribution: ,0,Frontier diff: ,0, Frontier diff Contribution ,0,Inverse Area ratio: ,0.864769, Inv Area Ratio Contribution: ,0,Inverse Perim ratio: ,1.05421, Inv Perim Contribution: ,0, Final Score: ,-157.222
Point: ,234,191,Repeat score:,1, Repeat contribution: ,-1,Dist:,28.7446, Dist contribution: ,-143.723, New scanned ratio: ,0.00726295, New Scanned Cells Contribution: ,0,Area ratio: ,0.98664, Area ratio Contribution: ,0,Perim diff: ,1.0362, Perim diff Contribution: ,0,Frontier diff: ,0, Frontier diff Contribution ,0,Inverse Area ratio: ,0.868537, Inv Area Ratio Contribution: ,0,Inverse Perim ratio: ,1.05333, Inv Perim Contribution: ,0, Final Score: ,-144.723
Point: ,229,194,Repeat score:,1, Repeat contribution: ,-1,Dist:,23.1465, Dist contribution: ,-115.732, New scanned ratio: ,0.00724696, New Scanned Cells Contribution: ,0,Area ratio: ,0.985573, Area ratio Contribution: ,0,Perim diff: ,1.03732, Perim diff Contribution: ,0,Frontier diff: ,0, Frontier diff Contribution ,0,Inverse Area ratio: ,0.868554, Inv Area Ratio Contribution: ,0,Inverse Perim ratio: ,1.05526, Inv Perim Contribution: ,0, Final Score: ,-116.732
Point: ,226,194,Repeat score:,1, Repeat contribution: ,-1,Dist:,20.1683, Dist contribution: ,-100.841, New scanned ratio: ,0.00631909, New Scanned Cells Contribution: ,0,Area ratio: ,0.98524, Area ratio Contribution: ,0,Perim diff: ,1.03726, Perim diff Contribution: ,0,Frontier diff: ,0, Frontier diff Contribution ,0,Inverse Area ratio: ,0.870479, Inv Area Ratio Contribution: ,0,Inverse Perim ratio: ,1.0549, Inv Perim Contribution: ,0, Final Score: ,-101.841
Point: ,227,196,Repeat score:,1, Repeat contribution: ,-1,Dist:,21, Dist contribution: ,-105, New scanned ratio: ,0.00756691, New Scanned Cells Contribution: ,0,Area ratio: ,0.984382, Area ratio Contribution: ,0,Perim diff: ,1.0385, Perim diff Contribution: ,0,Frontier diff: ,0, Frontier diff Contribution ,0,Inverse Area ratio: ,0.867901, Inv Area Ratio Contribution: ,0,Inverse Perim ratio: ,1.05734, Inv Perim Contribution: ,0, Final Score: ,-106
Point: ,226,197,Repeat score:,1, Repeat contribution: ,-1,Dist:,20.0422, Dist contribution: ,-100.211, New scanned ratio: ,0.00771089, New Scanned Cells Contribution: ,0,Area ratio: ,0.983609, Area ratio Contribution: ,0,Perim diff: ,1.03943, Perim diff Contribution: ,0,Frontier diff: ,0, Frontier diff Contribution ,0,Inverse Area ratio: ,0.867591, Inv Area Ratio Contribution: ,0,Inverse Perim ratio: ,1.05887, Inv Perim Contribution: ,0, Final Score: ,-101.211
Point: ,226,202,Repeat score:,1, Repeat contribution: ,-1,Dist:,21.4672, Dist contribution: ,-107.336, New scanned ratio: ,0.0102545, New Scanned Cells Contribution: ,0,Area ratio: ,0.98031, Area ratio Contribution: ,0,Perim diff: ,1.04526, Perim diff Contribution: ,0,Frontier diff: ,0, Frontier diff Contribution ,0,Inverse Area ratio: ,0.86224, Inv Area Ratio Contribution: ,0,Inverse Perim ratio: ,1.06897, Inv Perim Contribution: ,0, Final Score: ,-108.336
Point: ,223,208,Repeat score:,1, Repeat contribution: ,-1,Dist:,23.0729, Dist contribution: ,-115.365, New scanned ratio: ,0.0122542, New Scanned Cells Contribution: ,0,Area ratio: ,0.970887, Area ratio Contribution: ,0,Perim diff: ,1.05689, Perim diff Contribution: ,0,Frontier diff: ,-1, Frontier diff Contribution ,-0,Inverse Area ratio: ,0.857819, Inv Area Ratio Contribution: ,0,Inverse Perim ratio: ,1.0907, Inv Perim Contribution: ,0, Final Score: ,-116.365
Point: ,218,213,Repeat score:,1, Repeat contribution: ,-1,Dist:,25.1478, Dist contribution: ,-125.739, New scanned ratio: ,0.0127182, New Scanned Cells Contribution: ,0,Area ratio: ,0.961199, Area ratio Contribution: ,0,Perim diff: ,1.07386, Perim diff Contribution: ,0,Frontier diff: ,0, Frontier diff Contribution ,0,Inverse Area ratio: ,0.856611, Inv Area Ratio Contribution: ,0,Inverse Perim ratio: ,1.11152, Inv Perim Contribution: ,0, Final Score: ,-126.739
Point: ,212,216,Repeat score:,1, Repeat contribution: ,-1,Dist:,26.6833, Dist contribution: ,-133.417, New scanned ratio: ,0.0124782, New Scanned Cells Contribution: ,0,Area ratio: ,0.955698, Area ratio Contribution: ,0,Perim diff: ,1.0674, Perim diff Contribution: ,0,Frontier diff: ,0, Frontier diff Contribution ,0,Inverse Area ratio: ,0.857182, Inv Area Ratio Contribution: ,0,Inverse Perim ratio: ,1.10498, Inv Perim Contribution: ,0, Final Score: ,-134.417
Point: ,207,216,Repeat score:,1, Repeat contribution: ,-1,Dist:,26.0192, Dist contribution: ,-130.096, New scanned ratio: ,0.0113904, New Scanned Cells Contribution: ,0,Area ratio: ,0.955668, Area ratio Contribution: ,0,Perim diff: ,1.06122, Perim diff Contribution: ,0,Frontier diff: ,0, Frontier diff Contribution ,0,Inverse Area ratio: ,0.859548, Inv Area Ratio Contribution: ,0,Inverse Perim ratio: ,1.09636, Inv Perim Contribution: ,0, Final Score: ,-131.096
Point: ,206,217,Repeat score:,1, Repeat contribution: ,-1,Dist:,27.3, Dist contribution: ,-136.5, New scanned ratio: ,0.0118063, New Scanned Cells Contribution: ,0,Area ratio: ,0.954101, Area ratio Contribution: ,0,Perim diff: ,1.06146, Perim diff Contribution: ,0,Frontier diff: ,0, Frontier diff Contribution ,0,Inverse Area ratio: ,0.858683, Inv Area Ratio Contribution: ,0,Inverse Perim ratio: ,1.09732, Inv Perim Contribution: ,0, Final Score: ,-137.5
Point: ,205,216,Repeat score:,1, Repeat contribution: ,-1,Dist:,26.0192, Dist contribution: ,-130.096, New scanned ratio: ,0.0110384, New Scanned Cells Contribution: ,0,Area ratio: ,0.955733, Area ratio Contribution: ,0,Perim diff: ,1.06008, Perim diff Contribution: ,0,Frontier diff: ,0, Frontier diff Contribution ,0,Inverse Area ratio: ,0.860282, Inv Area Ratio Contribution: ,0,Inverse Perim ratio: ,1.0946, Inv Perim Contribution: ,0, Final Score: ,-131.096
Point: ,200,216,Repeat score:,1, Repeat contribution: ,-1,Dist:,26.6833, Dist contribution: ,-133.417, New scanned ratio: ,0.0104625, New Scanned Cells Contribution: ,0,Area ratio: ,0.956229, Area ratio Contribution: ,0,Perim diff: ,1.05622, Perim diff Contribution: ,0,Frontier diff: ,0, Frontier diff Contribution ,0,Inverse Area ratio: ,0.86149, Inv Area Ratio Contribution: ,0,Inverse Perim ratio: ,1.08902, Inv Perim Contribution: ,0, Final Score: ,-134.417
Point: ,199,215,Repeat score:,1, Repeat contribution: ,-1,Dist:,25.6727, Dist contribution: ,-128.364, New scanned ratio: ,0.00975859, New Scanned Cells Contribution: ,0,Area ratio: ,0.957934, Area ratio Contribution: ,0,Perim diff: ,1.05496, Perim diff Contribution: ,0,Frontier diff: ,0, Frontier diff Contribution ,0,Inverse Area ratio: ,0.862958, Inv Area Ratio Contribution: ,0,Inverse Perim ratio: ,1.08653, Inv Perim Contribution: ,0, Final Score: ,-129.364
Point: ,196,215,Repeat score:,1, Repeat contribution: ,-1,Dist:,26.6475, Dist contribution: ,-133.238, New scanned ratio: ,0.00963061, New Scanned Cells Contribution: ,0,Area ratio: ,0.958377, Area ratio Contribution: ,0,Perim diff: ,1.05247, Perim diff Contribution: ,0,Frontier diff: ,0, Frontier diff Contribution ,0,Inverse Area ratio: ,0.863235, Inv Area Ratio Contribution: ,0,Inverse Perim ratio: ,1.08315, Inv Perim Contribution: ,0, Final Score: ,-134.238
Point: ,193,217,Repeat score:,1, Repeat contribution: ,-1,Dist:,30.2372, Dist contribution: ,-151.186, New scanned ratio: ,0.0107505, New Scanned Cells Contribution: ,0,Area ratio: ,0.955777, Area ratio Contribution: ,0,Perim diff: ,1.05328, Perim diff Contribution: ,0,Frontier diff: ,0, Frontier diff Contribution ,0,Inverse Area ratio: ,0.860935, Inv Area Ratio Contribution: ,0,Inverse Perim ratio: ,1.08531, Inv Perim Contribution: ,0, Final Score: ,-152.186
Point: ,188,217,Repeat score:,1, Repeat contribution: ,-1,Dist:,32.7, Dist contribution: ,-163.5, New scanned ratio: ,0.0105905, New Scanned Cells Contribution: ,0,Area ratio: ,0.956398, Area ratio Contribution: ,0,Perim diff: ,1.05194, Perim diff Contribution: ,0,Frontier diff: ,0, Frontier diff Contribution ,0,Inverse Area ratio: ,0.861261, Inv Area Ratio Contribution: ,0,Inverse Perim ratio: ,1.08293, Inv Perim Contribution: ,0, Final Score: ,-164.5
Point: ,187,218,Repeat score:,1, Repeat contribution: ,-1,Dist:,34.336, Dist contribution: ,-171.68, New scanned ratio: ,0.0111824, New Scanned Cells Contribution: ,0,Area ratio: ,0.955031, Area ratio Contribution: ,0,Perim diff: ,1.05289, Perim diff Contribution: ,0,Frontier diff: ,0, Frontier diff Contribution ,0,Inverse Area ratio: ,0.860021, Inv Area Ratio Contribution: ,0,Inverse Perim ratio: ,1.08476, Inv Perim Contribution: ,0, Final Score: ,-172.68
Point: ,186,217,Repeat score:,1, Repeat contribution: ,-1,Dist:,33.8421, Dist contribution: ,-169.211, New scanned ratio: ,0.0105265, New Scanned Cells Contribution: ,0,Area ratio: ,0.956636, Area ratio Contribution: ,0,Perim diff: ,1.05072, Perim diff Contribution: ,0,Frontier diff: ,0, Frontier diff Contribution ,0,Inverse Area ratio: ,0.861424, Inv Area Ratio Contribution: ,0,Inverse Perim ratio: ,1.08124, Inv Perim Contribution: ,0, Final Score: ,-170.211
Point: ,181,217,Repeat score:,1, Repeat contribution: ,-1,Dist:,37.0174, Dist contribution: ,-185.087, New scanned ratio: ,0.0103825, New Scanned Cells Contribution: ,0,Area ratio: ,0.957266, Area ratio Contribution: ,0,Perim diff: ,1.05393, Perim diff Contribution: ,0,Frontier diff: ,0, Frontier diff Contribution ,0,Inverse Area ratio: ,0.861669, Inv Area Ratio Contribution: ,0,Inverse Perim ratio: ,1.08469, Inv Perim Contribution: ,0, Final Score: ,-186.087
Point: ,180,216,Repeat score:,1, Repeat contribution: ,-1,Dist:,36.7696, Dist contribution: ,-183.848, New scanned ratio: ,0.0097266, New Scanned Cells Contribution: ,0,Area ratio: ,0.958888, Area ratio Contribution: ,0,Perim diff: ,1.05176, Perim diff Contribution: ,0,Frontier diff: ,0, Frontier diff Contribution ,0,Inverse Area ratio: ,0.863039, Inv Area Ratio Contribution: ,0,Inverse Perim ratio: ,1.08117, Inv Perim Contribution: ,0, Final Score: ,-184.848
Point: ,177,216,Repeat score:,1, Repeat contribution: ,-1,Dist:,38.9487, Dist contribution: ,-194.743, New scanned ratio: ,0.00963061, New Scanned Cells Contribution: ,0,Area ratio: ,0.959259, Area ratio Contribution: ,0,Perim diff: ,1.05343, Perim diff Contribution: ,0,Frontier diff: ,0, Frontier diff Contribution ,0,Inverse Area ratio: ,0.863203, Inv Area Ratio Contribution: ,0,Inverse Perim ratio: ,1.08298, Inv Perim Contribution: ,0, Final Score: ,-195.743
Point: ,174,218,Repeat score:,1, Repeat contribution: ,-1,Dist:,42.9181, Dist contribution: ,-214.59, New scanned ratio: ,0.0107505, New Scanned Cells Contribution: ,0,Area ratio: ,0.956616, Area ratio Contribution: ,0,Perim diff: ,1.05427, Perim diff Contribution: ,0,Frontier diff: ,0, Frontier diff Contribution ,0,Inverse Area ratio: ,0.860902, Inv Area Ratio Contribution: ,0,Inverse Perim ratio: ,1.08525, Inv Perim Contribution: ,0, Final Score: ,-215.59
BEST Point:,226,197, Score: ,-101.211
COUNT COMMAND: 1
Total frontiers: ,103, Prioritised frontiers: ,28
At: ,225,196,
Point: ,264,193,Repeat score:,1, Repeat contribution: ,-1,Dist:,39.1945, Dist contribution: ,-195.973, New scanned ratio: ,0.0107245, New Scanned Cells Contribution: ,0,Area ratio: ,0.987416, Area ratio Contribution: ,0,Perim diff: ,1.04275, Perim diff Contribution: ,0,Frontier diff: ,0, Frontier diff Contribution ,0,Inverse Area ratio: ,0.84697, Inv Area Ratio Contribution: ,0,Inverse Perim ratio: ,1.06859, Inv Perim Contribution: ,0, Final Score: ,-196.973
Point: ,263,194,Repeat score:,1, Repeat contribution: ,-1,Dist:,38.0888, Dist contribution: ,-190.444, New scanned ratio: ,0.011217, New Scanned Cells Contribution: ,0,Area ratio: ,0.987515, Area ratio Contribution: ,0,Perim diff: ,1.03908, Perim diff Contribution: ,0,Frontier diff: ,0, Frontier diff Contribution ,0,Inverse Area ratio: ,0.846056, Inv Area Ratio Contribution: ,0,Inverse Perim ratio: ,1.06469, Inv Perim Contribution: ,0, Final Score: ,-191.444
Point: ,262,193,Repeat score:,1, Repeat contribution: ,-1,Dist:,37.205, Dist contribution: ,-186.025, New scanned ratio: ,0.0104544, New Scanned Cells Contribution: ,0,Area ratio: ,0.987792, Area ratio Contribution: ,0,Perim diff: ,1.03684, Perim diff Contribution: ,0,Frontier diff: ,0, Frontier diff Contribution ,0,Inverse Area ratio: ,0.847622, Inv Area Ratio Contribution: ,0,Inverse Perim ratio: ,1.06406, Inv Perim Contribution: ,0, Final Score: ,-187.025
Point: ,257,193,Repeat score:,1, Repeat contribution: ,-1,Dist:,32.2368, Dist contribution: ,-161.184, New scanned ratio: ,0.00942167, New Scanned Cells Contribution: ,0,Area ratio: ,0.988004, Area ratio Contribution: ,0,Perim diff: ,1.03653, Perim diff Contribution: ,0,Frontier diff: ,0, Frontier diff Contribution ,0,Inverse Area ratio: ,0.849808, Inv Area Ratio Contribution: ,0,Inverse Perim ratio: ,1.05852, Inv Perim Contribution: ,0, Final Score: ,-162.184
Point: ,254,191,Repeat score:,1, Repeat contribution: ,-1,Dist:,29.7195, Dist contribution: ,-148.598, New scanned ratio: ,0.00757865, New Scanned Cells Contribution: ,0,Area ratio: ,0.988223, Area ratio Contribution: ,0,Perim diff: ,1.0338, Perim diff Contribution: ,0,Frontier diff: ,0, Frontier diff Contribution ,0,Inverse Area ratio: ,0.85361, Inv Area Ratio Contribution: ,0,Inverse Perim ratio: ,1.05649, Inv Perim Contribution: ,0, Final Score: ,-149.598
Point: ,252,191,Repeat score:,1, Repeat contribution: ,-1,Dist:,27.7714, Dist contribution: ,-138.857, New scanned ratio: ,0.00703845, New Scanned Cells Contribution: ,0,Area ratio: ,0.988107, Area ratio Contribution: ,0,Perim diff: ,1.03436, Perim diff Contribution: ,0,Frontier diff: ,0, Frontier diff Contribution ,0,Inverse Area ratio: ,0.854801, Inv Area Ratio Contribution: ,0,Inverse Perim ratio: ,1.05335, Inv Perim Contribution: ,0, Final Score: ,-139.857
Point: ,249,193,Repeat score:,1, Repeat contribution: ,-1,Dist:,24.3148, Dist contribution: ,-121.574, New scanned ratio: ,0.00714967, New Scanned Cells Contribution: ,0,Area ratio: ,0.987729, Area ratio Contribution: ,0,Perim diff: ,1.03389, Perim diff Contribution: ,0,Frontier diff: ,0, Frontier diff Contribution ,0,Inverse Area ratio: ,0.854572, Inv Area Ratio Contribution: ,0,Inverse Perim ratio: ,1.05325, Inv Perim Contribution: ,0, Final Score: ,-122.574
Point: ,245,193,Repeat score:,1, Repeat contribution: ,-1,Dist:,20.3767, Dist contribution: ,-101.884, New scanned ratio: ,0.00597394, New Scanned Cells Contribution: ,0,Area ratio: ,0.987543, Area ratio Contribution: ,0,Perim diff: ,1.03346, Perim diff Contribution: ,0,Frontier diff: ,0, Frontier diff Contribution ,0,Inverse Area ratio: ,0.857036, Inv Area Ratio Contribution: ,0,Inverse Perim ratio: ,1.05201, Inv Perim Contribution: ,0, Final Score: ,-102.884
Point: ,245,195,Repeat score:,1, Repeat contribution: ,-1,Dist:,20.0422, Dist contribution: ,-100.211, New scanned ratio: ,0.00684779, New Scanned Cells Contribution: ,0,Area ratio: ,0.98712, Area ratio Contribution: ,0,Perim diff: ,1.03583, Perim diff Contribution: ,0,Frontier diff: ,0, Frontier diff Contribution ,0,Inverse Area ratio: ,0.855176, Inv Area Ratio Contribution: ,0,Inverse Perim ratio: ,1.05599, Inv Perim Contribution: ,0, Final Score: ,-101.211
Point: ,246,196,Repeat score:,1, Repeat contribution: ,-1,Dist:,21, Dist contribution: ,-105, New scanned ratio: ,0.0076422, New Scanned Cells Contribution: ,0,Area ratio: ,0.986518, Area ratio Contribution: ,0,Perim diff: ,1.03611, Perim diff Contribution: ,0,Frontier diff: ,0, Frontier diff Contribution ,0,Inverse Area ratio: ,0.853544, Inv Area Ratio Contribution: ,0,Inverse Perim ratio: ,1.05718, Inv Perim Contribution: ,0, Final Score: ,-106
Point: ,245,197,Repeat score:,1, Repeat contribution: ,-1,Dist:,20.0422, Dist contribution: ,-100.211, New scanned ratio: ,0.00778519, New Scanned Cells Contribution: ,0,Area ratio: ,0.985701, Area ratio Contribution: ,0,Perim diff: ,1.03697, Perim diff Contribution: ,0,Frontier diff: ,0, Frontier diff Contribution ,0,Inverse Area ratio: ,0.853234, Inv Area Ratio Contribution: ,0,Inverse Perim ratio: ,1.0587, Inv Perim Contribution: ,0, Final Score: ,-101.211
Point: ,245,202,Repeat score:,1, Repeat contribution: ,-1,Dist:,21.4672, Dist contribution: ,-107.336, New scanned ratio: ,0.0103273, New Scanned Cells Contribution: ,0,Area ratio: ,0.982108, Area ratio Contribution: ,0,Perim diff: ,1.04082, Perim diff Contribution: ,0,Frontier diff: ,0, Frontier diff Contribution ,0,Inverse Area ratio: ,0.847867, Inv Area Ratio Contribution: ,0,Inverse Perim ratio: ,1.06732, Inv Perim Contribution: ,0, Final Score: ,-108.336
Point: ,242,208,Repeat score:,1, Repeat contribution: ,-1,Dist:,23.0729, Dist contribution: ,-115.365, New scanned ratio: ,0.0122656, New Scanned Cells Contribution: ,0,Area ratio: ,0.97379, Area ratio Contribution: ,0,Perim diff: ,1.05568, Perim diff Contribution: ,0,Frontier diff: ,0, Frontier diff Contribution ,0,Inverse Area ratio: ,0.843462, Inv Area Ratio Contribution: ,0,Inverse Perim ratio: ,1.0961, Inv Perim Contribution: ,0, Final Score: ,-116.365
Point: ,237,213,Repeat score:,1, Repeat contribution: ,-1,Dist:,25.1478, Dist contribution: ,-125.739, New scanned ratio: ,0.0126311, New Scanned Cells Contribution: ,0,Area ratio: ,0.964027, Area ratio Contribution: ,0,Perim diff: ,1.07063, Perim diff Contribution: ,0,Frontier diff: ,0, Frontier diff Contribution ,0,Inverse Area ratio: ,0.842516, Inv Area Ratio Contribution: ,0,Inverse Perim ratio: ,1.1125, Inv Perim Contribution: ,0, Final Score: ,-126.739
Point: ,231,216,Repeat score:,1, Repeat contribution: ,-1,Dist:,26.6833, Dist contribution: ,-133.417, New scanned ratio: ,0.0124881, New Scanned Cells Contribution: ,0,Area ratio: ,0.958592, Area ratio Contribution: ,0,Perim diff: ,1.06491, Perim diff Contribution: ,0,Frontier diff: ,0, Frontier diff Contribution ,0,Inverse Area ratio: ,0.842924, Inv Area Ratio Contribution: ,0,Inverse Perim ratio: ,1.10644, Inv Perim Contribution: ,0, Final Score: ,-134.417
Point: ,226,216,Repeat score:,1, Repeat contribution: ,-1,Dist:,26.0192, Dist contribution: ,-130.096, New scanned ratio: ,0.0114712, New Scanned Cells Contribution: ,0,Area ratio: ,0.958618, Area ratio Contribution: ,0,Perim diff: ,1.05976, Perim diff Contribution: ,0,Frontier diff: ,0, Frontier diff Contribution ,0,Inverse Area ratio: ,0.845142, Inv Area Ratio Contribution: ,0,Inverse Perim ratio: ,1.09855, Inv Perim Contribution: ,0, Final Score: ,-131.096
Point: ,225,217,Repeat score:,1, Repeat contribution: ,-1,Dist:,27.3, Dist contribution: ,-136.5, New scanned ratio: ,0.0119002, New Scanned Cells Contribution: ,0,Area ratio: ,0.957059, Area ratio Contribution: ,0,Perim diff: ,1.06138, Perim diff Contribution: ,0,Frontier diff: ,0, Frontier diff Contribution ,0,Inverse Area ratio: ,0.844229, Inv Area Ratio Contribution: ,0,Inverse Perim ratio: ,1.10127, Inv Perim Contribution: ,0, Final Score: ,-137.5
Point: ,224,216,Repeat score:,1, Repeat contribution: ,-1,Dist:,26.0192, Dist contribution: ,-130.096, New scanned ratio: ,0.0111694, New Scanned Cells Contribution: ,0,Area ratio: ,0.958738, Area ratio Contribution: ,0,Perim diff: ,1.05819, Perim diff Contribution: ,0,Frontier diff: ,0, Frontier diff Contribution ,0,Inverse Area ratio: ,0.845795, Inv Area Ratio Contribution: ,0,Inverse Perim ratio: ,1.09606, Inv Perim Contribution: ,0, Final Score: ,-131.096
Point: ,219,216,Repeat score:,1, Repeat contribution: ,-1,Dist:,26.6833, Dist contribution: ,-133.417, New scanned ratio: ,0.0106609, New Scanned Cells Contribution: ,0,Area ratio: ,0.95928, Area ratio Contribution: ,0,Perim diff: ,1.05667, Perim diff Contribution: ,0,Frontier diff: ,0, Frontier diff Contribution ,0,Inverse Area ratio: ,0.846839, Inv Area Ratio Contribution: ,0,Inverse Perim ratio: ,1.09297, Inv Perim Contribution: ,0, Final Score: ,-134.417
Point: ,215,214,Repeat score:,1, Repeat contribution: ,-1,Dist:,25.4472, Dist contribution: ,-127.236, New scanned ratio: ,0.00927868, New Scanned Cells Contribution: ,0,Area ratio: ,0.96315, Area ratio Contribution: ,0,Perim diff: ,1.04962, Perim diff Contribution: ,0,Frontier diff: ,0, Frontier diff Contribution ,0,Inverse Area ratio: ,0.849808, Inv Area Ratio Contribution: ,0,Inverse Perim ratio: ,1.08182, Inv Perim Contribution: ,0, Final Score: ,-128.236
Point: ,212,216,Repeat score:,1, Repeat contribution: ,-1,Dist:,29.0689, Dist contribution: ,-145.344, New scanned ratio: ,0.0104385, New Scanned Cells Contribution: ,0,Area ratio: ,0.960516, Area ratio Contribution: ,0,Perim diff: ,1.05154, Perim diff Contribution: ,0,Frontier diff: ,0, Frontier diff Contribution ,0,Inverse Area ratio: ,0.847394, Inv Area Ratio Contribution: ,0,Inverse Perim ratio: ,1.08523, Inv Perim Contribution: ,0, Final Score: ,-146.344
Point: ,207,216,Repeat score:,1, Repeat contribution: ,-1,Dist:,31.6228, Dist contribution: ,-158.114, New scanned ratio: ,0.0103591, New Scanned Cells Contribution: ,0,Area ratio: ,0.96145, Area ratio Contribution: ,0,Perim diff: ,1.04885, Perim diff Contribution: ,0,Frontier diff: ,0, Frontier diff Contribution ,0,Inverse Area ratio: ,0.847557, Inv Area Ratio Contribution: ,0,Inverse Perim ratio: ,1.08087, Inv Perim Contribution: ,0, Final Score: ,-159.114
Point: ,206,217,Repeat score:,1, Repeat contribution: ,-1,Dist:,33.2609, Dist contribution: ,-166.305, New scanned ratio: ,0.0109628, New Scanned Cells Contribution: ,0,Area ratio: ,0.960039, Area ratio Contribution: ,0,Perim diff: ,1.05171, Perim diff Contribution: ,0,Frontier diff: ,0, Frontier diff Contribution ,0,Inverse Area ratio: ,0.846268, Inv Area Ratio Contribution: ,0,Inverse Perim ratio: ,1.08512, Inv Perim Contribution: ,0, Final Score: ,-167.305
Point: ,205,216,Repeat score:,1, Repeat contribution: ,-1,Dist:,32.8024, Dist contribution: ,-164.012, New scanned ratio: ,0.0103114, New Scanned Cells Contribution: ,0,Area ratio: ,0.961793, Area ratio Contribution: ,0,Perim diff: ,1.04969, Perim diff Contribution: ,0,Frontier diff: ,0, Frontier diff Contribution ,0,Inverse Area ratio: ,0.847638, Inv Area Ratio Contribution: ,0,Inverse Perim ratio: ,1.0816, Inv Perim Contribution: ,0, Final Score: ,-165.012
Point: ,200,216,Repeat score:,1, Repeat contribution: ,-1,Dist:,36.0694, Dist contribution: ,-180.347, New scanned ratio: ,0.0102637, New Scanned Cells Contribution: ,0,Area ratio: ,0.962737, Area ratio Contribution: ,0,Perim diff: ,1.05111, Perim diff Contribution: ,0,Frontier diff: ,0, Frontier diff Contribution ,0,Inverse Area ratio: ,0.847736, Inv Area Ratio Contribution: ,0,Inverse Perim ratio: ,1.08263, Inv Perim Contribution: ,0, Final Score: ,-181.347
Point: ,199,215,Repeat score:,1, Repeat contribution: ,-1,Dist:,35.8621, Dist contribution: ,-179.31, New scanned ratio: ,0.00961233, New Scanned Cells Contribution: ,0,Area ratio: ,0.964489, Area ratio Contribution: ,0,Perim diff: ,1.05101, Perim diff Contribution: ,0,Frontier diff: ,0, Frontier diff Contribution ,0,Inverse Area ratio: ,0.849074, Inv Area Ratio Contribution: ,0,Inverse Perim ratio: ,1.0816, Inv Perim Contribution: ,0, Final Score: ,-180.31
Point: ,196,215,Repeat score:,1, Repeat contribution: ,-1,Dist:,38.0932, Dist contribution: ,-190.466, New scanned ratio: ,0.00956466, New Scanned Cells Contribution: ,0,Area ratio: ,0.965035, Area ratio Contribution: ,0,Perim diff: ,1.0506, Perim diff Contribution: ,0,Frontier diff: ,0, Frontier diff Contribution ,0,Inverse Area ratio: ,0.849139, Inv Area Ratio Contribution: ,0,Inverse Perim ratio: ,1.08417, Inv Perim Contribution: ,0, Final Score: ,-191.466
Point: ,193,217,Repeat score:,1, Repeat contribution: ,-1,Dist:,42.0629, Dist contribution: ,-210.315, New scanned ratio: ,0.0106768, New Scanned Cells Contribution: ,0,Area ratio: ,0.962333, Area ratio Contribution: ,0,Perim diff: ,1.0542, Perim diff Contribution: ,0,Frontier diff: ,0, Frontier diff Contribution ,0,Inverse Area ratio: ,0.846823, Inv Area Ratio Contribution: ,0,Inverse Perim ratio: ,1.08634, Inv Perim Contribution: ,0, Final Score: ,-211.315
BEST Point:,245,195, Score: ,-101.211
COUNT COMMAND: 1
Total frontiers: ,102, Prioritised frontiers: ,25
At: ,244,195,
Point: ,283,193,Repeat score:,1, Repeat contribution: ,-1,Dist:,39.0866, Dist contribution: ,-195.433, New scanned ratio: ,0.0108601, New Scanned Cells Contribution: ,0,Area ratio: ,0.988058, Area ratio Contribution: ,0,Perim diff: ,1.03803, Perim diff Contribution: ,0,Frontier diff: ,0, Frontier diff Contribution ,0,Inverse Area ratio: ,0.898523, Inv Area Ratio Contribution: ,0,Inverse Perim ratio: ,1.05345, Inv Perim Contribution: ,0, Final Score: ,-196.433
Point: ,282,192,Repeat score:,1, Repeat contribution: ,-1,Dist:,38.1996, Dist contribution: ,-190.998, New scanned ratio: ,0.010355, New Scanned Cells Contribution: ,0,Area ratio: ,0.988275, Area ratio Contribution: ,0,Perim diff: ,1.03609, Perim diff Contribution: ,0,Frontier diff: ,0, Frontier diff Contribution ,0,Inverse Area ratio: ,0.902639, Inv Area Ratio Contribution: ,0,Inverse Perim ratio: ,1.05298, Inv Perim Contribution: ,0, Final Score: ,-191.998
Point: ,277,192,Repeat score:,1, Repeat contribution: ,-1,Dist:,33.2297, Dist contribution: ,-166.148, New scanned ratio: ,0.00947104, New Scanned Cells Contribution: ,0,Area ratio: ,0.988936, Area ratio Contribution: ,0,Perim diff: ,1.03214, Perim diff Contribution: ,0,Frontier diff: ,0, Frontier diff Contribution ,0,Inverse Area ratio: ,0.836153, Inv Area Ratio Contribution: ,0,Inverse Perim ratio: ,1.06286, Inv Perim Contribution: ,0, Final Score: ,-167.148
Point: ,274,190,Repeat score:,1, Repeat contribution: ,-1,Dist:,30.6961, Dist contribution: ,-153.48, New scanned ratio: ,0.00759262, New Scanned Cells Contribution: ,0,Area ratio: ,0.989278, Area ratio Contribution: ,0,Perim diff: ,1.03164, Perim diff Contribution: ,0,Frontier diff: ,0, Frontier diff Contribution ,0,Inverse Area ratio: ,0.84015, Inv Area Ratio Contribution: ,0,Inverse Perim ratio: ,1.0578, Inv Perim Contribution: ,0, Final Score: ,-154.48
Point: ,269,193,Repeat score:,1, Repeat contribution: ,-1,Dist:,25.1348, Dist contribution: ,-125.674, New scanned ratio: ,0.00770311, New Scanned Cells Contribution: ,0,Area ratio: ,0.989241, Area ratio Contribution: ,0,Perim diff: ,1.03056, Perim diff Contribution: ,0,Frontier diff: ,0, Frontier diff Contribution ,0,Inverse Area ratio: ,0.839889, Inv Area Ratio Contribution: ,0,Inverse Perim ratio: ,1.05561, Inv Perim Contribution: ,0, Final Score: ,-126.674
Point: ,264,193,Repeat score:,1, Repeat contribution: ,-1,Dist:,20.1683, Dist contribution: ,-100.841, New scanned ratio: ,0.00620353, New Scanned Cells Contribution: ,0,Area ratio: ,0.989264, Area ratio Contribution: ,0,Perim diff: ,1.0313, Perim diff Contribution: ,0,Frontier diff: ,0, Frontier diff Contribution ,0,Inverse Area ratio: ,0.843038, Inv Area Ratio Contribution: ,0,Inverse Perim ratio: ,1.05421, Inv Perim Contribution: ,0, Final Score: ,-101.841
Point: ,265,195,Repeat score:,1, Repeat contribution: ,-1,Dist:,21, Dist contribution: ,-105, New scanned ratio: ,0.00743477, New Scanned Cells Contribution: ,0,Area ratio: ,0.988566, Area ratio Contribution: ,0,Perim diff: ,1.03144, Perim diff Contribution: ,0,Frontier diff: ,0, Frontier diff Contribution ,0,Inverse Area ratio: ,0.84046, Inv Area Ratio Contribution: ,0,Inverse Perim ratio: ,1.05666, Inv Perim Contribution: ,0, Final Score: ,-106
Point: ,264,196,Repeat score:,1, Repeat contribution: ,-1,Dist:,20.0422, Dist contribution: ,-100.211, New scanned ratio: ,0.00757683, New Scanned Cells Contribution: ,0,Area ratio: ,0.987751, Area ratio Contribution: ,0,Perim diff: ,1.03227, Perim diff Contribution: ,0,Frontier diff: ,0, Frontier diff Contribution ,0,Inverse Area ratio: ,0.84015, Inv Area Ratio Contribution: ,0,Inverse Perim ratio: ,1.05818, Inv Perim Contribution: ,0, Final Score: ,-101.211
Point: ,264,201,Repeat score:,1, Repeat contribution: ,-1,Dist:,21.4672, Dist contribution: ,-107.336, New scanned ratio: ,0.0101024, New Scanned Cells Contribution: ,0,Area ratio: ,0.983886, Area ratio Contribution: ,0,Perim diff: ,1.03426, Perim diff Contribution: ,0,Frontier diff: ,0, Frontier diff Contribution ,0,Inverse Area ratio: ,0.834766, Inv Area Ratio Contribution: ,0,Inverse Perim ratio: ,1.06931, Inv Perim Contribution: ,0, Final Score: ,-108.336
Point: ,261,207,Repeat score:,1, Repeat contribution: ,-1,Dist:,23.0729, Dist contribution: ,-115.365, New scanned ratio: ,0.0120282, New Scanned Cells Contribution: ,0,Area ratio: ,0.977504, Area ratio Contribution: ,0,Perim diff: ,1.05071, Perim diff Contribution: ,0,Frontier diff: ,0, Frontier diff Contribution ,0,Inverse Area ratio: ,0.830459, Inv Area Ratio Contribution: ,0,Inverse Perim ratio: ,1.0915, Inv Perim Contribution: ,0, Final Score: ,-116.365
Point: ,256,212,Repeat score:,1, Repeat contribution: ,-1,Dist:,25.1478, Dist contribution: ,-125.739, New scanned ratio: ,0.0125491, New Scanned Cells Contribution: ,0,Area ratio: ,0.967924, Area ratio Contribution: ,0,Perim diff: ,1.06364, Perim diff Contribution: ,0,Frontier diff: ,0, Frontier diff Contribution ,0,Inverse Area ratio: ,0.829105, Inv Area Ratio Contribution: ,0,Inverse Perim ratio: ,1.11083, Inv Perim Contribution: ,0, Final Score: ,-126.739
Point: ,250,215,Repeat score:,1, Repeat contribution: ,-1,Dist:,26.6833, Dist contribution: ,-133.417, New scanned ratio: ,0.0123124, New Scanned Cells Contribution: ,0,Area ratio: ,0.962596, Area ratio Contribution: ,0,Perim diff: ,1.0581, Perim diff Contribution: ,0,Frontier diff: ,0, Frontier diff Contribution ,0,Inverse Area ratio: ,0.829676, Inv Area Ratio Contribution: ,0,Inverse Perim ratio: ,1.10429, Inv Perim Contribution: ,0, Final Score: ,-134.417
Point: ,245,215,Repeat score:,1, Repeat contribution: ,-1,Dist:,26.0192, Dist contribution: ,-130.096, New scanned ratio: ,0.011239, New Scanned Cells Contribution: ,0,Area ratio: ,0.962864, Area ratio Contribution: ,0,Perim diff: ,1.05313, Perim diff Contribution: ,0,Frontier diff: ,0, Frontier diff Contribution ,0,Inverse Area ratio: ,0.832042, Inv Area Ratio Contribution: ,0,Inverse Perim ratio: ,1.09567, Inv Perim Contribution: ,0, Final Score: ,-131.096
Point: ,244,216,Repeat score:,1, Repeat contribution: ,-1,Dist:,27.3, Dist contribution: ,-136.5, New scanned ratio: ,0.0116494, New Scanned Cells Contribution: ,0,Area ratio: ,0.961292, Area ratio Contribution: ,0,Perim diff: ,1.05335, Perim diff Contribution: ,0,Frontier diff: ,0, Frontier diff Contribution ,0,Inverse Area ratio: ,0.831177, Inv Area Ratio Contribution: ,0,Inverse Perim ratio: ,1.09664, Inv Perim Contribution: ,0, Final Score: ,-137.5
Point: ,243,215,Repeat score:,1, Repeat contribution: ,-1,Dist:,26.0192, Dist contribution: ,-130.096, New scanned ratio: ,0.0108917, New Scanned Cells Contribution: ,0,Area ratio: ,0.963049, Area ratio Contribution: ,0,Perim diff: ,1.05241, Perim diff Contribution: ,0,Frontier diff: ,0, Frontier diff Contribution ,0,Inverse Area ratio: ,0.832776, Inv Area Ratio Contribution: ,0,Inverse Perim ratio: ,1.09392, Inv Perim Contribution: ,0, Final Score: ,-131.096
Point: ,238,215,Repeat score:,1, Repeat contribution: ,-1,Dist:,26.6833, Dist contribution: ,-133.417, New scanned ratio: ,0.0103234, New Scanned Cells Contribution: ,0,Area ratio: ,0.963725, Area ratio Contribution: ,0,Perim diff: ,1.04971, Perim diff Contribution: ,0,Frontier diff: ,0, Frontier diff Contribution ,0,Inverse Area ratio: ,0.833983, Inv Area Ratio Contribution: ,0,Inverse Perim ratio: ,1.08861, Inv Perim Contribution: ,0, Final Score: ,-134.417
Point: ,237,214,Repeat score:,1, Repeat contribution: ,-1,Dist:,25.6727, Dist contribution: ,-128.364, New scanned ratio: ,0.00962889, New Scanned Cells Contribution: ,0,Area ratio: ,0.965439, Area ratio Contribution: ,0,Perim diff: ,1.04882, Perim diff Contribution: ,0,Frontier diff: ,0, Frontier diff Contribution ,0,Inverse Area ratio: ,0.835452, Inv Area Ratio Contribution: ,0,Inverse Perim ratio: ,1.08613, Inv Perim Contribution: ,0, Final Score: ,-129.364
Point: ,234,214,Repeat score:,1, Repeat contribution: ,-1,Dist:,26.6475, Dist contribution: ,-133.238, New scanned ratio: ,0.00953418, New Scanned Cells Contribution: ,0,Area ratio: ,0.965935, Area ratio Contribution: ,0,Perim diff: ,1.04752, Perim diff Contribution: ,0,Frontier diff: ,0, Frontier diff Contribution ,0,Inverse Area ratio: ,0.83568, Inv Area Ratio Contribution: ,0,Inverse Perim ratio: ,1.08364, Inv Perim Contribution: ,0, Final Score: ,-134.238
Point: ,231,216,Repeat score:,1, Repeat contribution: ,-1,Dist:,30.2372, Dist contribution: ,-151.186, New scanned ratio: ,0.0107023, New Scanned Cells Contribution: ,0,Area ratio: ,0.963345, Area ratio Contribution: ,0,Perim diff: ,1.04781, Perim diff Contribution: ,0,Frontier diff: ,0, Frontier diff Contribution ,0,Inverse Area ratio: ,0.833265, Inv Area Ratio Contribution: ,0,Inverse Perim ratio: ,1.08507, Inv Perim Contribution: ,0, Final Score: ,-152.186
Point: ,226,216,Repeat score:,1, Repeat contribution: ,-1,Dist:,32.7, Dist contribution: ,-163.5, New scanned ratio: ,0.0106076, New Scanned Cells Contribution: ,0,Area ratio: ,0.964241, Area ratio Contribution: ,0,Perim diff: ,1.0477, Perim diff Contribution: ,0,Frontier diff: ,0, Frontier diff Contribution ,0,Inverse Area ratio: ,0.833445, Inv Area Ratio Contribution: ,0,Inverse Perim ratio: ,1.08342, Inv Perim Contribution: ,0, Final Score: ,-164.5
Point: ,225,217,Repeat score:,1, Repeat contribution: ,-1,Dist:,34.336, Dist contribution: ,-171.68, New scanned ratio: ,0.0112074, New Scanned Cells Contribution: ,0,Area ratio: ,0.962837, Area ratio Contribution: ,0,Perim diff: ,1.05036, Perim diff Contribution: ,0,Frontier diff: ,0, Frontier diff Contribution ,0,Inverse Area ratio: ,0.83214, Inv Area Ratio Contribution: ,0,Inverse Perim ratio: ,1.08744, Inv Perim Contribution: ,0, Final Score: ,-172.68
Point: ,224,216,Repeat score:,1, Repeat contribution: ,-1,Dist:,33.8421, Dist contribution: ,-169.211, New scanned ratio: ,0.0105918, New Scanned Cells Contribution: ,0,Area ratio: ,0.964629, Area ratio Contribution: ,0,Perim diff: ,1.04649, Perim diff Contribution: ,0,Frontier diff: ,0, Frontier diff Contribution ,0,Inverse Area ratio: ,0.83351, Inv Area Ratio Contribution: ,0,Inverse Perim ratio: ,1.08143, Inv Perim Contribution: ,0, Final Score: ,-170.211
Point: ,219,216,Repeat score:,1, Repeat contribution: ,-1,Dist:,37.0174, Dist contribution: ,-185.087, New scanned ratio: ,0.0105129, New Scanned Cells Contribution: ,0,Area ratio: ,0.96552, Area ratio Contribution: ,0,Perim diff: ,1.05185, Perim diff Contribution: ,0,Frontier diff: ,0, Frontier diff Contribution ,0,Inverse Area ratio: ,0.833608, Inv Area Ratio Contribution: ,0,Inverse Perim ratio: ,1.08693, Inv Perim Contribution: ,0, Final Score: ,-186.087
Point: ,215,214,Repeat score:,1, Repeat contribution: ,-1,Dist:,38.0932, Dist contribution: ,-190.466, New scanned ratio: ,0.00921848, New Scanned Cells Contribution: ,0,Area ratio: ,0.969484, Area ratio Contribution: ,0,Perim diff: ,1.04755, Perim diff Contribution: ,0,Frontier diff: ,0, Frontier diff Contribution ,0,Inverse Area ratio: ,0.836332, Inv Area Ratio Contribution: ,0,Inverse Perim ratio: ,1.079, Inv Perim Contribution: ,0, Final Score: ,-191.466
Point: ,212,216,Repeat score:,1, Repeat contribution: ,-1,Dist:,42.0629, Dist contribution: ,-210.315, New scanned ratio: ,0.0103708, New Scanned Cells Contribution: ,0,Area ratio: ,0.966787, Area ratio Contribution: ,0,Perim diff: ,1.05018, Perim diff Contribution: ,0,Frontier diff: ,0, Frontier diff Contribution ,0,Inverse Area ratio: ,0.833951, Inv Area Ratio Contribution: ,0,Inverse Perim ratio: ,1.08347, Inv Perim Contribution: ,0, Final Score: ,-211.315
BEST Point:,264,196, Score: ,-101.211
COUNT COMMAND: 1
Total frontiers: ,103, Prioritised frontiers: ,24
At: ,263,195,
Point: ,299,185,Repeat score:,1, Repeat contribution: ,-1,Dist:,38.2753, Dist contribution: ,-191.377, New scanned ratio: ,0.0034493, New Scanned Cells Contribution: ,0,Area ratio: ,0.987851, Area ratio Contribution: ,0,Perim diff: ,1.0368, Perim diff Contribution: ,0,Frontier diff: ,0, Frontier diff Contribution ,0,Inverse Area ratio: ,0.890945, Inv Area Ratio Contribution: ,0,Inverse Perim ratio: ,1.04813, Inv Perim Contribution: ,0, Final Score: ,-192.377
Point: ,295,189,Repeat score:,1, Repeat contribution: ,-1,Dist:,32.9369, Dist contribution: ,-164.685, New scanned ratio: ,0.00490742, New Scanned Cells Contribution: ,0,Area ratio: ,0.98856, Area ratio Contribution: ,0,Perim diff: ,1.03244, Perim diff Contribution: ,0,Frontier diff: ,0, Frontier diff Contribution ,0,Inverse Area ratio: ,0.917458, Inv Area Ratio Contribution: ,0,Inverse Perim ratio: ,1.04388, Inv Perim Contribution: ,0, Final Score: ,-165.685
Point: ,289,192,Repeat score:,1, Repeat contribution: ,-1,Dist:,26.2909, Dist contribution: ,-131.454, New scanned ratio: ,0.00609899, New Scanned Cells Contribution: ,0,Area ratio: ,0.98911, Area ratio Contribution: ,0,Perim diff: ,1.02929, Perim diff Contribution: ,0,Frontier diff: ,0, Frontier diff Contribution ,0,Inverse Area ratio: ,0.940492, Inv Area Ratio Contribution: ,0,Inverse Perim ratio: ,1.04071, Inv Perim Contribution: ,0, Final Score: ,-132.454
Point: ,284,192,Repeat score:,1, Repeat contribution: ,-1,Dist:,21.3591, Dist contribution: ,-106.795, New scanned ratio: ,0.00592653, New Scanned Cells Contribution: ,0,Area ratio: ,0.989439, Area ratio Contribution: ,0,Perim diff: ,1.02786, Perim diff Contribution: ,0,Frontier diff: ,0, Frontier diff Contribution ,0,Inverse Area ratio: ,0.924786, Inv Area Ratio Contribution: ,0,Inverse Perim ratio: ,1.04052, Inv Perim Contribution: ,0, Final Score: ,-107.795
Point: ,283,193,Repeat score:,1, Repeat contribution: ,-1,Dist:,20.1683, Dist contribution: ,-100.841, New scanned ratio: ,0.00620875, New Scanned Cells Contribution: ,0,Area ratio: ,0.98945, Area ratio Contribution: ,0,Perim diff: ,1.02791, Perim diff Contribution: ,0,Frontier diff: ,0, Frontier diff Contribution ,0,Inverse Area ratio: ,0.924149, Inv Area Ratio Contribution: ,0,Inverse Perim ratio: ,1.04098, Inv Perim Contribution: ,0, Final Score: ,-101.841
Point: ,284,195,Repeat score:,1, Repeat contribution: ,-1,Dist:,21, Dist contribution: ,-105, New scanned ratio: ,0.00708675, New Scanned Cells Contribution: ,0,Area ratio: ,0.988737, Area ratio Contribution: ,0,Perim diff: ,1.02791, Perim diff Contribution: ,0,Frontier diff: ,0, Frontier diff Contribution ,0,Inverse Area ratio: ,0.937453, Inv Area Ratio Contribution: ,0,Inverse Perim ratio: ,1.04057, Inv Perim Contribution: ,0, Final Score: ,-106
Point: ,283,196,Repeat score:,1, Repeat contribution: ,-1,Dist:,20.0422, Dist contribution: ,-100.211, New scanned ratio: ,0.00743168, New Scanned Cells Contribution: ,0,Area ratio: ,0.987952, Area ratio Contribution: ,0,Perim diff: ,1.02815, Perim diff Contribution: ,0,Frontier diff: ,0, Frontier diff Contribution ,0,Inverse Area ratio: ,0.93664, Inv Area Ratio Contribution: ,0,Inverse Perim ratio: ,1.04139, Inv Perim Contribution: ,0, Final Score: ,-101.211
Point: ,283,201,Repeat score:,1, Repeat contribution: ,-1,Dist:,21.4672, Dist contribution: ,-107.336, New scanned ratio: ,0.00965805, New Scanned Cells Contribution: ,0,Area ratio: ,0.98381, Area ratio Contribution: ,0,Perim diff: ,1.03016, Perim diff Contribution: ,0,Frontier diff: ,-1, Frontier diff Contribution ,-0,Inverse Area ratio: ,0.957137, Inv Area Ratio Contribution: ,0,Inverse Perim ratio: ,1.04188, Inv Perim Contribution: ,0, Final Score: ,-108.336
Point: ,280,207,Repeat score:,1, Repeat contribution: ,-1,Dist:,23.0729, Dist contribution: ,-115.365, New scanned ratio: ,0.0120255, New Scanned Cells Contribution: ,0,Area ratio: ,0.978535, Area ratio Contribution: ,0,Perim diff: ,1.03745, Perim diff Contribution: ,0,Frontier diff: ,-1, Frontier diff Contribution ,-0,Inverse Area ratio: ,0.948956, Inv Area Ratio Contribution: ,0,Inverse Perim ratio: ,1.0487, Inv Perim Contribution: ,0, Final Score: ,-116.365
Point: ,275,212,Repeat score:,1, Repeat contribution: ,-1,Dist:,25.1478, Dist contribution: ,-125.739, New scanned ratio: ,0.0124645, New Scanned Cells Contribution: ,0,Area ratio: ,0.969019, Area ratio Contribution: ,0,Perim diff: ,1.05173, Perim diff Contribution: ,0,Frontier diff: ,0, Frontier diff Contribution ,0,Inverse Area ratio: ,0.815042, Inv Area Ratio Contribution: ,0,Inverse Perim ratio: ,1.11118, Inv Perim Contribution: ,0, Final Score: ,-126.739
Point: ,269,215,Repeat score:,1, Repeat contribution: ,-1,Dist:,26.6833, Dist contribution: ,-133.417, New scanned ratio: ,0.0123234, New Scanned Cells Contribution: ,0,Area ratio: ,0.964014, Area ratio Contribution: ,0,Perim diff: ,1.04816, Perim diff Contribution: ,0,Frontier diff: ,0, Frontier diff Contribution ,0,Inverse Area ratio: ,0.81545, Inv Area Ratio Contribution: ,0,Inverse Perim ratio: ,1.10481, Inv Perim Contribution: ,0, Final Score: ,-134.417
Point: ,264,215,Repeat score:,1, Repeat contribution: ,-1,Dist:,26.0192, Dist contribution: ,-130.096, New scanned ratio: ,0.01132, New Scanned Cells Contribution: ,0,Area ratio: ,0.964554, Area ratio Contribution: ,0,Perim diff: ,1.0453, Perim diff Contribution: ,0,Frontier diff: ,0, Frontier diff Contribution ,0,Inverse Area ratio: ,0.817669, Inv Area Ratio Contribution: ,0,Inverse Perim ratio: ,1.09692, Inv Perim Contribution: ,0, Final Score: ,-131.096
Point: ,263,216,Repeat score:,1, Repeat contribution: ,-1,Dist:,27.3, Dist contribution: ,-136.5, New scanned ratio: ,0.0117433, New Scanned Cells Contribution: ,0,Area ratio: ,0.963016, Area ratio Contribution: ,0,Perim diff: ,1.04701, Perim diff Contribution: ,0,Frontier diff: ,0, Frontier diff Contribution ,0,Inverse Area ratio: ,0.816755, Inv Area Ratio Contribution: ,0,Inverse Perim ratio: ,1.09964, Inv Perim Contribution: ,0, Final Score: ,-137.5
Point: ,262,215,Repeat score:,1, Repeat contribution: ,-1,Dist:,26.0192, Dist contribution: ,-130.096, New scanned ratio: ,0.0110221, New Scanned Cells Contribution: ,0,Area ratio: ,0.964879, Area ratio Contribution: ,0,Perim diff: ,1.04453, Perim diff Contribution: ,0,Frontier diff: ,0, Frontier diff Contribution ,0,Inverse Area ratio: ,0.818321, Inv Area Ratio Contribution: ,0,Inverse Perim ratio: ,1.09443, Inv Perim Contribution: ,0, Final Score: ,-131.096
Point: ,257,215,Repeat score:,1, Repeat contribution: ,-1,Dist:,26.6833, Dist contribution: ,-133.417, New scanned ratio: ,0.0105204, New Scanned Cells Contribution: ,0,Area ratio: ,0.965738, Area ratio Contribution: ,0,Perim diff: ,1.04473, Perim diff Contribution: ,0,Frontier diff: ,0, Frontier diff Contribution ,0,Inverse Area ratio: ,0.819365, Inv Area Ratio Contribution: ,0,Inverse Perim ratio: ,1.09134, Inv Perim Contribution: ,0, Final Score: ,-134.417
Point: ,254,213,Repeat score:,1, Repeat contribution: ,-1,Dist:,25.0711, Dist contribution: ,-125.355, New scanned ratio: ,0.00917201, New Scanned Cells Contribution: ,0,Area ratio: ,0.969712, Area ratio Contribution: ,0,Perim diff: ,1.04194, Perim diff Contribution: ,0,Frontier diff: ,0, Frontier diff Contribution ,0,Inverse Area ratio: ,0.822269, Inv Area Ratio Contribution: ,0,Inverse Perim ratio: ,1.08387, Inv Perim Contribution: ,0, Final Score: ,-126.355
Point: ,250,215,Repeat score:,1, Repeat contribution: ,-1,Dist:,29.0689, Dist contribution: ,-145.344, New scanned ratio: ,0.0103009, New Scanned Cells Contribution: ,0,Area ratio: ,0.967384, Area ratio Contribution: ,0,Perim diff: ,1.04161, Perim diff Contribution: ,0,Frontier diff: ,0, Frontier diff Contribution ,0,Inverse Area ratio: ,0.81992, Inv Area Ratio Contribution: ,0,Inverse Perim ratio: ,1.0836, Inv Perim Contribution: ,0, Final Score: ,-146.344
Point: ,245,215,Repeat score:,1, Repeat contribution: ,-1,Dist:,31.6228, Dist contribution: ,-158.114, New scanned ratio: ,0.0102225, New Scanned Cells Contribution: ,0,Area ratio: ,0.96851, Area ratio Contribution: ,0,Perim diff: ,1.04008, Perim diff Contribution: ,0,Frontier diff: ,0, Frontier diff Contribution ,0,Inverse Area ratio: ,0.820083, Inv Area Ratio Contribution: ,0,Inverse Perim ratio: ,1.07924, Inv Perim Contribution: ,0, Final Score: ,-159.114
Point: ,244,216,Repeat score:,1, Repeat contribution: ,-1,Dist:,33.2609, Dist contribution: ,-166.305, New scanned ratio: ,0.0108183, New Scanned Cells Contribution: ,0,Area ratio: ,0.967071, Area ratio Contribution: ,0,Perim diff: ,1.04292, Perim diff Contribution: ,0,Frontier diff: ,0, Frontier diff Contribution ,0,Inverse Area ratio: ,0.818794, Inv Area Ratio Contribution: ,0,Inverse Perim ratio: ,1.08348, Inv Perim Contribution: ,0, Final Score: ,-167.305
Point: ,243,215,Repeat score:,1, Repeat contribution: ,-1,Dist:,32.8024, Dist contribution: ,-164.012, New scanned ratio: ,0.0101754, New Scanned Cells Contribution: ,0,Area ratio: ,0.968633, Area ratio Contribution: ,0,Perim diff: ,1.04129, Perim diff Contribution: ,0,Frontier diff: ,0, Frontier diff Contribution ,0,Inverse Area ratio: ,0.820165, Inv Area Ratio Contribution: ,0,Inverse Perim ratio: ,1.07997, Inv Perim Contribution: ,0, Final Score: ,-165.012
Point: ,238,215,Repeat score:,1, Repeat contribution: ,-1,Dist:,36.0694, Dist contribution: ,-180.347, New scanned ratio: ,0.0101284, New Scanned Cells Contribution: ,0,Area ratio: ,0.968735, Area ratio Contribution: ,0,Perim diff: ,1.04361, Perim diff Contribution: ,0,Frontier diff: ,0, Frontier diff Contribution ,0,Inverse Area ratio: ,0.820263, Inv Area Ratio Contribution: ,0,Inverse Perim ratio: ,1.08127, Inv Perim Contribution: ,0, Final Score: ,-181.347
Point: ,237,214,Repeat score:,1, Repeat contribution: ,-1,Dist:,35.8621, Dist contribution: ,-179.31, New scanned ratio: ,0.00948558, New Scanned Cells Contribution: ,0,Area ratio: ,0.970171, Area ratio Contribution: ,0,Perim diff: ,1.04373, Perim diff Contribution: ,0,Frontier diff: ,0, Frontier diff Contribution ,0,Inverse Area ratio: ,0.8216, Inv Area Ratio Contribution: ,0,Inverse Perim ratio: ,1.08024, Inv Perim Contribution: ,0, Final Score: ,-180.31
Point: ,234,214,Repeat score:,1, Repeat contribution: ,-1,Dist:,38.0932, Dist contribution: ,-190.466, New scanned ratio: ,0.0094699, New Scanned Cells Contribution: ,0,Area ratio: ,0.97026, Area ratio Contribution: ,0,Perim diff: ,1.04427, Perim diff Contribution: ,0,Frontier diff: ,0, Frontier diff Contribution ,0,Inverse Area ratio: ,0.821617, Inv Area Ratio Contribution: ,0,Inverse Perim ratio: ,1.08371, Inv Perim Contribution: ,0, Final Score: ,-191.466
Point: ,231,216,Repeat score:,1, Repeat contribution: ,-1,Dist:,42.0629, Dist contribution: ,-210.315, New scanned ratio: ,0.0106301, New Scanned Cells Contribution: ,0,Area ratio: ,0.967372, Area ratio Contribution: ,0,Perim diff: ,1.04731, Perim diff Contribution: ,0,Frontier diff: ,0, Frontier diff Contribution ,0,Inverse Area ratio: ,0.819186, Inv Area Ratio Contribution: ,0,Inverse Perim ratio: ,1.08515, Inv Perim Contribution: ,0, Final Score: ,-211.315
BEST Point:,283,196, Score: ,-101.211
COUNT COMMAND: 1
Total frontiers: ,102, Prioritised frontiers: ,16
At: ,282,195,
Point: ,299,206,Repeat score:,1, Repeat contribution: ,-1,Dist:,22.2146, Dist contribution: ,-111.073, New scanned ratio: ,0.0030831, New Scanned Cells Contribution: ,0,Area ratio: ,0.978003, Area ratio Contribution: ,0,Perim diff: ,1.03161, Perim diff Contribution: ,0,Frontier diff: ,0, Frontier diff Contribution ,0,Inverse Area ratio: ,0.959762, Inv Area Ratio Contribution: ,0,Inverse Perim ratio: ,1.03938, Inv Perim Contribution: ,0, Final Score: ,-112.073
Point: ,299,207,Repeat score:,1, Repeat contribution: ,-1,Dist:,23.0729, Dist contribution: ,-115.365, New scanned ratio: ,0.00337896, New Scanned Cells Contribution: ,0,Area ratio: ,0.97715, Area ratio Contribution: ,0,Perim diff: ,1.03204, Perim diff Contribution: ,0,Frontier diff: ,0, Frontier diff Contribution ,0,Inverse Area ratio: ,0.959623, Inv Area Ratio Contribution: ,0,Inverse Perim ratio: ,1.03927, Inv Perim Contribution: ,0, Final Score: ,-116.365
Point: ,294,212,Repeat score:,1, Repeat contribution: ,-1,Dist:,25.1478, Dist contribution: ,-125.739, New scanned ratio: ,0.00625963, New Scanned Cells Contribution: ,0,Area ratio: ,0.969235, Area ratio Contribution: ,0,Perim diff: ,1.03664, Perim diff Contribution: ,0,Frontier diff: ,0, Frontier diff Contribution ,0,Inverse Area ratio: ,0.955372, Inv Area Ratio Contribution: ,0,Inverse Perim ratio: ,1.04404, Inv Perim Contribution: ,0, Final Score: ,-126.739
Point: ,288,215,Repeat score:,1, Repeat contribution: ,-1,Dist:,26.6833, Dist contribution: ,-133.417, New scanned ratio: ,0.00928045, New Scanned Cells Contribution: ,0,Area ratio: ,0.964874, Area ratio Contribution: ,0,Perim diff: ,1.03688, Perim diff Contribution: ,0,Frontier diff: ,0, Frontier diff Contribution ,0,Inverse Area ratio: ,0.953551, Inv Area Ratio Contribution: ,0,Inverse Perim ratio: ,1.04833, Inv Perim Contribution: ,0, Final Score: ,-134.417
Point: ,283,215,Repeat score:,1, Repeat contribution: ,-1,Dist:,26.0192, Dist contribution: ,-130.096, New scanned ratio: ,0.0104327, New Scanned Cells Contribution: ,0,Area ratio: ,0.965552, Area ratio Contribution: ,0,Perim diff: ,1.03615, Perim diff Contribution: ,0,Frontier diff: ,0, Frontier diff Contribution ,0,Inverse Area ratio: ,0.949475, Inv Area Ratio Contribution: ,0,Inverse Perim ratio: ,1.05163, Inv Perim Contribution: ,0, Final Score: ,-131.096
Point: ,282,216,Repeat score:,1, Repeat contribution: ,-1,Dist:,27.3, Dist contribution: ,-136.5, New scanned ratio: ,0.0111801, New Scanned Cells Contribution: ,0,Area ratio: ,0.964016, Area ratio Contribution: ,0,Perim diff: ,1.03837, Perim diff Contribution: ,0,Frontier diff: ,0, Frontier diff Contribution ,0,Inverse Area ratio: ,0.94688, Inv Area Ratio Contribution: ,0,Inverse Perim ratio: ,1.05702, Inv Perim Contribution: ,0, Final Score: ,-137.5
Point: ,281,215,Repeat score:,1, Repeat contribution: ,-1,Dist:,26.0192, Dist contribution: ,-130.096, New scanned ratio: ,0.0107286, New Scanned Cells Contribution: ,0,Area ratio: ,0.965809, Area ratio Contribution: ,0,Perim diff: ,1.03699, Perim diff Contribution: ,0,Frontier diff: ,-1, Frontier diff Contribution ,-0,Inverse Area ratio: ,0.945865, Inv Area Ratio Contribution: ,0,Inverse Perim ratio: ,1.05629, Inv Perim Contribution: ,0, Final Score: ,-131.096
Point: ,276,215,Repeat score:,1, Repeat contribution: ,-1,Dist:,26.6833, Dist contribution: ,-133.417, New scanned ratio: ,0.0104483, New Scanned Cells Contribution: ,0,Area ratio: ,0.966148, Area ratio Contribution: ,0,Perim diff: ,1.03995, Perim diff Contribution: ,0,Frontier diff: ,0, Frontier diff Contribution ,0,Inverse Area ratio: ,0.897557, Inv Area Ratio Contribution: ,0,Inverse Perim ratio: ,1.07943, Inv Perim Contribution: ,0, Final Score: ,-134.417
Point: ,273,213,Repeat score:,1, Repeat contribution: ,-1,Dist:,25.0711, Dist contribution: ,-125.355, New scanned ratio: ,0.00914031, New Scanned Cells Contribution: ,0,Area ratio: ,0.969852, Area ratio Contribution: ,0,Perim diff: ,1.03782, Perim diff Contribution: ,0,Frontier diff: ,0, Frontier diff Contribution ,0,Inverse Area ratio: ,0.900738, Inv Area Ratio Contribution: ,0,Inverse Perim ratio: ,1.07138, Inv Perim Contribution: ,0, Final Score: ,-126.355
Point: ,269,215,Repeat score:,1, Repeat contribution: ,-1,Dist:,29.0689, Dist contribution: ,-145.344, New scanned ratio: ,0.0103237, New Scanned Cells Contribution: ,0,Area ratio: ,0.966944, Area ratio Contribution: ,0,Perim diff: ,1.03836, Perim diff Contribution: ,0,Frontier diff: ,0, Frontier diff Contribution ,0,Inverse Area ratio: ,0.897975, Inv Area Ratio Contribution: ,0,Inverse Perim ratio: ,1.07187, Inv Perim Contribution: ,0, Final Score: ,-146.344
Point: ,264,215,Repeat score:,1, Repeat contribution: ,-1,Dist:,31.6228, Dist contribution: ,-158.114, New scanned ratio: ,0.0103082, New Scanned Cells Contribution: ,0,Area ratio: ,0.96738, Area ratio Contribution: ,0,Perim diff: ,1.03755, Perim diff Contribution: ,0,Frontier diff: ,0, Frontier diff Contribution ,0,Inverse Area ratio: ,0.897993, Inv Area Ratio Contribution: ,0,Inverse Perim ratio: ,1.06814, Inv Perim Contribution: ,0, Final Score: ,-159.114
Point: ,263,216,Repeat score:,1, Repeat contribution: ,-1,Dist:,33.2609, Dist contribution: ,-166.305, New scanned ratio: ,0.0109154, New Scanned Cells Contribution: ,0,Area ratio: ,0.965825, Area ratio Contribution: ,0,Perim diff: ,1.04174, Perim diff Contribution: ,0,Frontier diff: ,0, Frontier diff Contribution ,0,Inverse Area ratio: ,0.896503, Inv Area Ratio Contribution: ,0,Inverse Perim ratio: ,1.07431, Inv Perim Contribution: ,0, Final Score: ,-167.305
Point: ,262,215,Repeat score:,1, Repeat contribution: ,-1,Dist:,32.8024, Dist contribution: ,-164.012, New scanned ratio: ,0.0103082, New Scanned Cells Contribution: ,0,Area ratio: ,0.967555, Area ratio Contribution: ,0,Perim diff: ,1.03817, Perim diff Contribution: ,0,Frontier diff: ,0, Frontier diff Contribution ,0,Inverse Area ratio: ,0.897993, Inv Area Ratio Contribution: ,0,Inverse Perim ratio: ,1.06814, Inv Perim Contribution: ,0, Final Score: ,-165.012
Point: ,257,215,Repeat score:,1, Repeat contribution: ,-1,Dist:,36.0694, Dist contribution: ,-180.347, New scanned ratio: ,0.0103237, New Scanned Cells Contribution: ,0,Area ratio: ,0.9677, Area ratio Contribution: ,0,Perim diff: ,1.0422, Perim diff Contribution: ,0,Frontier diff: ,0, Frontier diff Contribution ,0,Inverse Area ratio: ,0.897921, Inv Area Ratio Contribution: ,0,Inverse Perim ratio: ,1.07176, Inv Perim Contribution: ,0, Final Score: ,-181.347
Point: ,254,213,Repeat score:,1, Repeat contribution: ,-1,Dist:,36.4905, Dist contribution: ,-182.453, New scanned ratio: ,0.0090936, New Scanned Cells Contribution: ,0,Area ratio: ,0.970928, Area ratio Contribution: ,0,Perim diff: ,1.0412, Perim diff Contribution: ,0,Frontier diff: ,0, Frontier diff Contribution ,0,Inverse Area ratio: ,0.900811, Inv Area Ratio Contribution: ,0,Inverse Perim ratio: ,1.06791, Inv Perim Contribution: ,0, Final Score: ,-183.453
Point: ,250,215,Repeat score:,1, Repeat contribution: ,-1,Dist:,41.2311, Dist contribution: ,-206.155, New scanned ratio: ,0.0102303, New Scanned Cells Contribution: ,0,Area ratio: ,0.967813, Area ratio Contribution: ,0,Perim diff: ,1.04322, Perim diff Contribution: ,0,Frontier diff: ,0, Frontier diff Contribution ,0,Inverse Area ratio: ,0.898139, Inv Area Ratio Contribution: ,0,Inverse Perim ratio: ,1.07143, Inv Perim Contribution: ,0, Final Score: ,-207.155
BEST Point:,299,206, Score: ,-112.073
COUNT COMMAND: 1
Total frontiers: ,102, Prioritised frontiers: ,13
At: ,298,205,
Point: ,299,225,Repeat score:,1, Repeat contribution: ,-1,Dist:,26.0192, Dist contribution: ,-130.096, New scanned ratio: ,0.00593066, New Scanned Cells Contribution: ,0,Area ratio: ,0.945556, Area ratio Contribution: ,0,Perim diff: ,1.04894, Perim diff Contribution: ,0,Frontier diff: ,0, Frontier diff Contribution ,0,Inverse Area ratio: ,0.952167, Inv Area Ratio Contribution: ,0,Inverse Perim ratio: ,1.04838, Inv Perim Contribution: ,0, Final Score: ,-131.096
Point: ,298,226,Repeat score:,1, Repeat contribution: ,-1,Dist:,27.3, Dist contribution: ,-136.5, New scanned ratio: ,0.00667588, New Scanned Cells Contribution: ,0,Area ratio: ,0.944012, Area ratio Contribution: ,0,Perim diff: ,1.0503, Perim diff Contribution: ,0,Frontier diff: ,0, Frontier diff Contribution ,0,Inverse Area ratio: ,0.950506, Inv Area Ratio Contribution: ,0,Inverse Perim ratio: ,1.05106, Inv Perim Contribution: ,0, Final Score: ,-137.5
Point: ,297,225,Repeat score:,1, Repeat contribution: ,-1,Dist:,26.0192, Dist contribution: ,-130.096, New scanned ratio: ,0.00684666, New Scanned Cells Contribution: ,0,Area ratio: ,0.945987, Area ratio Contribution: ,0,Perim diff: ,1.04939, Perim diff Contribution: ,0,Frontier diff: ,0, Frontier diff Contribution ,0,Inverse Area ratio: ,0.950135, Inv Area Ratio Contribution: ,0,Inverse Perim ratio: ,1.05097, Inv Perim Contribution: ,0, Final Score: ,-131.096
Point: ,292,225,Repeat score:,1, Repeat contribution: ,-1,Dist:,26.6833, Dist contribution: ,-133.417, New scanned ratio: ,0.00915993, New Scanned Cells Contribution: ,0,Area ratio: ,0.947014, Area ratio Contribution: ,0,Perim diff: ,1.05155, Perim diff Contribution: ,0,Frontier diff: ,0, Frontier diff Contribution ,0,Inverse Area ratio: ,0.945851, Inv Area Ratio Contribution: ,0,Inverse Perim ratio: ,1.05669, Inv Perim Contribution: ,0, Final Score: ,-134.417
Point: ,286,222,Repeat score:,1, Repeat contribution: ,-1,Dist:,25.1478, Dist contribution: ,-125.739, New scanned ratio: ,0.0103864, New Scanned Cells Contribution: ,0,Area ratio: ,0.953415, Area ratio Contribution: ,0,Perim diff: ,1.04536, Perim diff Contribution: ,0,Frontier diff: ,0, Frontier diff Contribution ,0,Inverse Area ratio: ,0.946874, Inv Area Ratio Contribution: ,0,Inverse Perim ratio: ,1.0576, Inv Perim Contribution: ,0, Final Score: ,-126.739
Point: ,281,217,Repeat score:,1, Repeat contribution: ,-1,Dist:,23.0729, Dist contribution: ,-115.365, New scanned ratio: ,0.00894257, New Scanned Cells Contribution: ,0,Area ratio: ,0.962517, Area ratio Contribution: ,0,Perim diff: ,1.03906, Perim diff Contribution: ,0,Frontier diff: ,0, Frontier diff Contribution ,0,Inverse Area ratio: ,0.944525, Inv Area Ratio Contribution: ,0,Inverse Perim ratio: ,1.05996, Inv Perim Contribution: ,0, Final Score: ,-116.365
Point: ,280,215,Repeat score:,1, Repeat contribution: ,-1,Dist:,22.2036, Dist contribution: ,-111.018, New scanned ratio: ,0.00794895, New Scanned Cells Contribution: ,0,Area ratio: ,0.965938, Area ratio Contribution: ,0,Perim diff: ,1.03655, Perim diff Contribution: ,0,Frontier diff: ,0, Frontier diff Contribution ,0,Inverse Area ratio: ,0.946298, Inv Area Ratio Contribution: ,0,Inverse Perim ratio: ,1.0544, Inv Perim Contribution: ,0, Final Score: ,-112.018
Point: ,276,215,Repeat score:,1, Repeat contribution: ,-1,Dist:,25.5539, Dist contribution: ,-127.769, New scanned ratio: ,0.00856996, New Scanned Cells Contribution: ,0,Area ratio: ,0.966218, Area ratio Contribution: ,0,Perim diff: ,1.04005, Perim diff Contribution: ,0,Frontier diff: ,0, Frontier diff Contribution ,0,Inverse Area ratio: ,0.944687, Inv Area Ratio Contribution: ,0,Inverse Perim ratio: ,1.05857, Inv Perim Contribution: ,0, Final Score: ,-128.769
Point: ,272,213,Repeat score:,1, Repeat contribution: ,-1,Dist:,28.0029, Dist contribution: ,-140.014, New scanned ratio: ,0.00808868, New Scanned Cells Contribution: ,0,Area ratio: ,0.969708, Area ratio Contribution: ,0,Perim diff: ,1.03833, Perim diff Contribution: ,0,Frontier diff: ,0, Frontier diff Contribution ,0,Inverse Area ratio: ,0.952012, Inv Area Ratio Contribution: ,0,Inverse Perim ratio: ,1.05487, Inv Perim Contribution: ,0, Final Score: ,-141.014
Point: ,269,215,Repeat score:,1, Repeat contribution: ,-1,Dist:,31.7805, Dist contribution: ,-158.902, New scanned ratio: ,0.00967226, New Scanned Cells Contribution: ,0,Area ratio: ,0.966689, Area ratio Contribution: ,0,Perim diff: ,1.03956, Perim diff Contribution: ,0,Frontier diff: ,0, Frontier diff Contribution ,0,Inverse Area ratio: ,0.951597, Inv Area Ratio Contribution: ,0,Inverse Perim ratio: ,1.05745, Inv Perim Contribution: ,0, Final Score: ,-159.902
Point: ,264,215,Repeat score:,1, Repeat contribution: ,-1,Dist:,36.4005, Dist contribution: ,-182.003, New scanned ratio: ,0.0101535, New Scanned Cells Contribution: ,0,Area ratio: ,0.966705, Area ratio Contribution: ,0,Perim diff: ,1.04194, Perim diff Contribution: ,0,Frontier diff: ,0, Frontier diff Contribution ,0,Inverse Area ratio: ,0.948796, Inv Area Ratio Contribution: ,0,Inverse Perim ratio: ,1.06032, Inv Perim Contribution: ,0, Final Score: ,-183.003
Point: ,263,216,Repeat score:,1, Repeat contribution: ,-1,Dist:,37.8086, Dist contribution: ,-189.043, New scanned ratio: ,0.0108211, New Scanned Cells Contribution: ,0,Area ratio: ,0.9651, Area ratio Contribution: ,0,Perim diff: ,1.04642, Perim diff Contribution: ,0,Frontier diff: ,0, Frontier diff Contribution ,0,Inverse Area ratio: ,0.946065, Inv Area Ratio Contribution: ,0,Inverse Perim ratio: ,1.06653, Inv Perim Contribution: ,0, Final Score: ,-190.043
Point: ,262,215,Repeat score:,1, Repeat contribution: ,-1,Dist:,38.2753, Dist contribution: ,-191.377, New scanned ratio: ,0.0102622, New Scanned Cells Contribution: ,0,Area ratio: ,0.966599, Area ratio Contribution: ,0,Perim diff: ,1.04494, Perim diff Contribution: ,0,Frontier diff: ,0, Frontier diff Contribution ,0,Inverse Area ratio: ,0.946562, Inv Area Ratio Contribution: ,0,Inverse Perim ratio: ,1.06363, Inv Perim Contribution: ,0, Final Score: ,-192.377
BEST Point:,280,215, Score: ,-112.018
COUNT COMMAND: 1
Total frontiers: ,103, Prioritised frontiers: ,20
At: ,280,214,
Point: ,299,225,Repeat score:,1, Repeat contribution: ,-1,Dist:,23.78, Dist contribution: ,-118.9, New scanned ratio: ,0.00332897, New Scanned Cells Contribution: ,0,Area ratio: ,0.950184, Area ratio Contribution: ,0,Perim diff: ,1.03936, Perim diff Contribution: ,0,Frontier diff: ,0, Frontier diff Contribution ,0,Inverse Area ratio: ,0.954996, Inv Area Ratio Contribution: ,0,Inverse Perim ratio: ,1.04415, Inv Perim Contribution: ,0, Final Score: ,-119.9
Point: ,298,226,Repeat score:,1, Repeat contribution: ,-1,Dist:,23.8193, Dist contribution: ,-119.097, New scanned ratio: ,0.00379132, New Scanned Cells Contribution: ,0,Area ratio: ,0.948364, Area ratio Contribution: ,0,Perim diff: ,1.03892, Perim diff Contribution: ,0,Frontier diff: ,0, Frontier diff Contribution ,0,Inverse Area ratio: ,0.953937, Inv Area Ratio Contribution: ,0,Inverse Perim ratio: ,1.04403, Inv Perim Contribution: ,0, Final Score: ,-120.097
Point: ,297,225,Repeat score:,1, Repeat contribution: ,-1,Dist:,22.2146, Dist contribution: ,-111.073, New scanned ratio: ,0.00365262, New Scanned Cells Contribution: ,0,Area ratio: ,0.950046, Area ratio Contribution: ,0,Perim diff: ,1.03858, Perim diff Contribution: ,0,Frontier diff: ,0, Frontier diff Contribution ,0,Inverse Area ratio: ,0.953563, Inv Area Ratio Contribution: ,0,Inverse Perim ratio: ,1.04417, Inv Perim Contribution: ,0, Final Score: ,-112.073
Point: ,297,226,Repeat score:,1, Repeat contribution: ,-1,Dist:,23.0729, Dist contribution: ,-115.365, New scanned ratio: ,0.00397627, New Scanned Cells Contribution: ,0,Area ratio: ,0.948311, Area ratio Contribution: ,0,Perim diff: ,1.03892, Perim diff Contribution: ,0,Frontier diff: ,0, Frontier diff Contribution ,0,Inverse Area ratio: ,0.95345, Inv Area Ratio Contribution: ,0,Inverse Perim ratio: ,1.04379, Inv Perim Contribution: ,0, Final Score: ,-116.365
Point: ,292,231,Repeat score:,1, Repeat contribution: ,-1,Dist:,25.1478, Dist contribution: ,-125.739, New scanned ratio: ,0.00696617, New Scanned Cells Contribution: ,0,Area ratio: ,0.939756, Area ratio Contribution: ,0,Perim diff: ,1.04312, Perim diff Contribution: ,0,Frontier diff: ,0, Frontier diff Contribution ,0,Inverse Area ratio: ,0.948774, Inv Area Ratio Contribution: ,0,Inverse Perim ratio: ,1.04788, Inv Perim Contribution: ,0, Final Score: ,-126.739
Point: ,286,234,Repeat score:,1, Repeat contribution: ,-1,Dist:,26.6833, Dist contribution: ,-133.417, New scanned ratio: ,0.0100794, New Scanned Cells Contribution: ,0,Area ratio: ,0.935149, Area ratio Contribution: ,0,Perim diff: ,1.04865, Perim diff Contribution: ,0,Frontier diff: ,0, Frontier diff Contribution ,0,Inverse Area ratio: ,0.94078, Inv Area Ratio Contribution: ,0,Inverse Perim ratio: ,1.05742, Inv Perim Contribution: ,0, Final Score: ,-134.417
Point: ,281,234,Repeat score:,1, Repeat contribution: ,-1,Dist:,26.0192, Dist contribution: ,-130.096, New scanned ratio: ,0.0115127, New Scanned Cells Contribution: ,0,Area ratio: ,0.935566, Area ratio Contribution: ,0,Perim diff: ,1.05377, Perim diff Contribution: ,0,Frontier diff: ,-1, Frontier diff Contribution ,-0,Inverse Area ratio: ,0.93186, Inv Area Ratio Contribution: ,0,Inverse Perim ratio: ,1.07413, Inv Perim Contribution: ,0, Final Score: ,-131.096
Point: ,280,235,Repeat score:,1, Repeat contribution: ,-1,Dist:,27.3, Dist contribution: ,-136.5, New scanned ratio: ,0.0122679, New Scanned Cells Contribution: ,0,Area ratio: ,0.934088, Area ratio Contribution: ,0,Perim diff: ,1.05584, Perim diff Contribution: ,0,Frontier diff: ,-1, Frontier diff Contribution ,-0,Inverse Area ratio: ,0.929021, Inv Area Ratio Contribution: ,0,Inverse Perim ratio: ,1.07814, Inv Perim Contribution: ,0, Final Score: ,-137.5
Point: ,279,234,Repeat score:,1, Repeat contribution: ,-1,Dist:,26.0192, Dist contribution: ,-130.096, New scanned ratio: ,0.0117593, New Scanned Cells Contribution: ,0,Area ratio: ,0.935643, Area ratio Contribution: ,0,Perim diff: ,1.05683, Perim diff Contribution: ,0,Frontier diff: ,-1, Frontier diff Contribution ,-0,Inverse Area ratio: ,0.924622, Inv Area Ratio Contribution: ,0,Inverse Perim ratio: ,1.08995, Inv Perim Contribution: ,0, Final Score: ,-131.096
Point: ,274,234,Repeat score:,1, Repeat contribution: ,-1,Dist:,26.6833, Dist contribution: ,-133.417, New scanned ratio: ,0.012237, New Scanned Cells Contribution: ,0,Area ratio: ,0.936167, Area ratio Contribution: ,0,Perim diff: ,1.06412, Perim diff Contribution: ,0,Frontier diff: ,0, Frontier diff Contribution ,0,Inverse Area ratio: ,0.916389, Inv Area Ratio Contribution: ,0,Inverse Perim ratio: ,1.11463, Inv Perim Contribution: ,0, Final Score: ,-134.417
Point: ,268,231,Repeat score:,1, Repeat contribution: ,-1,Dist:,25.1478, Dist contribution: ,-125.739, New scanned ratio: ,0.0122062, New Scanned Cells Contribution: ,0,Area ratio: ,0.942262, Area ratio Contribution: ,0,Perim diff: ,1.06454, Perim diff Contribution: ,0,Frontier diff: ,0, Frontier diff Contribution ,0,Inverse Area ratio: ,0.91658, Inv Area Ratio Contribution: ,0,Inverse Perim ratio: ,1.10669, Inv Perim Contribution: ,0, Final Score: ,-126.739
Point: ,263,226,Repeat score:,1, Repeat contribution: ,-1,Dist:,23.0729, Dist contribution: ,-115.365, New scanned ratio: ,0.0111736, New Scanned Cells Contribution: ,0,Area ratio: ,0.951369, Area ratio Contribution: ,0,Perim diff: ,1.05209, Perim diff Contribution: ,0,Frontier diff: ,0, Frontier diff Contribution ,0,Inverse Area ratio: ,0.929331, Inv Area Ratio Contribution: ,0,Inverse Perim ratio: ,1.08284, Inv Perim Contribution: ,0, Final Score: ,-116.365
Point: ,260,220,Repeat score:,1, Repeat contribution: ,-1,Dist:,21.4672, Dist contribution: ,-107.336, New scanned ratio: ,0.0088156, New Scanned Cells Contribution: ,0,Area ratio: ,0.960897, Area ratio Contribution: ,0,Perim diff: ,1.04286, Perim diff Contribution: ,0,Frontier diff: ,0, Frontier diff Contribution ,0,Inverse Area ratio: ,0.936203, Inv Area Ratio Contribution: ,0,Inverse Perim ratio: ,1.06592, Inv Perim Contribution: ,0, Final Score: ,-108.336
Point: ,260,215,Repeat score:,1, Repeat contribution: ,-1,Dist:,20.0422, Dist contribution: ,-100.211, New scanned ratio: ,0.00630346, New Scanned Cells Contribution: ,0,Area ratio: ,0.968379, Area ratio Contribution: ,0,Perim diff: ,1.03767, Perim diff Contribution: ,0,Frontier diff: ,0, Frontier diff Contribution ,0,Inverse Area ratio: ,0.942699, Inv Area Ratio Contribution: ,0,Inverse Perim ratio: ,1.05656, Inv Perim Contribution: ,0, Final Score: ,-101.211
Point: ,257,215,Repeat score:,1, Repeat contribution: ,-1,Dist:,23.0367, Dist contribution: ,-115.184, New scanned ratio: ,0.00708947, New Scanned Cells Contribution: ,0,Area ratio: ,0.96862, Area ratio Contribution: ,0,Perim diff: ,1.03983, Perim diff Contribution: ,0,Frontier diff: ,0, Frontier diff Contribution ,0,Inverse Area ratio: ,0.940683, Inv Area Ratio Contribution: ,0,Inverse Perim ratio: ,1.05947, Inv Perim Contribution: ,0, Final Score: ,-116.184
Point: ,254,213,Repeat score:,1, Repeat contribution: ,-1,Dist:,26.0325, Dist contribution: ,-130.162, New scanned ratio: ,0.00685829, New Scanned Cells Contribution: ,0,Area ratio: ,0.971815, Area ratio Contribution: ,0,Perim diff: ,1.03771, Perim diff Contribution: ,0,Frontier diff: ,0, Frontier diff Contribution ,0,Inverse Area ratio: ,0.942235, Inv Area Ratio Contribution: ,0,Inverse Perim ratio: ,1.05643, Inv Perim Contribution: ,0, Final Score: ,-131.162
Point: ,250,215,Repeat score:,1, Repeat contribution: ,-1,Dist:,30.0282, Dist contribution: ,-150.141, New scanned ratio: ,0.00875395, New Scanned Cells Contribution: ,0,Area ratio: ,0.96912, Area ratio Contribution: ,0,Perim diff: ,1.03823, Perim diff Contribution: ,0,Frontier diff: ,0, Frontier diff Contribution ,0,Inverse Area ratio: ,0.942191, Inv Area Ratio Contribution: ,0,Inverse Perim ratio: ,1.05767, Inv Perim Contribution: ,0, Final Score: ,-151.141
Point: ,245,215,Repeat score:,1, Repeat contribution: ,-1,Dist:,35.0241, Dist contribution: ,-175.121, New scanned ratio: ,0.00958619, New Scanned Cells Contribution: ,0,Area ratio: ,0.969087, Area ratio Contribution: ,0,Perim diff: ,1.04098, Perim diff Contribution: ,0,Frontier diff: ,0, Frontier diff Contribution ,0,Inverse Area ratio: ,0.940025, Inv Area Ratio Contribution: ,0,Inverse Perim ratio: ,1.06177, Inv Perim Contribution: ,0, Final Score: ,-176.121
Point: ,244,216,Repeat score:,1, Repeat contribution: ,-1,Dist:,36.0938, Dist contribution: ,-180.469, New scanned ratio: ,0.0102951, New Scanned Cells Contribution: ,0,Area ratio: ,0.967681, Area ratio Contribution: ,0,Perim diff: ,1.04267, Perim diff Contribution: ,0,Frontier diff: ,0, Frontier diff Contribution ,0,Inverse Area ratio: ,0.938211, Inv Area Ratio Contribution: ,0,Inverse Perim ratio: ,1.0643, Inv Perim Contribution: ,0, Final Score: ,-181.469
Point: ,243,215,Repeat score:,1, Repeat contribution: ,-1,Dist:,37.0228, Dist contribution: ,-185.114, New scanned ratio: ,0.00980196, New Scanned Cells Contribution: ,0,Area ratio: ,0.968963, Area ratio Contribution: ,0,Perim diff: ,1.04411, Perim diff Contribution: ,0,Frontier diff: ,0, Frontier diff Contribution ,0,Inverse Area ratio: ,0.939401, Inv Area Ratio Contribution: ,0,Inverse Perim ratio: ,1.06568, Inv Perim Contribution: ,0, Final Score: ,-186.114
BEST Point:,260,215, Score: ,-101.211
COUNT COMMAND: 1
Total frontiers: ,104, Prioritised frontiers: ,27
At: ,260,214,
Point: ,298,226,Repeat score:,1, Repeat contribution: ,-1,Dist:,41.0775, Dist contribution: ,-205.387, New scanned ratio: ,0.00376936, New Scanned Cells Contribution: ,0,Area ratio: ,0.953897, Area ratio Contribution: ,0,Perim diff: ,1.03871, Perim diff Contribution: ,0,Frontier diff: ,0, Frontier diff Contribution ,0,Inverse Area ratio: ,0.956599, Inv Area Ratio Contribution: ,0,Inverse Perim ratio: ,1.04873, Inv Perim Contribution: ,0, Final Score: ,-206.387
Point: ,297,225,Repeat score:,1, Repeat contribution: ,-1,Dist:,39.6672, Dist contribution: ,-198.336, New scanned ratio: ,0.00363146, New Scanned Cells Contribution: ,0,Area ratio: ,0.95559, Area ratio Contribution: ,0,Perim diff: ,1.03837, Perim diff Contribution: ,0,Frontier diff: ,0, Frontier diff Contribution ,0,Inverse Area ratio: ,0.956576, Inv Area Ratio Contribution: ,0,Inverse Perim ratio: ,1.04871, Inv Perim Contribution: ,0, Final Score: ,-199.336
Point: ,297,226,Repeat score:,1, Repeat contribution: ,-1,Dist:,40.1542, Dist contribution: ,-200.771, New scanned ratio: ,0.00395324, New Scanned Cells Contribution: ,0,Area ratio: ,0.953843, Area ratio Contribution: ,0,Perim diff: ,1.03871, Perim diff Contribution: ,0,Frontier diff: ,0, Frontier diff Contribution ,0,Inverse Area ratio: ,0.956691, Inv Area Ratio Contribution: ,0,Inverse Perim ratio: ,1.04854, Inv Perim Contribution: ,0, Final Score: ,-201.771
Point: ,292,231,Repeat score:,1, Repeat contribution: ,-1,Dist:,38.8897, Dist contribution: ,-194.449, New scanned ratio: ,0.00692582, New Scanned Cells Contribution: ,0,Area ratio: ,0.945244, Area ratio Contribution: ,0,Perim diff: ,1.04285, Perim diff Contribution: ,0,Frontier diff: ,0, Frontier diff Contribution ,0,Inverse Area ratio: ,0.952959, Inv Area Ratio Contribution: ,0,Inverse Perim ratio: ,1.05357, Inv Perim Contribution: ,0, Final Score: ,-195.449
Point: ,286,234,Repeat score:,1, Repeat contribution: ,-1,Dist:,36.7696, Dist contribution: ,-183.848, New scanned ratio: ,0.00992906, New Scanned Cells Contribution: ,0,Area ratio: ,0.94055, Area ratio Contribution: ,0,Perim diff: ,1.0427, Perim diff Contribution: ,0,Frontier diff: ,0, Frontier diff Contribution ,0,Inverse Area ratio: ,0.94667, Inv Area Ratio Contribution: ,0,Inverse Perim ratio: ,1.05503, Inv Perim Contribution: ,0, Final Score: ,-184.848
Point: ,281,234,Repeat score:,1, Repeat contribution: ,-1,Dist:,33.4215, Dist contribution: ,-167.108, New scanned ratio: ,0.0108637, New Scanned Cells Contribution: ,0,Area ratio: ,0.940559, Area ratio Contribution: ,0,Perim diff: ,1.04255, Perim diff Contribution: ,0,Frontier diff: ,-1, Frontier diff Contribution ,-0,Inverse Area ratio: ,0.936251, Inv Area Ratio Contribution: ,0,Inverse Perim ratio: ,1.06296, Inv Perim Contribution: ,0, Final Score: ,-168.108
Point: ,280,235,Repeat score:,1, Repeat contribution: ,-1,Dist:,33.8421, Dist contribution: ,-169.211, New scanned ratio: ,0.0115073, New Scanned Cells Contribution: ,0,Area ratio: ,0.938977, Area ratio Contribution: ,0,Perim diff: ,1.04389, Perim diff Contribution: ,0,Frontier diff: ,-1, Frontier diff Contribution ,-0,Inverse Area ratio: ,0.933282, Inv Area Ratio Contribution: ,0,Inverse Perim ratio: ,1.06584, Inv Perim Contribution: ,0, Final Score: ,-170.211
Point: ,279,234,Repeat score:,1, Repeat contribution: ,-1,Dist:,32.2025, Dist contribution: ,-161.012, New scanned ratio: ,0.0108024, New Scanned Cells Contribution: ,0,Area ratio: ,0.940362, Area ratio Contribution: ,0,Perim diff: ,1.04391, Perim diff Contribution: ,0,Frontier diff: ,-1, Frontier diff Contribution ,-0,Inverse Area ratio: ,0.926737, Inv Area Ratio Contribution: ,0,Inverse Perim ratio: ,1.07517, Inv Perim Contribution: ,0, Final Score: ,-162.012
Point: ,274,234,Repeat score:,1, Repeat contribution: ,-1,Dist:,29.5296, Dist contribution: ,-147.648, New scanned ratio: ,0.0103121, New Scanned Cells Contribution: ,0,Area ratio: ,0.939982, Area ratio Contribution: ,0,Perim diff: ,1.04629, Perim diff Contribution: ,0,Frontier diff: ,0, Frontier diff Contribution ,0,Inverse Area ratio: ,0.917258, Inv Area Ratio Contribution: ,0,Inverse Perim ratio: ,1.09154, Inv Perim Contribution: ,0, Final Score: ,-148.648
Point: ,271,232,Repeat score:,1, Repeat contribution: ,-1,Dist:,25.8565, Dist contribution: ,-129.283, New scanned ratio: ,0.00899438, New Scanned Cells Contribution: ,0,Area ratio: ,0.942888, Area ratio Contribution: ,0,Perim diff: ,1.04598, Perim diff Contribution: ,0,Frontier diff: ,0, Frontier diff Contribution ,0,Inverse Area ratio: ,0.920729, Inv Area Ratio Contribution: ,0,Inverse Perim ratio: ,1.086, Inv Perim Contribution: ,0, Final Score: ,-130.283
Point: ,269,232,Repeat score:,1, Repeat contribution: ,-1,Dist:,25.0711, Dist contribution: ,-125.355, New scanned ratio: ,0.00899438, New Scanned Cells Contribution: ,0,Area ratio: ,0.942827, Area ratio Contribution: ,0,Perim diff: ,1.04713, Perim diff Contribution: ,0,Frontier diff: ,0, Frontier diff Contribution ,0,Inverse Area ratio: ,0.920729, Inv Area Ratio Contribution: ,0,Inverse Perim ratio: ,1.086, Inv Perim Contribution: ,0, Final Score: ,-126.355
Point: ,266,234,Repeat score:,1, Repeat contribution: ,-1,Dist:,26.6833, Dist contribution: ,-133.417, New scanned ratio: ,0.0103121, New Scanned Cells Contribution: ,0,Area ratio: ,0.939774, Area ratio Contribution: ,0,Perim diff: ,1.05024, Perim diff Contribution: ,0,Frontier diff: ,0, Frontier diff Contribution ,0,Inverse Area ratio: ,0.917258, Inv Area Ratio Contribution: ,0,Inverse Perim ratio: ,1.09154, Inv Perim Contribution: ,0, Final Score: ,-134.417
Point: ,261,234,Repeat score:,1, Repeat contribution: ,-1,Dist:,26.0192, Dist contribution: ,-130.096, New scanned ratio: ,0.0108024, New Scanned Cells Contribution: ,0,Area ratio: ,0.939954, Area ratio Contribution: ,0,Perim diff: ,1.05577, Perim diff Contribution: ,0,Frontier diff: ,0, Frontier diff Contribution ,0,Inverse Area ratio: ,0.91592, Inv Area Ratio Contribution: ,0,Inverse Perim ratio: ,1.09676, Inv Perim Contribution: ,0, Final Score: ,-131.096
Point: ,260,235,Repeat score:,1, Repeat contribution: ,-1,Dist:,27.3, Dist contribution: ,-136.5, New scanned ratio: ,0.0115226, New Scanned Cells Contribution: ,0,Area ratio: ,0.938431, Area ratio Contribution: ,0,Perim diff: ,1.05761, Perim diff Contribution: ,0,Frontier diff: ,0, Frontier diff Contribution ,0,Inverse Area ratio: ,0.914059, Inv Area Ratio Contribution: ,0,Inverse Perim ratio: ,1.10015, Inv Perim Contribution: ,0, Final Score: ,-137.5
Point: ,259,234,Repeat score:,1, Repeat contribution: ,-1,Dist:,26.0192, Dist contribution: ,-130.096, New scanned ratio: ,0.0111089, New Scanned Cells Contribution: ,0,Area ratio: ,0.940065, Area ratio Contribution: ,0,Perim diff: ,1.05801, Perim diff Contribution: ,0,Frontier diff: ,0, Frontier diff Contribution ,0,Inverse Area ratio: ,0.915125, Inv Area Ratio Contribution: ,0,Inverse Perim ratio: ,1.09914, Inv Perim Contribution: ,0, Final Score: ,-131.096
Point: ,254,234,Repeat score:,1, Repeat contribution: ,-1,Dist:,26.6833, Dist contribution: ,-133.417, New scanned ratio: ,0.0120742, New Scanned Cells Contribution: ,0,Area ratio: ,0.940483, Area ratio Contribution: ,0,Perim diff: ,1.06543, Perim diff Contribution: ,0,Frontier diff: ,0, Frontier diff Contribution ,0,Inverse Area ratio: ,0.912507, Inv Area Ratio Contribution: ,0,Inverse Perim ratio: ,1.10768, Inv Perim Contribution: ,0, Final Score: ,-134.417
Point: ,248,231,Repeat score:,1, Repeat contribution: ,-1,Dist:,25.1478, Dist contribution: ,-125.739, New scanned ratio: ,0.0121355, New Scanned Cells Contribution: ,0,Area ratio: ,0.94606, Area ratio Contribution: ,0,Perim diff: ,1.0706, Perim diff Contribution: ,0,Frontier diff: ,0, Frontier diff Contribution ,0,Inverse Area ratio: ,0.912333, Inv Area Ratio Contribution: ,0,Inverse Perim ratio: ,1.11032, Inv Perim Contribution: ,0, Final Score: ,-126.739
Point: ,243,226,Repeat score:,1, Repeat contribution: ,-1,Dist:,23.0729, Dist contribution: ,-115.365, New scanned ratio: ,0.010971, New Scanned Cells Contribution: ,0,Area ratio: ,0.954141, Area ratio Contribution: ,0,Perim diff: ,1.05067, Perim diff Contribution: ,0,Frontier diff: ,0, Frontier diff Contribution ,0,Inverse Area ratio: ,0.921393, Inv Area Ratio Contribution: ,0,Inverse Perim ratio: ,1.07893, Inv Perim Contribution: ,0, Final Score: ,-116.365
Point: ,240,220,Repeat score:,1, Repeat contribution: ,-1,Dist:,21.4672, Dist contribution: ,-107.336, New scanned ratio: ,0.0085347, New Scanned Cells Contribution: ,0,Area ratio: ,0.963225, Area ratio Contribution: ,0,Perim diff: ,1.04253, Perim diff Contribution: ,0,Frontier diff: ,0, Frontier diff Contribution ,0,Inverse Area ratio: ,0.927851, Inv Area Ratio Contribution: ,0,Inverse Perim ratio: ,1.06502, Inv Perim Contribution: ,0, Final Score: ,-108.336
Point: ,240,215,Repeat score:,1, Repeat contribution: ,-1,Dist:,20.0422, Dist contribution: ,-100.211, New scanned ratio: ,0.00602179, New Scanned Cells Contribution: ,0,Area ratio: ,0.970446, Area ratio Contribution: ,0,Perim diff: ,1.03742, Perim diff Contribution: ,0,Frontier diff: ,0, Frontier diff Contribution ,0,Inverse Area ratio: ,0.934406, Inv Area Ratio Contribution: ,0,Inverse Perim ratio: ,1.05671, Inv Perim Contribution: ,0, Final Score: ,-101.211
Point: ,238,215,Repeat score:,1, Repeat contribution: ,-1,Dist:,22.0384, Dist contribution: ,-110.192, New scanned ratio: ,0.00652744, New Scanned Cells Contribution: ,0,Area ratio: ,0.970605, Area ratio Contribution: ,0,Perim diff: ,1.03781, Perim diff Contribution: ,0,Frontier diff: ,0, Frontier diff Contribution ,0,Inverse Area ratio: ,0.93308, Inv Area Ratio Contribution: ,0,Inverse Perim ratio: ,1.05718, Inv Perim Contribution: ,0, Final Score: ,-111.192
Point: ,237,214,Repeat score:,1, Repeat contribution: ,-1,Dist:,23, Dist contribution: ,-115, New scanned ratio: ,0.00628227, New Scanned Cells Contribution: ,0,Area ratio: ,0.97217, Area ratio Contribution: ,0,Perim diff: ,1.03761, Perim diff Contribution: ,0,Frontier diff: ,0, Frontier diff Contribution ,0,Inverse Area ratio: ,0.933645, Inv Area Ratio Contribution: ,0,Inverse Perim ratio: ,1.05677, Inv Perim Contribution: ,0, Final Score: ,-116
Point: ,234,214,Repeat score:,1, Repeat contribution: ,-1,Dist:,26, Dist contribution: ,-130, New scanned ratio: ,0.00703308, New Scanned Cells Contribution: ,0,Area ratio: ,0.972371, Area ratio Contribution: ,0,Perim diff: ,1.03754, Perim diff Contribution: ,0,Frontier diff: ,0, Frontier diff Contribution ,0,Inverse Area ratio: ,0.935682, Inv Area Ratio Contribution: ,0,Inverse Perim ratio: ,1.05683, Inv Perim Contribution: ,0, Final Score: ,-131
Point: ,231,216,Repeat score:,1, Repeat contribution: ,-1,Dist:,29.1163, Dist contribution: ,-145.582, New scanned ratio: ,0.00874921, New Scanned Cells Contribution: ,0,Area ratio: ,0.969697, Area ratio Contribution: ,0,Perim diff: ,1.03818, Perim diff Contribution: ,0,Frontier diff: ,0, Frontier diff Contribution ,0,Inverse Area ratio: ,0.934839, Inv Area Ratio Contribution: ,0,Inverse Perim ratio: ,1.05817, Inv Perim Contribution: ,0, Final Score: ,-146.582
Point: ,226,216,Repeat score:,1, Repeat contribution: ,-1,Dist:,34.0993, Dist contribution: ,-170.496, New scanned ratio: ,0.00965325, New Scanned Cells Contribution: ,0,Area ratio: ,0.969738, Area ratio Contribution: ,0,Perim diff: ,1.04032, Perim diff Contribution: ,0,Frontier diff: ,0, Frontier diff Contribution ,0,Inverse Area ratio: ,0.932701, Inv Area Ratio Contribution: ,0,Inverse Perim ratio: ,1.06134, Inv Perim Contribution: ,0, Final Score: ,-171.496
Point: ,225,217,Repeat score:,1, Repeat contribution: ,-1,Dist:,35.2166, Dist contribution: ,-176.083, New scanned ratio: ,0.0103734, New Scanned Cells Contribution: ,0,Area ratio: ,0.968323, Area ratio Contribution: ,0,Perim diff: ,1.04408, Perim diff Contribution: ,0,Frontier diff: ,0, Frontier diff Contribution ,0,Inverse Area ratio: ,0.930793, Inv Area Ratio Contribution: ,0,Inverse Perim ratio: ,1.06657, Inv Perim Contribution: ,0, Final Score: ,-177.083
Point: ,224,216,Repeat score:,1, Repeat contribution: ,-1,Dist:,36.0938, Dist contribution: ,-180.469, New scanned ratio: ,0.00992906, New Scanned Cells Contribution: ,0,Area ratio: ,0.969674, Area ratio Contribution: ,0,Perim diff: ,1.0427, Perim diff Contribution: ,0,Frontier diff: ,0, Frontier diff Contribution ,0,Inverse Area ratio: ,0.931954, Inv Area Ratio Contribution: ,0,Inverse Perim ratio: ,1.06472, Inv Perim Contribution: ,0, Final Score: ,-181.469
BEST Point:,240,215, Score: ,-101.211
COUNT COMMAND: 1
Total frontiers: ,103, Prioritised frontiers: ,24
At: ,240,214,
Point: ,274,234,Repeat score:,1, Repeat contribution: ,-1,Dist:,42.8019, Dist contribution: ,-214.009, New scanned ratio: ,0.0102551, New Scanned Cells Contribution: ,0,Area ratio: ,0.94522, Area ratio Contribution: ,0,Perim diff: ,1.04557, Perim diff Contribution: ,0,Frontier diff: ,0, Frontier diff Contribution ,0,Inverse Area ratio: ,0.908711, Inv Area Ratio Contribution: ,0,Inverse Perim ratio: ,1.09043, Inv Perim Contribution: ,0, Final Score: ,-215.009
Point: ,271,232,Repeat score:,1, Repeat contribution: ,-1,Dist:,38.8402, Dist contribution: ,-194.201, New scanned ratio: ,0.00894463, New Scanned Cells Contribution: ,0,Area ratio: ,0.948177, Area ratio Contribution: ,0,Perim diff: ,1.0452, Perim diff Contribution: ,0,Frontier diff: ,0, Frontier diff Contribution ,0,Inverse Area ratio: ,0.912126, Inv Area Ratio Contribution: ,0,Inverse Perim ratio: ,1.08487, Inv Perim Contribution: ,0, Final Score: ,-195.201
Point: ,269,232,Repeat score:,1, Repeat contribution: ,-1,Dist:,37.2634, Dist contribution: ,-186.317, New scanned ratio: ,0.00894463, New Scanned Cells Contribution: ,0,Area ratio: ,0.948101, Area ratio Contribution: ,0,Perim diff: ,1.04389, Perim diff Contribution: ,0,Frontier diff: ,0, Frontier diff Contribution ,0,Inverse Area ratio: ,0.912262, Inv Area Ratio Contribution: ,0,Inverse Perim ratio: ,1.08128, Inv Perim Contribution: ,0, Final Score: ,-187.317
Point: ,266,234,Repeat score:,1, Repeat contribution: ,-1,Dist:,36.7696, Dist contribution: ,-183.848, New scanned ratio: ,0.0101637, New Scanned Cells Contribution: ,0,Area ratio: ,0.944974, Area ratio Contribution: ,0,Perim diff: ,1.04381, Perim diff Contribution: ,0,Frontier diff: ,0, Frontier diff Contribution ,0,Inverse Area ratio: ,0.909082, Inv Area Ratio Contribution: ,0,Inverse Perim ratio: ,1.08267, Inv Perim Contribution: ,0, Final Score: ,-184.848
Point: ,261,234,Repeat score:,1, Repeat contribution: ,-1,Dist:,33.4215, Dist contribution: ,-167.108, New scanned ratio: ,0.0101637, New Scanned Cells Contribution: ,0,Area ratio: ,0.944751, Area ratio Contribution: ,0,Perim diff: ,1.04404, Perim diff Contribution: ,0,Frontier diff: ,0, Frontier diff Contribution ,0,Inverse Area ratio: ,0.909043, Inv Area Ratio Contribution: ,0,Inverse Perim ratio: ,1.0807, Inv Perim Contribution: ,0, Final Score: ,-168.108
Point: ,260,235,Repeat score:,1, Repeat contribution: ,-1,Dist:,33.8421, Dist contribution: ,-169.211, New scanned ratio: ,0.0107732, New Scanned Cells Contribution: ,0,Area ratio: ,0.943124, Area ratio Contribution: ,0,Perim diff: ,1.04514, Perim diff Contribution: ,0,Frontier diff: ,0, Frontier diff Contribution ,0,Inverse Area ratio: ,0.907463, Inv Area Ratio Contribution: ,0,Inverse Perim ratio: ,1.08308, Inv Perim Contribution: ,0, Final Score: ,-170.211
Point: ,259,234,Repeat score:,1, Repeat contribution: ,-1,Dist:,32.2025, Dist contribution: ,-161.012, New scanned ratio: ,0.0101637, New Scanned Cells Contribution: ,0,Area ratio: ,0.944588, Area ratio Contribution: ,0,Perim diff: ,1.04457, Perim diff Contribution: ,0,Frontier diff: ,0, Frontier diff Contribution ,0,Inverse Area ratio: ,0.909043, Inv Area Ratio Contribution: ,0,Inverse Perim ratio: ,1.0807, Inv Perim Contribution: ,0, Final Score: ,-162.012
Point: ,254,234,Repeat score:,1, Repeat contribution: ,-1,Dist:,29.5296, Dist contribution: ,-147.648, New scanned ratio: ,0.0101637, New Scanned Cells Contribution: ,0,Area ratio: ,0.9441, Area ratio Contribution: ,0,Perim diff: ,1.04707, Perim diff Contribution: ,0,Frontier diff: ,0, Frontier diff Contribution ,0,Inverse Area ratio: ,0.909082, Inv Area Ratio Contribution: ,0,Inverse Perim ratio: ,1.08267, Inv Perim Contribution: ,0, Final Score: ,-148.648
Point: ,251,232,Repeat score:,1, Repeat contribution: ,-1,Dist:,25.8565, Dist contribution: ,-129.283, New scanned ratio: ,0.00894463, New Scanned Cells Contribution: ,0,Area ratio: ,0.946735, Area ratio Contribution: ,0,Perim diff: ,1.04812, Perim diff Contribution: ,0,Frontier diff: ,0, Frontier diff Contribution ,0,Inverse Area ratio: ,0.912262, Inv Area Ratio Contribution: ,0,Inverse Perim ratio: ,1.08128, Inv Perim Contribution: ,0, Final Score: ,-130.283
Point: ,249,232,Repeat score:,1, Repeat contribution: ,-1,Dist:,25.0711, Dist contribution: ,-125.355, New scanned ratio: ,0.00894463, New Scanned Cells Contribution: ,0,Area ratio: ,0.946517, Area ratio Contribution: ,0,Perim diff: ,1.05084, Perim diff Contribution: ,0,Frontier diff: ,0, Frontier diff Contribution ,0,Inverse Area ratio: ,0.912126, Inv Area Ratio Contribution: ,0,Inverse Perim ratio: ,1.08487, Inv Perim Contribution: ,0, Final Score: ,-126.355
Point: ,246,234,Repeat score:,1, Repeat contribution: ,-1,Dist:,26.6833, Dist contribution: ,-133.417, New scanned ratio: ,0.0102551, New Scanned Cells Contribution: ,0,Area ratio: ,0.943215, Area ratio Contribution: ,0,Perim diff: ,1.05404, Perim diff Contribution: ,0,Frontier diff: ,0, Frontier diff Contribution ,0,Inverse Area ratio: ,0.908711, Inv Area Ratio Contribution: ,0,Inverse Perim ratio: ,1.09043, Inv Perim Contribution: ,0, Final Score: ,-134.417
Point: ,241,234,Repeat score:,1, Repeat contribution: ,-1,Dist:,26.0192, Dist contribution: ,-130.096, New scanned ratio: ,0.0107427, New Scanned Cells Contribution: ,0,Area ratio: ,0.943042, Area ratio Contribution: ,0,Perim diff: ,1.05861, Perim diff Contribution: ,0,Frontier diff: ,0, Frontier diff Contribution ,0,Inverse Area ratio: ,0.907443, Inv Area Ratio Contribution: ,0,Inverse Perim ratio: ,1.09586, Inv Perim Contribution: ,0, Final Score: ,-131.096
Point: ,240,235,Repeat score:,1, Repeat contribution: ,-1,Dist:,27.3, Dist contribution: ,-136.5, New scanned ratio: ,0.0114589, New Scanned Cells Contribution: ,0,Area ratio: ,0.941522, Area ratio Contribution: ,0,Perim diff: ,1.06049, Perim diff Contribution: ,0,Frontier diff: ,0, Frontier diff Contribution ,0,Inverse Area ratio: ,0.90557, Inv Area Ratio Contribution: ,0,Inverse Perim ratio: ,1.09926, Inv Perim Contribution: ,0, Final Score: ,-137.5
Point: ,239,234,Repeat score:,1, Repeat contribution: ,-1,Dist:,26.0192, Dist contribution: ,-130.096, New scanned ratio: ,0.0110475, New Scanned Cells Contribution: ,0,Area ratio: ,0.943044, Area ratio Contribution: ,0,Perim diff: ,1.06049, Perim diff Contribution: ,0,Frontier diff: ,0, Frontier diff Contribution ,0,Inverse Area ratio: ,0.906643, Inv Area Ratio Contribution: ,0,Inverse Perim ratio: ,1.09825, Inv Perim Contribution: ,0, Final Score: ,-131.096
Point: ,234,234,Repeat score:,1, Repeat contribution: ,-1,Dist:,26.6833, Dist contribution: ,-133.417, New scanned ratio: ,0.0120074, New Scanned Cells Contribution: ,0,Area ratio: ,0.943155, Area ratio Contribution: ,0,Perim diff: ,1.06717, Perim diff Contribution: ,0,Frontier diff: ,0, Frontier diff Contribution ,0,Inverse Area ratio: ,0.904009, Inv Area Ratio Contribution: ,0,Inverse Perim ratio: ,1.10678, Inv Perim Contribution: ,0, Final Score: ,-134.417
Point: ,228,231,Repeat score:,1, Repeat contribution: ,-1,Dist:,25.1478, Dist contribution: ,-125.739, New scanned ratio: ,0.0120379, New Scanned Cells Contribution: ,0,Area ratio: ,0.948212, Area ratio Contribution: ,0,Perim diff: ,1.07011, Perim diff Contribution: ,0,Frontier diff: ,0, Frontier diff Contribution ,0,Inverse Area ratio: ,0.903892, Inv Area Ratio Contribution: ,0,Inverse Perim ratio: ,1.10804, Inv Perim Contribution: ,0, Final Score: ,-126.739
Point: ,223,226,Repeat score:,1, Repeat contribution: ,-1,Dist:,23.0729, Dist contribution: ,-115.365, New scanned ratio: ,0.0108189, New Scanned Cells Contribution: ,0,Area ratio: ,0.956402, Area ratio Contribution: ,0,Perim diff: ,1.0516, Perim diff Contribution: ,0,Frontier diff: ,0, Frontier diff Contribution ,0,Inverse Area ratio: ,0.914976, Inv Area Ratio Contribution: ,0,Inverse Perim ratio: ,1.07994, Inv Perim Contribution: ,0, Final Score: ,-116.365
Point: ,220,220,Repeat score:,1, Repeat contribution: ,-1,Dist:,21.4672, Dist contribution: ,-107.336, New scanned ratio: ,0.0084113, New Scanned Cells Contribution: ,0,Area ratio: ,0.965216, Area ratio Contribution: ,0,Perim diff: ,1.04282, Perim diff Contribution: ,0,Frontier diff: ,0, Frontier diff Contribution ,0,Inverse Area ratio: ,0.921468, Inv Area Ratio Contribution: ,0,Inverse Perim ratio: ,1.06561, Inv Perim Contribution: ,0, Final Score: ,-108.336
Point: ,220,216,Repeat score:,1, Repeat contribution: ,-1,Dist:,20.1683, Dist contribution: ,-100.841, New scanned ratio: ,0.0063999, New Scanned Cells Contribution: ,0,Area ratio: ,0.970961, Area ratio Contribution: ,0,Perim diff: ,1.03804, Perim diff Contribution: ,0,Frontier diff: ,0, Frontier diff Contribution ,0,Inverse Area ratio: ,0.926819, Inv Area Ratio Contribution: ,0,Inverse Perim ratio: ,1.05813, Inv Perim Contribution: ,0, Final Score: ,-101.841
Point: ,216,214,Repeat score:,1, Repeat contribution: ,-1,Dist:,24, Dist contribution: ,-120, New scanned ratio: ,0.00643038, New Scanned Cells Contribution: ,0,Area ratio: ,0.974217, Area ratio Contribution: ,0,Perim diff: ,1.03753, Perim diff Contribution: ,0,Frontier diff: ,0, Frontier diff Contribution ,0,Inverse Area ratio: ,0.927507, Inv Area Ratio Contribution: ,0,Inverse Perim ratio: ,1.05707, Inv Perim Contribution: ,0, Final Score: ,-121
Point: ,212,216,Repeat score:,1, Repeat contribution: ,-1,Dist:,28.1205, Dist contribution: ,-140.602, New scanned ratio: ,0.00831987, New Scanned Cells Contribution: ,0,Area ratio: ,0.971534, Area ratio Contribution: ,0,Perim diff: ,1.03796, Perim diff Contribution: ,0,Frontier diff: ,0, Frontier diff Contribution ,0,Inverse Area ratio: ,0.928598, Inv Area Ratio Contribution: ,0,Inverse Perim ratio: ,1.05812, Inv Perim Contribution: ,0, Final Score: ,-141.602
Point: ,207,216,Repeat score:,1, Repeat contribution: ,-1,Dist:,33.1023, Dist contribution: ,-165.511, New scanned ratio: ,0.00920367, New Scanned Cells Contribution: ,0,Area ratio: ,0.971595, Area ratio Contribution: ,0,Perim diff: ,1.03941, Perim diff Contribution: ,0,Frontier diff: ,0, Frontier diff Contribution ,0,Inverse Area ratio: ,0.92624, Inv Area Ratio Contribution: ,0,Inverse Perim ratio: ,1.06036, Inv Perim Contribution: ,0, Final Score: ,-166.511
Point: ,206,217,Repeat score:,1, Repeat contribution: ,-1,Dist:,34.2229, Dist contribution: ,-171.115, New scanned ratio: ,0.00991985, New Scanned Cells Contribution: ,0,Area ratio: ,0.970166, Area ratio Contribution: ,0,Perim diff: ,1.04052, Perim diff Contribution: ,0,Frontier diff: ,0, Frontier diff Contribution ,0,Inverse Area ratio: ,0.924338, Inv Area Ratio Contribution: ,0,Inverse Perim ratio: ,1.06198, Inv Perim Contribution: ,0, Final Score: ,-172.115
Point: ,205,216,Repeat score:,1, Repeat contribution: ,-1,Dist:,35.0964, Dist contribution: ,-175.482, New scanned ratio: ,0.00946271, New Scanned Cells Contribution: ,0,Area ratio: ,0.971508, Area ratio Contribution: ,0,Perim diff: ,1.04235, Perim diff Contribution: ,0,Frontier diff: ,0, Frontier diff Contribution ,0,Inverse Area ratio: ,0.925507, Inv Area Ratio Contribution: ,0,Inverse Perim ratio: ,1.06451, Inv Perim Contribution: ,0, Final Score: ,-176.482
BEST Point:,220,216, Score: ,-101.841
COUNT COMMAND: 1
Total frontiers: ,103, Prioritised frontiers: ,25
At: ,220,215,
Point: ,254,234,Repeat score:,1, Repeat contribution: ,-1,Dist:,42.0249, Dist contribution: ,-210.124, New scanned ratio: ,0.0101039, New Scanned Cells Contribution: ,0,Area ratio: ,0.949647, Area ratio Contribution: ,0,Perim diff: ,1.04856, Perim diff Contribution: ,0,Frontier diff: ,0, Frontier diff Contribution ,0,Inverse Area ratio: ,0.901304, Inv Area Ratio Contribution: ,0,Inverse Perim ratio: ,1.08481, Inv Perim Contribution: ,0, Final Score: ,-211.124
Point: ,251,232,Repeat score:,1, Repeat contribution: ,-1,Dist:,38.0711, Dist contribution: ,-190.356, New scanned ratio: ,0.00889205, New Scanned Cells Contribution: ,0,Area ratio: ,0.952333, Area ratio Contribution: ,0,Perim diff: ,1.04895, Perim diff Contribution: ,0,Frontier diff: ,0, Frontier diff Contribution ,0,Inverse Area ratio: ,0.904432, Inv Area Ratio Contribution: ,0,Inverse Perim ratio: ,1.08259, Inv Perim Contribution: ,0, Final Score: ,-191.356
Point: ,249,232,Repeat score:,1, Repeat contribution: ,-1,Dist:,36.4611, Dist contribution: ,-182.305, New scanned ratio: ,0.00886176, New Scanned Cells Contribution: ,0,Area ratio: ,0.952085, Area ratio Contribution: ,0,Perim diff: ,1.04966, Perim diff Contribution: ,0,Frontier diff: ,0, Frontier diff Contribution ,0,Inverse Area ratio: ,0.904472, Inv Area Ratio Contribution: ,0,Inverse Perim ratio: ,1.08321, Inv Perim Contribution: ,0, Final Score: ,-183.305
Point: ,246,234,Repeat score:,1, Repeat contribution: ,-1,Dist:,35.8621, Dist contribution: ,-179.31, New scanned ratio: ,0.0100282, New Scanned Cells Contribution: ,0,Area ratio: ,0.948663, Area ratio Contribution: ,0,Perim diff: ,1.04907, Perim diff Contribution: ,0,Frontier diff: ,0, Frontier diff Contribution ,0,Inverse Area ratio: ,0.901462, Inv Area Ratio Contribution: ,0,Inverse Perim ratio: ,1.08383, Inv Perim Contribution: ,0, Final Score: ,-180.31
Point: ,241,234,Repeat score:,1, Repeat contribution: ,-1,Dist:,32.4205, Dist contribution: ,-162.103, New scanned ratio: ,0.00995243, New Scanned Cells Contribution: ,0,Area ratio: ,0.948014, Area ratio Contribution: ,0,Perim diff: ,1.04933, Perim diff Contribution: ,0,Frontier diff: ,0, Frontier diff Contribution ,0,Inverse Area ratio: ,0.901678, Inv Area Ratio Contribution: ,0,Inverse Perim ratio: ,1.08338, Inv Perim Contribution: ,0, Final Score: ,-163.103
Point: ,240,235,Repeat score:,1, Repeat contribution: ,-1,Dist:,32.8024, Dist contribution: ,-164.012, New scanned ratio: ,0.0105432, New Scanned Cells Contribution: ,0,Area ratio: ,0.946382, Area ratio Contribution: ,0,Perim diff: ,1.04912, Perim diff Contribution: ,0,Frontier diff: ,0, Frontier diff Contribution ,0,Inverse Area ratio: ,0.900144, Inv Area Ratio Contribution: ,0,Inverse Perim ratio: ,1.08392, Inv Perim Contribution: ,0, Final Score: ,-165.012
Point: ,239,234,Repeat score:,1, Repeat contribution: ,-1,Dist:,31.1623, Dist contribution: ,-155.812, New scanned ratio: ,0.00992214, New Scanned Cells Contribution: ,0,Area ratio: ,0.947714, Area ratio Contribution: ,0,Perim diff: ,1.04849, Perim diff Contribution: ,0,Frontier diff: ,0, Frontier diff Contribution ,0,Inverse Area ratio: ,0.901776, Inv Area Ratio Contribution: ,0,Inverse Perim ratio: ,1.08206, Inv Perim Contribution: ,0, Final Score: ,-156.812
Point: ,234,234,Repeat score:,1, Repeat contribution: ,-1,Dist:,28.3917, Dist contribution: ,-141.959, New scanned ratio: ,0.0098464, New Scanned Cells Contribution: ,0,Area ratio: ,0.946841, Area ratio Contribution: ,0,Perim diff: ,1.04996, Perim diff Contribution: ,0,Frontier diff: ,0, Frontier diff Contribution ,0,Inverse Area ratio: ,0.901953, Inv Area Ratio Contribution: ,0,Inverse Perim ratio: ,1.08338, Inv Perim Contribution: ,0, Final Score: ,-142.959
Point: ,231,232,Repeat score:,1, Repeat contribution: ,-1,Dist:,24.6862, Dist contribution: ,-123.431, New scanned ratio: ,0.00858909, New Scanned Cells Contribution: ,0,Area ratio: ,0.949179, Area ratio Contribution: ,0,Perim diff: ,1.05054, Perim diff Contribution: ,0,Frontier diff: ,0, Frontier diff Contribution ,0,Inverse Area ratio: ,0.905278, Inv Area Ratio Contribution: ,0,Inverse Perim ratio: ,1.08267, Inv Perim Contribution: ,0, Final Score: ,-124.431
Point: ,226,235,Repeat score:,1, Repeat contribution: ,-1,Dist:,26.6833, Dist contribution: ,-133.417, New scanned ratio: ,0.010422, New Scanned Cells Contribution: ,0,Area ratio: ,0.944112, Area ratio Contribution: ,0,Perim diff: ,1.05829, Perim diff Contribution: ,0,Frontier diff: ,0, Frontier diff Contribution ,0,Inverse Area ratio: ,0.90036, Inv Area Ratio Contribution: ,0,Inverse Perim ratio: ,1.09506, Inv Perim Contribution: ,0, Final Score: ,-134.417
Point: ,221,235,Repeat score:,1, Repeat contribution: ,-1,Dist:,26.0192, Dist contribution: ,-130.096, New scanned ratio: ,0.010831, New Scanned Cells Contribution: ,0,Area ratio: ,0.943659, Area ratio Contribution: ,0,Perim diff: ,1.06283, Perim diff Contribution: ,0,Frontier diff: ,0, Frontier diff Contribution ,0,Inverse Area ratio: ,0.899258, Inv Area Ratio Contribution: ,0,Inverse Perim ratio: ,1.10093, Inv Perim Contribution: ,0, Final Score: ,-131.096
Point: ,220,236,Repeat score:,1, Repeat contribution: ,-1,Dist:,27.3, Dist contribution: ,-136.5, New scanned ratio: ,0.0115279, New Scanned Cells Contribution: ,0,Area ratio: ,0.942178, Area ratio Contribution: ,0,Perim diff: ,1.06441, Perim diff Contribution: ,0,Frontier diff: ,0, Frontier diff Contribution ,0,Inverse Area ratio: ,0.897409, Inv Area Ratio Contribution: ,0,Inverse Perim ratio: ,1.1038, Inv Perim Contribution: ,0, Final Score: ,-137.5
Point: ,219,235,Repeat score:,1, Repeat contribution: ,-1,Dist:,26.0192, Dist contribution: ,-130.096, New scanned ratio: ,0.0111037, New Scanned Cells Contribution: ,0,Area ratio: ,0.94362, Area ratio Contribution: ,0,Perim diff: ,1.0629, Perim diff Contribution: ,0,Frontier diff: ,0, Frontier diff Contribution ,0,Inverse Area ratio: ,0.898511, Inv Area Ratio Contribution: ,0,Inverse Perim ratio: ,1.10464, Inv Perim Contribution: ,0, Final Score: ,-131.096
Point: ,214,235,Repeat score:,1, Repeat contribution: ,-1,Dist:,26.6833, Dist contribution: ,-133.417, New scanned ratio: ,0.0119823, New Scanned Cells Contribution: ,0,Area ratio: ,0.943631, Area ratio Contribution: ,0,Perim diff: ,1.07106, Perim diff Contribution: ,0,Frontier diff: ,0, Frontier diff Contribution ,0,Inverse Area ratio: ,0.896071, Inv Area Ratio Contribution: ,0,Inverse Perim ratio: ,1.11186, Inv Perim Contribution: ,0, Final Score: ,-134.417
Point: ,208,232,Repeat score:,1, Repeat contribution: ,-1,Dist:,25.1478, Dist contribution: ,-125.739, New scanned ratio: ,0.0120278, New Scanned Cells Contribution: ,0,Area ratio: ,0.948756, Area ratio Contribution: ,0,Perim diff: ,1.06783, Perim diff Contribution: ,0,Frontier diff: ,0, Frontier diff Contribution ,0,Inverse Area ratio: ,0.896428, Inv Area Ratio Contribution: ,0,Inverse Perim ratio: ,1.11143, Inv Perim Contribution: ,0, Final Score: ,-126.739
Point: ,203,227,Repeat score:,1, Repeat contribution: ,-1,Dist:,23.0729, Dist contribution: ,-115.365, New scanned ratio: ,0.0108007, New Scanned Cells Contribution: ,0,Area ratio: ,0.956884, Area ratio Contribution: ,0,Perim diff: ,1.05173, Perim diff Contribution: ,0,Frontier diff: ,0, Frontier diff Contribution ,0,Inverse Area ratio: ,0.906225, Inv Area Ratio Contribution: ,0,Inverse Perim ratio: ,1.08057, Inv Perim Contribution: ,0, Final Score: ,-116.365
Point: ,200,221,Repeat score:,1, Repeat contribution: ,-1,Dist:,21.4672, Dist contribution: ,-107.336, New scanned ratio: ,0.00840731, New Scanned Cells Contribution: ,0,Area ratio: ,0.965782, Area ratio Contribution: ,0,Perim diff: ,1.04341, Perim diff Contribution: ,0,Frontier diff: ,0, Frontier diff Contribution ,0,Inverse Area ratio: ,0.912744, Inv Area Ratio Contribution: ,0,Inverse Perim ratio: ,1.06701, Inv Perim Contribution: ,0, Final Score: ,-108.336
Point: ,200,216,Repeat score:,1, Repeat contribution: ,-1,Dist:,20.0422, Dist contribution: ,-100.211, New scanned ratio: ,0.00593813, New Scanned Cells Contribution: ,0,Area ratio: ,0.972987, Area ratio Contribution: ,0,Perim diff: ,1.03773, Perim diff Contribution: ,0,Frontier diff: ,0, Frontier diff Contribution ,0,Inverse Area ratio: ,0.919383, Inv Area Ratio Contribution: ,0,Inverse Perim ratio: ,1.05793, Inv Perim Contribution: ,0, Final Score: ,-101.211
Point: ,199,215,Repeat score:,1, Repeat contribution: ,-1,Dist:,21, Dist contribution: ,-105, New scanned ratio: ,0.00572606, New Scanned Cells Contribution: ,0,Area ratio: ,0.974399, Area ratio Contribution: ,0,Perim diff: ,1.03725, Perim diff Contribution: ,0,Frontier diff: ,0, Frontier diff Contribution ,0,Inverse Area ratio: ,0.919938, Inv Area Ratio Contribution: ,0,Inverse Perim ratio: ,1.05709, Inv Perim Contribution: ,0, Final Score: ,-106
Point: ,196,215,Repeat score:,1, Repeat contribution: ,-1,Dist:,24, Dist contribution: ,-120, New scanned ratio: ,0.00645318, New Scanned Cells Contribution: ,0,Area ratio: ,0.974605, Area ratio Contribution: ,0,Perim diff: ,1.03633, Perim diff Contribution: ,0,Frontier diff: ,0, Frontier diff Contribution ,0,Inverse Area ratio: ,0.918036, Inv Area Ratio Contribution: ,0,Inverse Perim ratio: ,1.05589, Inv Perim Contribution: ,0, Final Score: ,-121
Point: ,193,217,Repeat score:,1, Repeat contribution: ,-1,Dist:,27.1249, Dist contribution: ,-135.624, New scanned ratio: ,0.00810434, New Scanned Cells Contribution: ,0,Area ratio: ,0.972035, Area ratio Contribution: ,0,Perim diff: ,1.03741, Perim diff Contribution: ,0,Frontier diff: ,0, Frontier diff Contribution ,0,Inverse Area ratio: ,0.913584, Inv Area Ratio Contribution: ,0,Inverse Perim ratio: ,1.05781, Inv Perim Contribution: ,0, Final Score: ,-136.624
Point: ,188,217,Repeat score:,1, Repeat contribution: ,-1,Dist:,32.1055, Dist contribution: ,-160.527, New scanned ratio: ,0.00902839, New Scanned Cells Contribution: ,0,Area ratio: ,0.972139, Area ratio Contribution: ,0,Perim diff: ,1.03828, Perim diff Contribution: ,0,Frontier diff: ,0, Frontier diff Contribution ,0,Inverse Area ratio: ,0.911199, Inv Area Ratio Contribution: ,0,Inverse Perim ratio: ,1.05906, Inv Perim Contribution: ,0, Final Score: ,-161.527
Point: ,187,218,Repeat score:,1, Repeat contribution: ,-1,Dist:,33.2297, Dist contribution: ,-166.148, New scanned ratio: ,0.00974036, New Scanned Cells Contribution: ,0,Area ratio: ,0.970732, Area ratio Contribution: ,0,Perim diff: ,1.0395, Perim diff Contribution: ,0,Frontier diff: ,0, Frontier diff Contribution ,0,Inverse Area ratio: ,0.909316, Inv Area Ratio Contribution: ,0,Inverse Perim ratio: ,1.06122, Inv Perim Contribution: ,0, Final Score: ,-167.148
Point: ,186,217,Repeat score:,1, Repeat contribution: ,-1,Dist:,34.0993, Dist contribution: ,-170.496, New scanned ratio: ,0.00931621, New Scanned Cells Contribution: ,0,Area ratio: ,0.972075, Area ratio Contribution: ,0,Perim diff: ,1.03968, Perim diff Contribution: ,0,Frontier diff: ,0, Frontier diff Contribution ,0,Inverse Area ratio: ,0.910426, Inv Area Ratio Contribution: ,0,Inverse Perim ratio: ,1.06122, Inv Perim Contribution: ,0, Final Score: ,-171.496
Point: ,181,217,Repeat score:,1, Repeat contribution: ,-1,Dist:,39.0866, Dist contribution: ,-195.433, New scanned ratio: ,0.0098161, New Scanned Cells Contribution: ,0,Area ratio: ,0.971746, Area ratio Contribution: ,0,Perim diff: ,1.04713, Perim diff Contribution: ,0,Frontier diff: ,0, Frontier diff Contribution ,0,Inverse Area ratio: ,0.908979, Inv Area Ratio Contribution: ,0,Inverse Perim ratio: ,1.07139, Inv Perim Contribution: ,0, Final Score: ,-196.433
BEST Point:,200,216, Score: ,-101.211
COUNT COMMAND: 1
Total frontiers: ,102, Prioritised frontiers: ,25
At: ,200,215,
Point: ,234,234,Repeat score:,1, Repeat contribution: ,-1,Dist:,42.0249, Dist contribution: ,-210.124, New scanned ratio: ,0.00979284, New Scanned Cells Contribution: ,0,Area ratio: ,0.952036, Area ratio Contribution: ,0,Perim diff: ,1.04964, Perim diff Contribution: ,0,Frontier diff: ,0, Frontier diff Contribution ,0,Inverse Area ratio: ,0.894275, Inv Area Ratio Contribution: ,0,Inverse Perim ratio: ,1.08308, Inv Perim Contribution: ,0, Final Score: ,-211.124
Point: ,231,232,Repeat score:,1, Repeat contribution: ,-1,Dist:,38.0711, Dist contribution: ,-190.356, New scanned ratio: ,0.00854237, New Scanned Cells Contribution: ,0,Area ratio: ,0.954372, Area ratio Contribution: ,0,Perim diff: ,1.05037, Perim diff Contribution: ,0,Frontier diff: ,0, Frontier diff Contribution ,0,Inverse Area ratio: ,0.897584, Inv Area Ratio Contribution: ,0,Inverse Perim ratio: ,1.08238, Inv Perim Contribution: ,0, Final Score: ,-191.356
Point: ,226,235,Repeat score:,1, Repeat contribution: ,-1,Dist:,36.7696, Dist contribution: ,-183.848, New scanned ratio: ,0.010275, New Scanned Cells Contribution: ,0,Area ratio: ,0.94924, Area ratio Contribution: ,0,Perim diff: ,1.05223, Perim diff Contribution: ,0,Frontier diff: ,0, Frontier diff Contribution ,0,Inverse Area ratio: ,0.892987, Inv Area Ratio Contribution: ,0,Inverse Perim ratio: ,1.08688, Inv Perim Contribution: ,0, Final Score: ,-184.848
Point: ,221,235,Repeat score:,1, Repeat contribution: ,-1,Dist:,33.4215, Dist contribution: ,-167.108, New scanned ratio: ,0.0101996, New Scanned Cells Contribution: ,0,Area ratio: ,0.948383, Area ratio Contribution: ,0,Perim diff: ,1.05145, Perim diff Contribution: ,0,Frontier diff: ,0, Frontier diff Contribution ,0,Inverse Area ratio: ,0.893205, Inv Area Ratio Contribution: ,0,Inverse Perim ratio: ,1.08556, Inv Perim Contribution: ,0, Final Score: ,-168.108
Point: ,220,236,Repeat score:,1, Repeat contribution: ,-1,Dist:,33.8421, Dist contribution: ,-169.211, New scanned ratio: ,0.0107872, New Scanned Cells Contribution: ,0,Area ratio: ,0.9468, Area ratio Contribution: ,0,Perim diff: ,1.0523, Perim diff Contribution: ,0,Frontier diff: ,0, Frontier diff Contribution ,0,Inverse Area ratio: ,0.891639, Inv Area Ratio Contribution: ,0,Inverse Perim ratio: ,1.08741, Inv Perim Contribution: ,0, Final Score: ,-170.211
Point: ,219,235,Repeat score:,1, Repeat contribution: ,-1,Dist:,32.2025, Dist contribution: ,-161.012, New scanned ratio: ,0.0101695, New Scanned Cells Contribution: ,0,Area ratio: ,0.948073, Area ratio Contribution: ,0,Perim diff: ,1.04982, Perim diff Contribution: ,0,Frontier diff: ,0, Frontier diff Contribution ,0,Inverse Area ratio: ,0.893264, Inv Area Ratio Contribution: ,0,Inverse Perim ratio: ,1.08688, Inv Perim Contribution: ,0, Final Score: ,-162.012
Point: ,214,235,Repeat score:,1, Repeat contribution: ,-1,Dist:,29.5296, Dist contribution: ,-147.648, New scanned ratio: ,0.0100942, New Scanned Cells Contribution: ,0,Area ratio: ,0.947183, Area ratio Contribution: ,0,Perim diff: ,1.05307, Perim diff Contribution: ,0,Frontier diff: ,0, Frontier diff Contribution ,0,Inverse Area ratio: ,0.893522, Inv Area Ratio Contribution: ,0,Inverse Perim ratio: ,1.08753, Inv Perim Contribution: ,0, Final Score: ,-148.648
Point: ,211,233,Repeat score:,1, Repeat contribution: ,-1,Dist:,25.8565, Dist contribution: ,-129.283, New scanned ratio: ,0.00884369, New Scanned Cells Contribution: ,0,Area ratio: ,0.949517, Area ratio Contribution: ,0,Perim diff: ,1.0511, Perim diff Contribution: ,0,Frontier diff: ,0, Frontier diff Contribution ,0,Inverse Area ratio: ,0.896871, Inv Area Ratio Contribution: ,0,Inverse Perim ratio: ,1.08693, Inv Perim Contribution: ,0, Final Score: ,-130.283
Point: ,209,233,Repeat score:,1, Repeat contribution: ,-1,Dist:,25.0711, Dist contribution: ,-125.355, New scanned ratio: ,0.00884369, New Scanned Cells Contribution: ,0,Area ratio: ,0.949183, Area ratio Contribution: ,0,Perim diff: ,1.05389, Perim diff Contribution: ,0,Frontier diff: ,0, Frontier diff Contribution ,0,Inverse Area ratio: ,0.896811, Inv Area Ratio Contribution: ,0,Inverse Perim ratio: ,1.08728, Inv Perim Contribution: ,0, Final Score: ,-126.355
Point: ,206,235,Repeat score:,1, Repeat contribution: ,-1,Dist:,26.6833, Dist contribution: ,-133.417, New scanned ratio: ,0.0101394, New Scanned Cells Contribution: ,0,Area ratio: ,0.945937, Area ratio Contribution: ,0,Perim diff: ,1.05697, Perim diff Contribution: ,0,Frontier diff: ,0, Frontier diff Contribution ,0,Inverse Area ratio: ,0.893363, Inv Area Ratio Contribution: ,0,Inverse Perim ratio: ,1.09259, Inv Perim Contribution: ,0, Final Score: ,-134.417
Point: ,201,235,Repeat score:,1, Repeat contribution: ,-1,Dist:,26.0192, Dist contribution: ,-130.096, New scanned ratio: ,0.0106215, New Scanned Cells Contribution: ,0,Area ratio: ,0.945576, Area ratio Contribution: ,0,Perim diff: ,1.06094, Perim diff Contribution: ,0,Frontier diff: ,0, Frontier diff Contribution ,0,Inverse Area ratio: ,0.892016, Inv Area Ratio Contribution: ,0,Inverse Perim ratio: ,1.09786, Inv Perim Contribution: ,0, Final Score: ,-131.096
Point: ,200,236,Repeat score:,1, Repeat contribution: ,-1,Dist:,27.3, Dist contribution: ,-136.5, New scanned ratio: ,0.0113296, New Scanned Cells Contribution: ,0,Area ratio: ,0.944103, Area ratio Contribution: ,0,Perim diff: ,1.0629, Perim diff Contribution: ,0,Frontier diff: ,0, Frontier diff Contribution ,0,Inverse Area ratio: ,0.890113, Inv Area Ratio Contribution: ,0,Inverse Perim ratio: ,1.10126, Inv Perim Contribution: ,0, Final Score: ,-137.5
Point: ,199,235,Repeat score:,1, Repeat contribution: ,-1,Dist:,26.0192, Dist contribution: ,-130.096, New scanned ratio: ,0.0109228, New Scanned Cells Contribution: ,0,Area ratio: ,0.945537, Area ratio Contribution: ,0,Perim diff: ,1.06266, Perim diff Contribution: ,0,Frontier diff: ,0, Frontier diff Contribution ,0,Inverse Area ratio: ,0.891203, Inv Area Ratio Contribution: ,0,Inverse Perim ratio: ,1.10024, Inv Perim Contribution: ,0, Final Score: ,-131.096
Point: ,194,235,Repeat score:,1, Repeat contribution: ,-1,Dist:,26.6833, Dist contribution: ,-133.417, New scanned ratio: ,0.0118719, New Scanned Cells Contribution: ,0,Area ratio: ,0.945645, Area ratio Contribution: ,0,Perim diff: ,1.06899, Perim diff Contribution: ,0,Frontier diff: ,0, Frontier diff Contribution ,0,Inverse Area ratio: ,0.888528, Inv Area Ratio Contribution: ,0,Inverse Perim ratio: ,1.10878, Inv Perim Contribution: ,0, Final Score: ,-134.417
Point: ,188,232,Repeat score:,1, Repeat contribution: ,-1,Dist:,25.1478, Dist contribution: ,-125.739, New scanned ratio: ,0.0119171, New Scanned Cells Contribution: ,0,Area ratio: ,0.950736, Area ratio Contribution: ,0,Perim diff: ,1.0632, Perim diff Contribution: ,0,Frontier diff: ,0, Frontier diff Contribution ,0,Inverse Area ratio: ,0.888477, Inv Area Ratio Contribution: ,0,Inverse Perim ratio: ,1.09907, Inv Perim Contribution: ,0, Final Score: ,-126.739
Point: ,183,227,Repeat score:,1, Repeat contribution: ,-1,Dist:,23.0729, Dist contribution: ,-115.365, New scanned ratio: ,0.0105009, New Scanned Cells Contribution: ,0,Area ratio: ,0.958413, Area ratio Contribution: ,0,Perim diff: ,1.05091, Perim diff Contribution: ,0,Frontier diff: ,0, Frontier diff Contribution ,0,Inverse Area ratio: ,0.89261, Inv Area Ratio Contribution: ,0,Inverse Perim ratio: ,1.07969, Inv Perim Contribution: ,0, Final Score: ,-116.365
Point: ,180,221,Repeat score:,1, Repeat contribution: ,-1,Dist:,21.4672, Dist contribution: ,-107.336, New scanned ratio: ,0.00806026, New Scanned Cells Contribution: ,0,Area ratio: ,0.967366, Area ratio Contribution: ,0,Perim diff: ,1.04242, Perim diff Contribution: ,0,Frontier diff: ,0, Frontier diff Contribution ,0,Inverse Area ratio: ,0.899249, Inv Area Ratio Contribution: ,0,Inverse Perim ratio: ,1.06595, Inv Perim Contribution: ,0, Final Score: ,-108.336
Point: ,180,216,Repeat score:,1, Repeat contribution: ,-1,Dist:,20.0422, Dist contribution: ,-100.211, New scanned ratio: ,0.00558945, New Scanned Cells Contribution: ,0,Area ratio: ,0.974697, Area ratio Contribution: ,0,Perim diff: ,1.03732, Perim diff Contribution: ,0,Frontier diff: ,0, Frontier diff Contribution ,0,Inverse Area ratio: ,0.905908, Inv Area Ratio Contribution: ,0,Inverse Perim ratio: ,1.05764, Inv Perim Contribution: ,0, Final Score: ,-101.211
Point: ,177,216,Repeat score:,1, Repeat contribution: ,-1,Dist:,23.0367, Dist contribution: ,-115.184, New scanned ratio: ,0.00631262, New Scanned Cells Contribution: ,0,Area ratio: ,0.974923, Area ratio Contribution: ,0,Perim diff: ,1.03597, Perim diff Contribution: ,0,Frontier diff: ,0, Frontier diff Contribution ,0,Inverse Area ratio: ,0.904005, Inv Area Ratio Contribution: ,0,Inverse Perim ratio: ,1.05585, Inv Perim Contribution: ,0, Final Score: ,-116.184
Point: ,174,218,Repeat score:,1, Repeat contribution: ,-1,Dist:,26.2909, Dist contribution: ,-131.454, New scanned ratio: ,0.00793974, New Scanned Cells Contribution: ,0,Area ratio: ,0.972179, Area ratio Contribution: ,0,Perim diff: ,1.0376, Perim diff Contribution: ,0,Frontier diff: ,0, Frontier diff Contribution ,0,Inverse Area ratio: ,0.899665, Inv Area Ratio Contribution: ,0,Inverse Perim ratio: ,1.05861, Inv Perim Contribution: ,0, Final Score: ,-132.454
Point: ,169,218,Repeat score:,1, Repeat contribution: ,-1,Dist:,31.2444, Dist contribution: ,-156.222, New scanned ratio: ,0.00885876, New Scanned Cells Contribution: ,0,Area ratio: ,0.972226, Area ratio Contribution: ,0,Perim diff: ,1.03765, Perim diff Contribution: ,0,Frontier diff: ,0, Frontier diff Contribution ,0,Inverse Area ratio: ,0.897208, Inv Area Ratio Contribution: ,0,Inverse Perim ratio: ,1.05877, Inv Perim Contribution: ,0, Final Score: ,-157.222
Point: ,168,219,Repeat score:,1, Repeat contribution: ,-1,Dist:,32.4197, Dist contribution: ,-162.099, New scanned ratio: ,0.00956685, New Scanned Cells Contribution: ,0,Area ratio: ,0.970726, Area ratio Contribution: ,0,Perim diff: ,1.03895, Perim diff Contribution: ,0,Frontier diff: ,0, Frontier diff Contribution ,0,Inverse Area ratio: ,0.895325, Inv Area Ratio Contribution: ,0,Inverse Perim ratio: ,1.06107, Inv Perim Contribution: ,0, Final Score: ,-163.099
Point: ,167,218,Repeat score:,1, Repeat contribution: ,-1,Dist:,33.2297, Dist contribution: ,-166.148, New scanned ratio: ,0.00914501, New Scanned Cells Contribution: ,0,Area ratio: ,0.972141, Area ratio Contribution: ,0,Perim diff: ,1.03938, Perim diff Contribution: ,0,Frontier diff: ,0, Frontier diff Contribution ,0,Inverse Area ratio: ,0.896415, Inv Area Ratio Contribution: ,0,Inverse Perim ratio: ,1.06138, Inv Perim Contribution: ,0, Final Score: ,-167.148
Point: ,162,218,Repeat score:,1, Repeat contribution: ,-1,Dist:,38.1996, Dist contribution: ,-190.998, New scanned ratio: ,0.00968738, New Scanned Cells Contribution: ,0,Area ratio: ,0.971736, Area ratio Contribution: ,0,Perim diff: ,1.04524, Perim diff Contribution: ,0,Frontier diff: ,0, Frontier diff Contribution ,0,Inverse Area ratio: ,0.894909, Inv Area Ratio Contribution: ,0,Inverse Perim ratio: ,1.06922, Inv Perim Contribution: ,0, Final Score: ,-191.998
Point: ,161,217,Repeat score:,1, Repeat contribution: ,-1,Dist:,39.0866, Dist contribution: ,-195.433, New scanned ratio: ,0.00914501, New Scanned Cells Contribution: ,0,Area ratio: ,0.973052, Area ratio Contribution: ,0,Perim diff: ,1.04693, Perim diff Contribution: ,0,Frontier diff: ,0, Frontier diff Contribution ,0,Inverse Area ratio: ,0.896316, Inv Area Ratio Contribution: ,0,Inverse Perim ratio: ,1.07133, Inv Perim Contribution: ,0, Final Score: ,-196.433
BEST Point:,180,216, Score: ,-101.211
COUNT COMMAND: 1
Total frontiers: ,102, Prioritised frontiers: ,25
At: ,180,215,
Point: ,214,235,Repeat score:,1, Repeat contribution: ,-1,Dist:,42.8019, Dist contribution: ,-214.009, New scanned ratio: ,0.0100426, New Scanned Cells Contribution: ,0,Area ratio: ,0.952059, Area ratio Contribution: ,0,Perim diff: ,1.05218, Perim diff Contribution: ,0,Frontier diff: ,0, Frontier diff Contribution ,0,Inverse Area ratio: ,0.879947, Inv Area Ratio Contribution: ,0,Inverse Perim ratio: ,1.08626, Inv Perim Contribution: ,0, Final Score: ,-215.009
Point: ,211,233,Repeat score:,1, Repeat contribution: ,-1,Dist:,38.8402, Dist contribution: ,-194.201, New scanned ratio: ,0.00879849, New Scanned Cells Contribution: ,0,Area ratio: ,0.954439, Area ratio Contribution: ,0,Perim diff: ,1.05015, Perim diff Contribution: ,0,Frontier diff: ,0, Frontier diff Contribution ,0,Inverse Area ratio: ,0.883217, Inv Area Ratio Contribution: ,0,Inverse Perim ratio: ,1.08564, Inv Perim Contribution: ,0, Final Score: ,-195.201
Point: ,209,233,Repeat score:,1, Repeat contribution: ,-1,Dist:,37.2634, Dist contribution: ,-186.317, New scanned ratio: ,0.00879849, New Scanned Cells Contribution: ,0,Area ratio: ,0.95409, Area ratio Contribution: ,0,Perim diff: ,1.05048, Perim diff Contribution: ,0,Frontier diff: ,0, Frontier diff Contribution ,0,Inverse Area ratio: ,0.883296, Inv Area Ratio Contribution: ,0,Inverse Perim ratio: ,1.08241, Inv Perim Contribution: ,0, Final Score: ,-187.317
Point: ,206,235,Repeat score:,1, Repeat contribution: ,-1,Dist:,36.7696, Dist contribution: ,-183.848, New scanned ratio: ,0.0099976, New Scanned Cells Contribution: ,0,Area ratio: ,0.950771, Area ratio Contribution: ,0,Perim diff: ,1.05034, Perim diff Contribution: ,0,Frontier diff: ,0, Frontier diff Contribution ,0,Inverse Area ratio: ,0.880165, Inv Area Ratio Contribution: ,0,Inverse Perim ratio: ,1.08356, Inv Perim Contribution: ,0, Final Score: ,-184.848
Point: ,201,235,Repeat score:,1, Repeat contribution: ,-1,Dist:,33.4215, Dist contribution: ,-167.108, New scanned ratio: ,0.0099976, New Scanned Cells Contribution: ,0,Area ratio: ,0.950008, Area ratio Contribution: ,0,Perim diff: ,1.04899, Perim diff Contribution: ,0,Frontier diff: ,0, Frontier diff Contribution ,0,Inverse Area ratio: ,0.880145, Inv Area Ratio Contribution: ,0,Inverse Perim ratio: ,1.08163, Inv Perim Contribution: ,0, Final Score: ,-168.108
Point: ,200,236,Repeat score:,1, Repeat contribution: ,-1,Dist:,33.8421, Dist contribution: ,-169.211, New scanned ratio: ,0.0105972, New Scanned Cells Contribution: ,0,Area ratio: ,0.948433, Area ratio Contribution: ,0,Perim diff: ,1.05021, Perim diff Contribution: ,0,Frontier diff: ,0, Frontier diff Contribution ,0,Inverse Area ratio: ,0.87854, Inv Area Ratio Contribution: ,0,Inverse Perim ratio: ,1.08402, Inv Perim Contribution: ,0, Final Score: ,-170.211
Point: ,199,235,Repeat score:,1, Repeat contribution: ,-1,Dist:,32.2025, Dist contribution: ,-161.012, New scanned ratio: ,0.0099976, New Scanned Cells Contribution: ,0,Area ratio: ,0.949698, Area ratio Contribution: ,0,Perim diff: ,1.049, Perim diff Contribution: ,0,Frontier diff: ,0, Frontier diff Contribution ,0,Inverse Area ratio: ,0.880145, Inv Area Ratio Contribution: ,0,Inverse Perim ratio: ,1.08163, Inv Perim Contribution: ,0, Final Score: ,-162.012
Point: ,194,235,Repeat score:,1, Repeat contribution: ,-1,Dist:,29.5296, Dist contribution: ,-147.648, New scanned ratio: ,0.0099976, New Scanned Cells Contribution: ,0,Area ratio: ,0.948909, Area ratio Contribution: ,0,Perim diff: ,1.05042, Perim diff Contribution: ,0,Frontier diff: ,0, Frontier diff Contribution ,0,Inverse Area ratio: ,0.880185, Inv Area Ratio Contribution: ,0,Inverse Perim ratio: ,1.0836, Inv Perim Contribution: ,0, Final Score: ,-148.648
Point: ,191,233,Repeat score:,1, Repeat contribution: ,-1,Dist:,25.8565, Dist contribution: ,-129.283, New scanned ratio: ,0.00879849, New Scanned Cells Contribution: ,0,Area ratio: ,0.951249, Area ratio Contribution: ,0,Perim diff: ,1.0504, Perim diff Contribution: ,0,Frontier diff: ,0, Frontier diff Contribution ,0,Inverse Area ratio: ,0.883415, Inv Area Ratio Contribution: ,0,Inverse Perim ratio: ,1.08221, Inv Perim Contribution: ,0, Final Score: ,-130.283
Point: ,189,233,Repeat score:,1, Repeat contribution: ,-1,Dist:,25.0711, Dist contribution: ,-125.355, New scanned ratio: ,0.00879849, New Scanned Cells Contribution: ,0,Area ratio: ,0.950951, Area ratio Contribution: ,0,Perim diff: ,1.05285, Perim diff Contribution: ,0,Frontier diff: ,0, Frontier diff Contribution ,0,Inverse Area ratio: ,0.883276, Inv Area Ratio Contribution: ,0,Inverse Perim ratio: ,1.0858, Inv Perim Contribution: ,0, Final Score: ,-126.355
Point: ,186,235,Repeat score:,1, Repeat contribution: ,-1,Dist:,26.6833, Dist contribution: ,-133.417, New scanned ratio: ,0.0100875, New Scanned Cells Contribution: ,0,Area ratio: ,0.947693, Area ratio Contribution: ,0,Perim diff: ,1.05625, Perim diff Contribution: ,0,Frontier diff: ,0, Frontier diff Contribution ,0,Inverse Area ratio: ,0.879848, Inv Area Ratio Contribution: ,0,Inverse Perim ratio: ,1.09152, Inv Perim Contribution: ,0, Final Score: ,-134.417
Point: ,181,235,Repeat score:,1, Repeat contribution: ,-1,Dist:,26.0192, Dist contribution: ,-130.096, New scanned ratio: ,0.0105672, New Scanned Cells Contribution: ,0,Area ratio: ,0.947332, Area ratio Contribution: ,0,Perim diff: ,1.06013, Perim diff Contribution: ,0,Frontier diff: ,0, Frontier diff Contribution ,0,Inverse Area ratio: ,0.87852, Inv Area Ratio Contribution: ,0,Inverse Perim ratio: ,1.0968, Inv Perim Contribution: ,0, Final Score: ,-131.096
Point: ,180,236,Repeat score:,1, Repeat contribution: ,-1,Dist:,27.3, Dist contribution: ,-136.5, New scanned ratio: ,0.0112717, New Scanned Cells Contribution: ,0,Area ratio: ,0.94586, Area ratio Contribution: ,0,Perim diff: ,1.06209, Perim diff Contribution: ,0,Frontier diff: ,0, Frontier diff Contribution ,0,Inverse Area ratio: ,0.876618, Inv Area Ratio Contribution: ,0,Inverse Perim ratio: ,1.1002, Inv Perim Contribution: ,0, Final Score: ,-137.5
Point: ,179,235,Repeat score:,1, Repeat contribution: ,-1,Dist:,26.0192, Dist contribution: ,-130.096, New scanned ratio: ,0.010867, New Scanned Cells Contribution: ,0,Area ratio: ,0.947292, Area ratio Contribution: ,0,Perim diff: ,1.06181, Perim diff Contribution: ,0,Frontier diff: ,0, Frontier diff Contribution ,0,Inverse Area ratio: ,0.877708, Inv Area Ratio Contribution: ,0,Inverse Perim ratio: ,1.09919, Inv Perim Contribution: ,0, Final Score: ,-131.096
Point: ,174,235,Repeat score:,1, Repeat contribution: ,-1,Dist:,26.6833, Dist contribution: ,-133.417, New scanned ratio: ,0.0118113, New Scanned Cells Contribution: ,0,Area ratio: ,0.947399, Area ratio Contribution: ,0,Perim diff: ,1.06805, Perim diff Contribution: ,0,Frontier diff: ,0, Frontier diff Contribution ,0,Inverse Area ratio: ,0.875032, Inv Area Ratio Contribution: ,0,Inverse Perim ratio: ,1.10773, Inv Perim Contribution: ,0, Final Score: ,-134.417
Point: ,168,232,Repeat score:,1, Repeat contribution: ,-1,Dist:,25.1478, Dist contribution: ,-125.739, New scanned ratio: ,0.0117213, New Scanned Cells Contribution: ,0,Area ratio: ,0.952286, Area ratio Contribution: ,0,Perim diff: ,1.06073, Perim diff Contribution: ,0,Frontier diff: ,0, Frontier diff Contribution ,0,Inverse Area ratio: ,0.875488, Inv Area Ratio Contribution: ,0,Inverse Perim ratio: ,1.09608, Inv Perim Contribution: ,0, Final Score: ,-126.739
Point: ,163,227,Repeat score:,1, Repeat contribution: ,-1,Dist:,23.0729, Dist contribution: ,-115.365, New scanned ratio: ,0.0101925, New Scanned Cells Contribution: ,0,Area ratio: ,0.959653, Area ratio Contribution: ,0,Perim diff: ,1.04831, Perim diff Contribution: ,0,Frontier diff: ,0, Frontier diff Contribution ,0,Inverse Area ratio: ,0.879848, Inv Area Ratio Contribution: ,0,Inverse Perim ratio: ,1.07671, Inv Perim Contribution: ,0, Final Score: ,-116.365
Point: ,160,221,Repeat score:,1, Repeat contribution: ,-1,Dist:,21.4672, Dist contribution: ,-107.336, New scanned ratio: ,0.0077043, New Scanned Cells Contribution: ,0,Area ratio: ,0.968493, Area ratio Contribution: ,0,Perim diff: ,1.04206, Perim diff Contribution: ,0,Frontier diff: ,0, Frontier diff Contribution ,0,Inverse Area ratio: ,0.886625, Inv Area Ratio Contribution: ,0,Inverse Perim ratio: ,1.06602, Inv Perim Contribution: ,0, Final Score: ,-108.336
Point: ,160,217,Repeat score:,1, Repeat contribution: ,-1,Dist:,20.1683, Dist contribution: ,-100.841, New scanned ratio: ,0.00572576, New Scanned Cells Contribution: ,0,Area ratio: ,0.97452, Area ratio Contribution: ,0,Perim diff: ,1.03715, Perim diff Contribution: ,0,Frontier diff: ,0, Frontier diff Contribution ,0,Inverse Area ratio: ,0.892055, Inv Area Ratio Contribution: ,0,Inverse Perim ratio: ,1.05799, Inv Perim Contribution: ,0, Final Score: ,-101.841
Point: ,158,217,Repeat score:,1, Repeat contribution: ,-1,Dist:,22.1531, Dist contribution: ,-110.766, New scanned ratio: ,0.0062204, New Scanned Cells Contribution: ,0,Area ratio: ,0.974646, Area ratio Contribution: ,0,Perim diff: ,1.03955, Perim diff Contribution: ,0,Frontier diff: ,0, Frontier diff Contribution ,0,Inverse Area ratio: ,0.890668, Inv Area Ratio Contribution: ,0,Inverse Perim ratio: ,1.06151, Inv Perim Contribution: ,0, Final Score: ,-111.766
Point: ,155,219,Repeat score:,1, Repeat contribution: ,-1,Dist:,25.5351, Dist contribution: ,-127.675, New scanned ratio: ,0.00800408, New Scanned Cells Contribution: ,0,Area ratio: ,0.971859, Area ratio Contribution: ,0,Perim diff: ,1.04303, Perim diff Contribution: ,0,Frontier diff: ,0, Frontier diff Contribution ,0,Inverse Area ratio: ,0.885773, Inv Area Ratio Contribution: ,0,Inverse Perim ratio: ,1.06665, Inv Perim Contribution: ,0, Final Score: ,-128.675
Point: ,150,219,Repeat score:,1, Repeat contribution: ,-1,Dist:,30.4473, Dist contribution: ,-152.237, New scanned ratio: ,0.00944301, New Scanned Cells Contribution: ,0,Area ratio: ,0.972343, Area ratio Contribution: ,0,Perim diff: ,1.04425, Perim diff Contribution: ,0,Frontier diff: ,0, Frontier diff Contribution ,0,Inverse Area ratio: ,0.883198, Inv Area Ratio Contribution: ,0,Inverse Perim ratio: ,1.06843, Inv Perim Contribution: ,0, Final Score: ,-153.237
Point: ,149,220,Repeat score:,1, Repeat contribution: ,-1,Dist:,31.6741, Dist contribution: ,-158.371, New scanned ratio: ,0.0102374, New Scanned Cells Contribution: ,0,Area ratio: ,0.970967, Area ratio Contribution: ,0,Perim diff: ,1.04699, Perim diff Contribution: ,0,Frontier diff: ,0, Frontier diff Contribution ,0,Inverse Area ratio: ,0.880956, Inv Area Ratio Contribution: ,0,Inverse Perim ratio: ,1.07275, Inv Perim Contribution: ,0, Final Score: ,-159.371
Point: ,148,219,Repeat score:,1, Repeat contribution: ,-1,Dist:,32.4197, Dist contribution: ,-162.099, New scanned ratio: ,0.00995264, New Scanned Cells Contribution: ,0,Area ratio: ,0.972498, Area ratio Contribution: ,0,Perim diff: ,1.04522, Perim diff Contribution: ,0,Frontier diff: ,0, Frontier diff Contribution ,0,Inverse Area ratio: ,0.881789, Inv Area Ratio Contribution: ,0,Inverse Perim ratio: ,1.07005, Inv Perim Contribution: ,0, Final Score: ,-163.099
Point: ,143,219,Repeat score:,1, Repeat contribution: ,-1,Dist:,37.3636, Dist contribution: ,-186.818, New scanned ratio: ,0.0110168, New Scanned Cells Contribution: ,0,Area ratio: ,0.972654, Area ratio Contribution: ,0,Perim diff: ,1.04893, Perim diff Contribution: ,0,Frontier diff: ,0, Frontier diff Contribution ,0,Inverse Area ratio: ,0.878596, Inv Area Ratio Contribution: ,0,Inverse Perim ratio: ,1.07534, Inv Perim Contribution: ,0, Final Score: ,-187.818
BEST Point:,160,217, Score: ,-101.841
COUNT COMMAND: 1
Signal name: ,AMTKVO, Signal value: ,12.1074
Total frontiers: ,102, Prioritised frontiers: ,24
At: ,160,216,
Point: ,194,235,Repeat score:,1, Repeat contribution: ,-1,Dist:,42.0249, Dist contribution: ,-210.124, New scanned ratio: ,0.00994543, New Scanned Cells Contribution: ,0,Area ratio: ,0.953861, Area ratio Contribution: ,0,Perim diff: ,1.05156, Perim diff Contribution: ,0,Frontier diff: ,0, Frontier diff Contribution ,0,Inverse Area ratio: ,0.866313, Inv Area Ratio Contribution: ,0,Inverse Perim ratio: ,1.08523, Inv Perim Contribution: ,0, Final Score: ,-211.124
Point: ,191,233,Repeat score:,1, Repeat contribution: ,-1,Dist:,38.0711, Dist contribution: ,-190.356, New scanned ratio: ,0.00875257, New Scanned Cells Contribution: ,0,Area ratio: ,0.956248, Area ratio Contribution: ,0,Perim diff: ,1.05088, Perim diff Contribution: ,0,Frontier diff: ,0, Frontier diff Contribution ,0,Inverse Area ratio: ,0.869464, Inv Area Ratio Contribution: ,0,Inverse Perim ratio: ,1.083, Inv Perim Contribution: ,0, Final Score: ,-191.356
Point: ,189,233,Repeat score:,1, Repeat contribution: ,-1,Dist:,36.4611, Dist contribution: ,-182.305, New scanned ratio: ,0.00872275, New Scanned Cells Contribution: ,0,Area ratio: ,0.95592, Area ratio Contribution: ,0,Perim diff: ,1.05132, Perim diff Contribution: ,0,Frontier diff: ,0, Frontier diff Contribution ,0,Inverse Area ratio: ,0.869503, Inv Area Ratio Contribution: ,0,Inverse Perim ratio: ,1.08362, Inv Perim Contribution: ,0, Final Score: ,-183.305
Point: ,186,235,Repeat score:,1, Repeat contribution: ,-1,Dist:,35.8621, Dist contribution: ,-179.31, New scanned ratio: ,0.00987087, New Scanned Cells Contribution: ,0,Area ratio: ,0.952547, Area ratio Contribution: ,0,Perim diff: ,1.05092, Perim diff Contribution: ,0,Frontier diff: ,0, Frontier diff Contribution ,0,Inverse Area ratio: ,0.866511, Inv Area Ratio Contribution: ,0,Inverse Perim ratio: ,1.08439, Inv Perim Contribution: ,0, Final Score: ,-180.31
Point: ,181,235,Repeat score:,1, Repeat contribution: ,-1,Dist:,32.4205, Dist contribution: ,-162.103, New scanned ratio: ,0.00979632, New Scanned Cells Contribution: ,0,Area ratio: ,0.951714, Area ratio Contribution: ,0,Perim diff: ,1.05049, Perim diff Contribution: ,0,Frontier diff: ,0, Frontier diff Contribution ,0,Inverse Area ratio: ,0.866689, Inv Area Ratio Contribution: ,0,Inverse Perim ratio: ,1.0838, Inv Perim Contribution: ,0, Final Score: ,-163.103
Point: ,180,236,Repeat score:,1, Repeat contribution: ,-1,Dist:,32.8024, Dist contribution: ,-164.012, New scanned ratio: ,0.0103778, New Scanned Cells Contribution: ,0,Area ratio: ,0.950134, Area ratio Contribution: ,0,Perim diff: ,1.05036, Perim diff Contribution: ,0,Frontier diff: ,0, Frontier diff Contribution ,0,Inverse Area ratio: ,0.865143, Inv Area Ratio Contribution: ,0,Inverse Perim ratio: ,1.08433, Inv Perim Contribution: ,0, Final Score: ,-165.012
Point: ,179,235,Repeat score:,1, Repeat contribution: ,-1,Dist:,31.1623, Dist contribution: ,-155.812, New scanned ratio: ,0.0097665, New Scanned Cells Contribution: ,0,Area ratio: ,0.951376, Area ratio Contribution: ,0,Perim diff: ,1.04946, Perim diff Contribution: ,0,Frontier diff: ,0, Frontier diff Contribution ,0,Inverse Area ratio: ,0.866788, Inv Area Ratio Contribution: ,0,Inverse Perim ratio: ,1.08248, Inv Perim Contribution: ,0, Final Score: ,-156.812
Point: ,174,235,Repeat score:,1, Repeat contribution: ,-1,Dist:,28.3917, Dist contribution: ,-141.959, New scanned ratio: ,0.00969195, New Scanned Cells Contribution: ,0,Area ratio: ,0.950511, Area ratio Contribution: ,0,Perim diff: ,1.05048, Perim diff Contribution: ,0,Frontier diff: ,0, Frontier diff Contribution ,0,Inverse Area ratio: ,0.866967, Inv Area Ratio Contribution: ,0,Inverse Perim ratio: ,1.0838, Inv Perim Contribution: ,0, Final Score: ,-142.959
Point: ,171,233,Repeat score:,1, Repeat contribution: ,-1,Dist:,24.6862, Dist contribution: ,-123.431, New scanned ratio: ,0.00845436, New Scanned Cells Contribution: ,0,Area ratio: ,0.952835, Area ratio Contribution: ,0,Perim diff: ,1.05061, Perim diff Contribution: ,0,Frontier diff: ,0, Frontier diff Contribution ,0,Inverse Area ratio: ,0.870316, Inv Area Ratio Contribution: ,0,Inverse Perim ratio: ,1.08308, Inv Perim Contribution: ,0, Final Score: ,-124.431
Point: ,166,236,Repeat score:,1, Repeat contribution: ,-1,Dist:,26.6833, Dist contribution: ,-133.417, New scanned ratio: ,0.0102586, New Scanned Cells Contribution: ,0,Area ratio: ,0.947801, Area ratio Contribution: ,0,Perim diff: ,1.05833, Perim diff Contribution: ,0,Frontier diff: ,0, Frontier diff Contribution ,0,Inverse Area ratio: ,0.865361, Inv Area Ratio Contribution: ,0,Inverse Perim ratio: ,1.09547, Inv Perim Contribution: ,0, Final Score: ,-134.417
Point: ,161,236,Repeat score:,1, Repeat contribution: ,-1,Dist:,26.0192, Dist contribution: ,-130.096, New scanned ratio: ,0.0106611, New Scanned Cells Contribution: ,0,Area ratio: ,0.947351, Area ratio Contribution: ,0,Perim diff: ,1.06253, Perim diff Contribution: ,0,Frontier diff: ,0, Frontier diff Contribution ,0,Inverse Area ratio: ,0.864252, Inv Area Ratio Contribution: ,0,Inverse Perim ratio: ,1.10135, Inv Perim Contribution: ,0, Final Score: ,-131.096
Point: ,160,237,Repeat score:,1, Repeat contribution: ,-1,Dist:,27.3, Dist contribution: ,-136.5, New scanned ratio: ,0.011347, New Scanned Cells Contribution: ,0,Area ratio: ,0.945879, Area ratio Contribution: ,0,Perim diff: ,1.06412, Perim diff Contribution: ,0,Frontier diff: ,0, Frontier diff Contribution ,0,Inverse Area ratio: ,0.862389, Inv Area Ratio Contribution: ,0,Inverse Perim ratio: ,1.10422, Inv Perim Contribution: ,0, Final Score: ,-137.5
Point: ,159,236,Repeat score:,1, Repeat contribution: ,-1,Dist:,26.0192, Dist contribution: ,-130.096, New scanned ratio: ,0.0109295, New Scanned Cells Contribution: ,0,Area ratio: ,0.947311, Area ratio Contribution: ,0,Perim diff: ,1.06248, Perim diff Contribution: ,0,Frontier diff: ,0, Frontier diff Contribution ,0,Inverse Area ratio: ,0.863499, Inv Area Ratio Contribution: ,0,Inverse Perim ratio: ,1.10505, Inv Perim Contribution: ,0, Final Score: ,-131.096
Point: ,154,236,Repeat score:,1, Repeat contribution: ,-1,Dist:,26.6833, Dist contribution: ,-133.417, New scanned ratio: ,0.0117944, New Scanned Cells Contribution: ,0,Area ratio: ,0.947319, Area ratio Contribution: ,0,Perim diff: ,1.07034, Perim diff Contribution: ,0,Frontier diff: ,0, Frontier diff Contribution ,0,Inverse Area ratio: ,0.861041, Inv Area Ratio Contribution: ,0,Inverse Perim ratio: ,1.11228, Inv Perim Contribution: ,0, Final Score: ,-134.417
Point: ,148,233,Repeat score:,1, Repeat contribution: ,-1,Dist:,25.1478, Dist contribution: ,-125.739, New scanned ratio: ,0.0118242, New Scanned Cells Contribution: ,0,Area ratio: ,0.952076, Area ratio Contribution: ,0,Perim diff: ,1.07149, Perim diff Contribution: ,0,Frontier diff: ,0, Frontier diff Contribution ,0,Inverse Area ratio: ,0.860982, Inv Area Ratio Contribution: ,0,Inverse Perim ratio: ,1.11234, Inv Perim Contribution: ,0, Final Score: ,-126.739
Point: ,143,228,Repeat score:,1, Repeat contribution: ,-1,Dist:,23.0729, Dist contribution: ,-115.365, New scanned ratio: ,0.0112128, New Scanned Cells Contribution: ,0,Area ratio: ,0.96022, Area ratio Contribution: ,0,Perim diff: ,1.06048, Perim diff Contribution: ,0,Frontier diff: ,0, Frontier diff Contribution ,0,Inverse Area ratio: ,0.864029, Inv Area Ratio Contribution: ,0,Inverse Perim ratio: ,1.09436, Inv Perim Contribution: ,0, Final Score: ,-116.365
Point: ,140,222,Repeat score:,1, Repeat contribution: ,-1,Dist:,21.4672, Dist contribution: ,-107.336, New scanned ratio: ,0.00931918, New Scanned Cells Contribution: ,0,Area ratio: ,0.969616, Area ratio Contribution: ,0,Perim diff: ,1.04819, Perim diff Contribution: ,0,Frontier diff: ,0, Frontier diff Contribution ,0,Inverse Area ratio: ,0.869113, Inv Area Ratio Contribution: ,0,Inverse Perim ratio: ,1.07518, Inv Perim Contribution: ,0, Final Score: ,-108.336
Point: ,140,217,Repeat score:,1, Repeat contribution: ,-1,Dist:,20.0422, Dist contribution: ,-100.211, New scanned ratio: ,0.00694838, New Scanned Cells Contribution: ,0,Area ratio: ,0.977259, Area ratio Contribution: ,0,Perim diff: ,1.04146, Perim diff Contribution: ,0,Frontier diff: ,0, Frontier diff Contribution ,0,Inverse Area ratio: ,0.87566, Inv Area Ratio Contribution: ,0,Inverse Perim ratio: ,1.06437, Inv Perim Contribution: ,0, Final Score: ,-101.211
Point: ,137,216,Repeat score:,1, Repeat contribution: ,-1,Dist:,23, Dist contribution: ,-115, New scanned ratio: ,0.00742552, New Scanned Cells Contribution: ,0,Area ratio: ,0.97889, Area ratio Contribution: ,0,Perim diff: ,1.04171, Perim diff Contribution: ,0,Frontier diff: ,0, Frontier diff Contribution ,0,Inverse Area ratio: ,0.874291, Inv Area Ratio Contribution: ,0,Inverse Perim ratio: ,1.06443, Inv Perim Contribution: ,0, Final Score: ,-116
Point: ,133,212,Repeat score:,1, Repeat contribution: ,-1,Dist:,27.4962, Dist contribution: ,-137.481, New scanned ratio: ,0.00676945, New Scanned Cells Contribution: ,0,Area ratio: ,0.982112, Area ratio Contribution: ,0,Perim diff: ,1.03719, Perim diff Contribution: ,0,Frontier diff: ,0, Frontier diff Contribution ,0,Inverse Area ratio: ,0.882125, Inv Area Ratio Contribution: ,0,Inverse Perim ratio: ,1.05786, Inv Perim Contribution: ,0, Final Score: ,-138.481
Point: ,131,213,Repeat score:,1, Repeat contribution: ,-1,Dist:,29.2611, Dist contribution: ,-146.305, New scanned ratio: ,0.00773865, New Scanned Cells Contribution: ,0,Area ratio: ,0.981518, Area ratio Contribution: ,0,Perim diff: ,1.03775, Perim diff Contribution: ,0,Frontier diff: ,0, Frontier diff Contribution ,0,Inverse Area ratio: ,0.879529, Inv Area Ratio Contribution: ,0,Inverse Perim ratio: ,1.05871, Inv Perim Contribution: ,0, Final Score: ,-147.305
Point: ,126,213,Repeat score:,1, Repeat contribution: ,-1,Dist:,34.2229, Dist contribution: ,-171.115, New scanned ratio: ,0.0087973, New Scanned Cells Contribution: ,0,Area ratio: ,0.981588, Area ratio Contribution: ,0,Perim diff: ,1.03966, Perim diff Contribution: ,0,Frontier diff: ,0, Frontier diff Contribution ,0,Inverse Area ratio: ,0.876295, Inv Area Ratio Contribution: ,0,Inverse Perim ratio: ,1.06149, Inv Perim Contribution: ,0, Final Score: ,-172.115
Point: ,125,214,Repeat score:,1, Repeat contribution: ,-1,Dist:,35.0964, Dist contribution: ,-175.482, New scanned ratio: ,0.00951302, New Scanned Cells Contribution: ,0,Area ratio: ,0.980949, Area ratio Contribution: ,0,Perim diff: ,1.04392, Perim diff Contribution: ,0,Frontier diff: ,0, Frontier diff Contribution ,0,Inverse Area ratio: ,0.874319, Inv Area Ratio Contribution: ,0,Inverse Perim ratio: ,1.06772, Inv Perim Contribution: ,0, Final Score: ,-176.482
Point: ,124,213,Repeat score:,1, Repeat contribution: ,-1,Dist:,36.2106, Dist contribution: ,-181.053, New scanned ratio: ,0.00914025, New Scanned Cells Contribution: ,0,Area ratio: ,0.981544, Area ratio Contribution: ,0,Perim diff: ,1.0422, Perim diff Contribution: ,0,Frontier diff: ,0, Frontier diff Contribution ,0,Inverse Area ratio: ,0.875317, Inv Area Ratio Contribution: ,0,Inverse Perim ratio: ,1.06496, Inv Perim Contribution: ,0, Final Score: ,-182.053
BEST Point:,140,217, Score: ,-101.211
COUNT COMMAND: 1
Signal name: ,AMTKVO, Signal value: ,10.9888
Total frontiers: ,105, Prioritised frontiers: ,26
At: ,140,216,
Point: ,174,235,Repeat score:,1, Repeat contribution: ,-1,Dist:,42.0249, Dist contribution: ,-210.124, New scanned ratio: ,0.00962934, New Scanned Cells Contribution: ,0,Area ratio: ,0.956656, Area ratio Contribution: ,0,Perim diff: ,1.05412, Perim diff Contribution: ,0,Frontier diff: ,0, Frontier diff Contribution ,0,Inverse Area ratio: ,0.850506, Inv Area Ratio Contribution: ,0,Inverse Perim ratio: ,1.08875, Inv Perim Contribution: ,0, Final Score: ,-211.124
Point: ,171,233,Repeat score:,1, Repeat contribution: ,-1,Dist:,38.0711, Dist contribution: ,-190.356, New scanned ratio: ,0.00839975, New Scanned Cells Contribution: ,0,Area ratio: ,0.958981, Area ratio Contribution: ,0,Perim diff: ,1.0544, Perim diff Contribution: ,0,Frontier diff: ,0, Frontier diff Contribution ,0,Inverse Area ratio: ,0.853819, Inv Area Ratio Contribution: ,0,Inverse Perim ratio: ,1.08805, Inv Perim Contribution: ,0, Final Score: ,-191.356
Point: ,166,236,Repeat score:,1, Repeat contribution: ,-1,Dist:,36.7696, Dist contribution: ,-183.848, New scanned ratio: ,0.0101034, New Scanned Cells Contribution: ,0,Area ratio: ,0.953877, Area ratio Contribution: ,0,Perim diff: ,1.05622, Perim diff Contribution: ,0,Frontier diff: ,0, Frontier diff Contribution ,0,Inverse Area ratio: ,0.849216, Inv Area Ratio Contribution: ,0,Inverse Perim ratio: ,1.09255, Inv Perim Contribution: ,0, Final Score: ,-184.848
Point: ,161,236,Repeat score:,1, Repeat contribution: ,-1,Dist:,33.4215, Dist contribution: ,-167.108, New scanned ratio: ,0.0100293, New Scanned Cells Contribution: ,0,Area ratio: ,0.953027, Area ratio Contribution: ,0,Perim diff: ,1.05511, Perim diff Contribution: ,0,Frontier diff: ,0, Frontier diff Contribution ,0,Inverse Area ratio: ,0.849435, Inv Area Ratio Contribution: ,0,Inverse Perim ratio: ,1.09123, Inv Perim Contribution: ,0, Final Score: ,-168.108
Point: ,160,237,Repeat score:,1, Repeat contribution: ,-1,Dist:,33.8421, Dist contribution: ,-169.211, New scanned ratio: ,0.0106071, New Scanned Cells Contribution: ,0,Area ratio: ,0.951452, Area ratio Contribution: ,0,Perim diff: ,1.05596, Perim diff Contribution: ,0,Frontier diff: ,0, Frontier diff Contribution ,0,Inverse Area ratio: ,0.847867, Inv Area Ratio Contribution: ,0,Inverse Perim ratio: ,1.09308, Inv Perim Contribution: ,0, Final Score: ,-170.211
Point: ,159,236,Repeat score:,1, Repeat contribution: ,-1,Dist:,32.2025, Dist contribution: ,-161.012, New scanned ratio: ,0.0099997, New Scanned Cells Contribution: ,0,Area ratio: ,0.952718, Area ratio Contribution: ,0,Perim diff: ,1.05335, Perim diff Contribution: ,0,Frontier diff: ,0, Frontier diff Contribution ,0,Inverse Area ratio: ,0.849494, Inv Area Ratio Contribution: ,0,Inverse Perim ratio: ,1.09255, Inv Perim Contribution: ,0, Final Score: ,-162.012
Point: ,154,236,Repeat score:,1, Repeat contribution: ,-1,Dist:,29.5296, Dist contribution: ,-147.648, New scanned ratio: ,0.00992563, New Scanned Cells Contribution: ,0,Area ratio: ,0.951835, Area ratio Contribution: ,0,Perim diff: ,1.05631, Perim diff Contribution: ,0,Frontier diff: ,0, Frontier diff Contribution ,0,Inverse Area ratio: ,0.849752, Inv Area Ratio Contribution: ,0,Inverse Perim ratio: ,1.0932, Inv Perim Contribution: ,0, Final Score: ,-148.648
Point: ,151,234,Repeat score:,1, Repeat contribution: ,-1,Dist:,25.8565, Dist contribution: ,-129.283, New scanned ratio: ,0.00869604, New Scanned Cells Contribution: ,0,Area ratio: ,0.954037, Area ratio Contribution: ,0,Perim diff: ,1.05412, Perim diff Contribution: ,0,Frontier diff: ,0, Frontier diff Contribution ,0,Inverse Area ratio: ,0.853105, Inv Area Ratio Contribution: ,0,Inverse Perim ratio: ,1.0926, Inv Perim Contribution: ,0, Final Score: ,-130.283
Point: ,149,234,Repeat score:,1, Repeat contribution: ,-1,Dist:,25.0711, Dist contribution: ,-125.355, New scanned ratio: ,0.00869604, New Scanned Cells Contribution: ,0,Area ratio: ,0.953679, Area ratio Contribution: ,0,Perim diff: ,1.05682, Perim diff Contribution: ,0,Frontier diff: ,0, Frontier diff Contribution ,0,Inverse Area ratio: ,0.853045, Inv Area Ratio Contribution: ,0,Inverse Perim ratio: ,1.09295, Inv Perim Contribution: ,0, Final Score: ,-126.355
Point: ,146,236,Repeat score:,1, Repeat contribution: ,-1,Dist:,26.6833, Dist contribution: ,-133.417, New scanned ratio: ,0.00997007, New Scanned Cells Contribution: ,0,Area ratio: ,0.950571, Area ratio Contribution: ,0,Perim diff: ,1.05978, Perim diff Contribution: ,0,Frontier diff: ,0, Frontier diff Contribution ,0,Inverse Area ratio: ,0.849593, Inv Area Ratio Contribution: ,0,Inverse Perim ratio: ,1.09826, Inv Perim Contribution: ,0, Final Score: ,-134.417
Point: ,141,236,Repeat score:,1, Repeat contribution: ,-1,Dist:,26.0192, Dist contribution: ,-130.096, New scanned ratio: ,0.0104441, New Scanned Cells Contribution: ,0,Area ratio: ,0.950144, Area ratio Contribution: ,0,Perim diff: ,1.06348, Perim diff Contribution: ,0,Frontier diff: ,0, Frontier diff Contribution ,0,Inverse Area ratio: ,0.848244, Inv Area Ratio Contribution: ,0,Inverse Perim ratio: ,1.10353, Inv Perim Contribution: ,0, Final Score: ,-131.096
Point: ,140,237,Repeat score:,1, Repeat contribution: ,-1,Dist:,27.3, Dist contribution: ,-136.5, New scanned ratio: ,0.0111404, New Scanned Cells Contribution: ,0,Area ratio: ,0.948745, Area ratio Contribution: ,0,Perim diff: ,1.06539, Perim diff Contribution: ,0,Frontier diff: ,0, Frontier diff Contribution ,0,Inverse Area ratio: ,0.84634, Inv Area Ratio Contribution: ,0,Inverse Perim ratio: ,1.10693, Inv Perim Contribution: ,0, Final Score: ,-137.5
Point: ,139,236,Repeat score:,1, Repeat contribution: ,-1,Dist:,26.0192, Dist contribution: ,-130.096, New scanned ratio: ,0.0107404, New Scanned Cells Contribution: ,0,Area ratio: ,0.950077, Area ratio Contribution: ,0,Perim diff: ,1.0651, Perim diff Contribution: ,0,Frontier diff: ,0, Frontier diff Contribution ,0,Inverse Area ratio: ,0.847431, Inv Area Ratio Contribution: ,0,Inverse Perim ratio: ,1.10591, Inv Perim Contribution: ,0, Final Score: ,-131.096
Point: ,134,236,Repeat score:,1, Repeat contribution: ,-1,Dist:,26.6833, Dist contribution: ,-133.417, New scanned ratio: ,0.0116737, New Scanned Cells Contribution: ,0,Area ratio: ,0.950114, Area ratio Contribution: ,0,Perim diff: ,1.07116, Perim diff Contribution: ,0,Frontier diff: ,0, Frontier diff Contribution ,0,Inverse Area ratio: ,0.844753, Inv Area Ratio Contribution: ,0,Inverse Perim ratio: ,1.11445, Inv Perim Contribution: ,0, Final Score: ,-134.417
Point: ,128,233,Repeat score:,1, Repeat contribution: ,-1,Dist:,25.1478, Dist contribution: ,-125.739, New scanned ratio: ,0.0117774, New Scanned Cells Contribution: ,0,Area ratio: ,0.954816, Area ratio Contribution: ,0,Perim diff: ,1.07717, Perim diff Contribution: ,0,Frontier diff: ,0, Frontier diff Contribution ,0,Inverse Area ratio: ,0.844356, Inv Area Ratio Contribution: ,0,Inverse Perim ratio: ,1.1211, Inv Perim Contribution: ,0, Final Score: ,-126.739
Point: ,123,228,Repeat score:,1, Repeat contribution: ,-1,Dist:,23.0729, Dist contribution: ,-115.365, New scanned ratio: ,0.0114663, New Scanned Cells Contribution: ,0,Area ratio: ,0.963305, Area ratio Contribution: ,0,Perim diff: ,1.05981, Perim diff Contribution: ,0,Frontier diff: ,0, Frontier diff Contribution ,0,Inverse Area ratio: ,0.851348, Inv Area Ratio Contribution: ,0,Inverse Perim ratio: ,1.0946, Inv Perim Contribution: ,0, Final Score: ,-116.365
Point: ,120,222,Repeat score:,1, Repeat contribution: ,-1,Dist:,21.4672, Dist contribution: ,-107.336, New scanned ratio: ,0.0095849, New Scanned Cells Contribution: ,0,Area ratio: ,0.972695, Area ratio Contribution: ,0,Perim diff: ,1.04739, Perim diff Contribution: ,0,Frontier diff: ,0, Frontier diff Contribution ,0,Inverse Area ratio: ,0.85647, Inv Area Ratio Contribution: ,0,Inverse Perim ratio: ,1.07541, Inv Perim Contribution: ,0, Final Score: ,-108.336
Point: ,120,217,Repeat score:,1, Repeat contribution: ,-1,Dist:,20.0422, Dist contribution: ,-100.211, New scanned ratio: ,0.00722942, New Scanned Cells Contribution: ,0,Area ratio: ,0.980357, Area ratio Contribution: ,0,Perim diff: ,1.04129, Perim diff Contribution: ,0,Frontier diff: ,0, Frontier diff Contribution ,0,Inverse Area ratio: ,0.863018, Inv Area Ratio Contribution: ,0,Inverse Perim ratio: ,1.06478, Inv Perim Contribution: ,0, Final Score: ,-101.211
Point: ,119,216,Repeat score:,1, Repeat contribution: ,-1,Dist:,21, Dist contribution: ,-105, New scanned ratio: ,0.00709609, New Scanned Cells Contribution: ,0,Area ratio: ,0.981459, Area ratio Contribution: ,0,Perim diff: ,1.04091, Perim diff Contribution: ,0,Frontier diff: ,0, Frontier diff Contribution ,0,Inverse Area ratio: ,0.863398, Inv Area Ratio Contribution: ,0,Inverse Perim ratio: ,1.064, Inv Perim Contribution: ,0, Final Score: ,-106
Point: ,120,215,Repeat score:,1, Repeat contribution: ,-1,Dist:,20.0422, Dist contribution: ,-100.211, New scanned ratio: ,0.00635537, New Scanned Cells Contribution: ,0,Area ratio: ,0.981961, Area ratio Contribution: ,0,Perim diff: ,1.03962, Perim diff Contribution: ,0,Frontier diff: ,0, Frontier diff Contribution ,0,Inverse Area ratio: ,0.865394, Inv Area Ratio Contribution: ,0,Inverse Perim ratio: ,1.06192, Inv Perim Contribution: ,0, Final Score: ,-101.211
Point: ,120,213,Repeat score:,1, Repeat contribution: ,-1,Dist:,20.3767, Dist contribution: ,-101.884, New scanned ratio: ,0.00554058, New Scanned Cells Contribution: ,0,Area ratio: ,0.983172, Area ratio Contribution: ,0,Perim diff: ,1.03716, Perim diff Contribution: ,0,Frontier diff: ,0, Frontier diff Contribution ,0,Inverse Area ratio: ,0.86769, Inv Area Ratio Contribution: ,0,Inverse Perim ratio: ,1.05833, Inv Perim Contribution: ,0, Final Score: ,-102.884
Point: ,116,211,Repeat score:,1, Repeat contribution: ,-1,Dist:,24.8646, Dist contribution: ,-124.323, New scanned ratio: ,0.00585168, New Scanned Cells Contribution: ,0,Area ratio: ,0.984341, Area ratio Contribution: ,0,Perim diff: ,1.03661, Perim diff Contribution: ,0,Frontier diff: ,0, Frontier diff Contribution ,0,Inverse Area ratio: ,0.871965, Inv Area Ratio Contribution: ,0,Inverse Perim ratio: ,1.05753, Inv Perim Contribution: ,0, Final Score: ,-125.323
Point: ,112,213,Repeat score:,1, Repeat contribution: ,-1,Dist:,28.2703, Dist contribution: ,-141.352, New scanned ratio: ,0.00777755, New Scanned Cells Contribution: ,0,Area ratio: ,0.983847, Area ratio Contribution: ,0,Perim diff: ,1.03688, Perim diff Contribution: ,0,Frontier diff: ,0, Frontier diff Contribution ,0,Inverse Area ratio: ,0.867213, Inv Area Ratio Contribution: ,0,Inverse Perim ratio: ,1.05808, Inv Perim Contribution: ,0, Final Score: ,-142.352
Point: ,107,213,Repeat score:,1, Repeat contribution: ,-1,Dist:,33.2297, Dist contribution: ,-166.148, New scanned ratio: ,0.00887381, New Scanned Cells Contribution: ,0,Area ratio: ,0.983979, Area ratio Contribution: ,0,Perim diff: ,1.03866, Perim diff Contribution: ,0,Frontier diff: ,0, Frontier diff Contribution ,0,Inverse Area ratio: ,0.864159, Inv Area Ratio Contribution: ,0,Inverse Perim ratio: ,1.06085, Inv Perim Contribution: ,0, Final Score: ,-167.148
Point: ,106,214,Repeat score:,1, Repeat contribution: ,-1,Dist:,34.0993, Dist contribution: ,-170.496, New scanned ratio: ,0.00959972, New Scanned Cells Contribution: ,0,Area ratio: ,0.983475, Area ratio Contribution: ,0,Perim diff: ,1.04121, Perim diff Contribution: ,0,Frontier diff: ,0, Frontier diff Contribution ,0,Inverse Area ratio: ,0.862149, Inv Area Ratio Contribution: ,0,Inverse Perim ratio: ,1.06456, Inv Perim Contribution: ,0, Final Score: ,-171.496
Point: ,105,213,Repeat score:,1, Repeat contribution: ,-1,Dist:,35.2166, Dist contribution: ,-176.083, New scanned ratio: ,0.00924417, New Scanned Cells Contribution: ,0,Area ratio: ,0.983956, Area ratio Contribution: ,0,Perim diff: ,1.04061, Perim diff Contribution: ,0,Frontier diff: ,0, Frontier diff Contribution ,0,Inverse Area ratio: ,0.863134, Inv Area Ratio Contribution: ,0,Inverse Perim ratio: ,1.06346, Inv Perim Contribution: ,0, Final Score: ,-177.083
BEST Point:,120,217, Score: ,-101.211
COUNT COMMAND: 1
Total frontiers: ,106, Prioritised frontiers: ,28
At: ,120,216,
Point: ,154,236,Repeat score:,1, Repeat contribution: ,-1,Dist:,42.8019, Dist contribution: ,-214.009, New scanned ratio: ,0.00985874, New Scanned Cells Contribution: ,0,Area ratio: ,0.958286, Area ratio Contribution: ,0,Perim diff: ,1.0565, Perim diff Contribution: ,0,Frontier diff: ,0, Frontier diff Contribution ,0,Inverse Area ratio: ,0.836864, Inv Area Ratio Contribution: ,0,Inverse Perim ratio: ,1.0934, Inv Perim Contribution: ,0, Final Score: ,-215.009
Point: ,151,234,Repeat score:,1, Repeat contribution: ,-1,Dist:,38.8402, Dist contribution: ,-194.201, New scanned ratio: ,0.00863743, New Scanned Cells Contribution: ,0,Area ratio: ,0.960539, Area ratio Contribution: ,0,Perim diff: ,1.05425, Perim diff Contribution: ,0,Frontier diff: ,0, Frontier diff Contribution ,0,Inverse Area ratio: ,0.840158, Inv Area Ratio Contribution: ,0,Inverse Perim ratio: ,1.09278, Inv Perim Contribution: ,0, Final Score: ,-195.201
Point: ,149,234,Repeat score:,1, Repeat contribution: ,-1,Dist:,37.2634, Dist contribution: ,-186.317, New scanned ratio: ,0.00863743, New Scanned Cells Contribution: ,0,Area ratio: ,0.960165, Area ratio Contribution: ,0,Perim diff: ,1.05448, Perim diff Contribution: ,0,Frontier diff: ,0, Frontier diff Contribution ,0,Inverse Area ratio: ,0.840238, Inv Area Ratio Contribution: ,0,Inverse Perim ratio: ,1.08954, Inv Perim Contribution: ,0, Final Score: ,-187.317
Point: ,146,236,Repeat score:,1, Repeat contribution: ,-1,Dist:,36.7696, Dist contribution: ,-183.848, New scanned ratio: ,0.0098146, New Scanned Cells Contribution: ,0,Area ratio: ,0.956978, Area ratio Contribution: ,0,Perim diff: ,1.05422, Perim diff Contribution: ,0,Frontier diff: ,0, Frontier diff Contribution ,0,Inverse Area ratio: ,0.837083, Inv Area Ratio Contribution: ,0,Inverse Perim ratio: ,1.0907, Inv Perim Contribution: ,0, Final Score: ,-184.848
Point: ,141,236,Repeat score:,1, Repeat contribution: ,-1,Dist:,33.4215, Dist contribution: ,-167.108, New scanned ratio: ,0.0098146, New Scanned Cells Contribution: ,0,Area ratio: ,0.956152, Area ratio Contribution: ,0,Perim diff: ,1.05262, Perim diff Contribution: ,0,Frontier diff: ,0, Frontier diff Contribution ,0,Inverse Area ratio: ,0.837064, Inv Area Ratio Contribution: ,0,Inverse Perim ratio: ,1.08877, Inv Perim Contribution: ,0, Final Score: ,-168.108
Point: ,140,237,Repeat score:,1, Repeat contribution: ,-1,Dist:,33.8421, Dist contribution: ,-169.211, New scanned ratio: ,0.0104032, New Scanned Cells Contribution: ,0,Area ratio: ,0.954649, Area ratio Contribution: ,0,Perim diff: ,1.05378, Perim diff Contribution: ,0,Frontier diff: ,0, Frontier diff Contribution ,0,Inverse Area ratio: ,0.835446, Inv Area Ratio Contribution: ,0,Inverse Perim ratio: ,1.09116, Inv Perim Contribution: ,0, Final Score: ,-170.211
Point: ,139,236,Repeat score:,1, Repeat contribution: ,-1,Dist:,32.2025, Dist contribution: ,-161.012, New scanned ratio: ,0.0098146, New Scanned Cells Contribution: ,0,Area ratio: ,0.955817, Area ratio Contribution: ,0,Perim diff: ,1.05253, Perim diff Contribution: ,0,Frontier diff: ,0, Frontier diff Contribution ,0,Inverse Area ratio: ,0.837064, Inv Area Ratio Contribution: ,0,Inverse Perim ratio: ,1.08877, Inv Perim Contribution: ,0, Final Score: ,-162.012
Point: ,134,236,Repeat score:,1, Repeat contribution: ,-1,Dist:,29.5296, Dist contribution: ,-147.648, New scanned ratio: ,0.0098146, New Scanned Cells Contribution: ,0,Area ratio: ,0.954965, Area ratio Contribution: ,0,Perim diff: ,1.05369, Perim diff Contribution: ,0,Frontier diff: ,0, Frontier diff Contribution ,0,Inverse Area ratio: ,0.837103, Inv Area Ratio Contribution: ,0,Inverse Perim ratio: ,1.09074, Inv Perim Contribution: ,0, Final Score: ,-148.648
Point: ,131,234,Repeat score:,1, Repeat contribution: ,-1,Dist:,25.8565, Dist contribution: ,-129.283, New scanned ratio: ,0.00863743, New Scanned Cells Contribution: ,0,Area ratio: ,0.957097, Area ratio Contribution: ,0,Perim diff: ,1.05358, Perim diff Contribution: ,0,Frontier diff: ,0, Frontier diff Contribution ,0,Inverse Area ratio: ,0.840358, Inv Area Ratio Contribution: ,0,Inverse Perim ratio: ,1.08935, Inv Perim Contribution: ,0, Final Score: ,-130.283
Point: ,129,234,Repeat score:,1, Repeat contribution: ,-1,Dist:,25.0711, Dist contribution: ,-125.355, New scanned ratio: ,0.00863743, New Scanned Cells Contribution: ,0,Area ratio: ,0.956775, Area ratio Contribution: ,0,Perim diff: ,1.05594, Perim diff Contribution: ,0,Frontier diff: ,0, Frontier diff Contribution ,0,Inverse Area ratio: ,0.840218, Inv Area Ratio Contribution: ,0,Inverse Perim ratio: ,1.09294, Inv Perim Contribution: ,0, Final Score: ,-126.355
Point: ,126,236,Repeat score:,1, Repeat contribution: ,-1,Dist:,26.6833, Dist contribution: ,-133.417, New scanned ratio: ,0.00990288, New Scanned Cells Contribution: ,0,Area ratio: ,0.953649, Area ratio Contribution: ,0,Perim diff: ,1.05909, Perim diff Contribution: ,0,Frontier diff: ,0, Frontier diff Contribution ,0,Inverse Area ratio: ,0.836764, Inv Area Ratio Contribution: ,0,Inverse Perim ratio: ,1.09866, Inv Perim Contribution: ,0, Final Score: ,-134.417
Point: ,121,236,Repeat score:,1, Repeat contribution: ,-1,Dist:,26.0192, Dist contribution: ,-130.096, New scanned ratio: ,0.0103737, New Scanned Cells Contribution: ,0,Area ratio: ,0.953221, Area ratio Contribution: ,0,Perim diff: ,1.06269, Perim diff Contribution: ,0,Frontier diff: ,0, Frontier diff Contribution ,0,Inverse Area ratio: ,0.835426, Inv Area Ratio Contribution: ,0,Inverse Perim ratio: ,1.10394, Inv Perim Contribution: ,0, Final Score: ,-131.096
Point: ,120,237,Repeat score:,1, Repeat contribution: ,-1,Dist:,27.3, Dist contribution: ,-136.5, New scanned ratio: ,0.0110653, New Scanned Cells Contribution: ,0,Area ratio: ,0.95182, Area ratio Contribution: ,0,Perim diff: ,1.06453, Perim diff Contribution: ,0,Frontier diff: ,0, Frontier diff Contribution ,0,Inverse Area ratio: ,0.83351, Inv Area Ratio Contribution: ,0,Inverse Perim ratio: ,1.10734, Inv Perim Contribution: ,0, Final Score: ,-137.5
Point: ,119,236,Repeat score:,1, Repeat contribution: ,-1,Dist:,26.0192, Dist contribution: ,-130.096, New scanned ratio: ,0.010668, New Scanned Cells Contribution: ,0,Area ratio: ,0.953153, Area ratio Contribution: ,0,Perim diff: ,1.06426, Perim diff Contribution: ,0,Frontier diff: ,0, Frontier diff Contribution ,0,Inverse Area ratio: ,0.834608, Inv Area Ratio Contribution: ,0,Inverse Perim ratio: ,1.10633, Inv Perim Contribution: ,0, Final Score: ,-131.096
Point: ,114,236,Repeat score:,1, Repeat contribution: ,-1,Dist:,26.6833, Dist contribution: ,-133.417, New scanned ratio: ,0.0115951, New Scanned Cells Contribution: ,0,Area ratio: ,0.953187, Area ratio Contribution: ,0,Perim diff: ,1.07018, Perim diff Contribution: ,0,Frontier diff: ,0, Frontier diff Contribution ,0,Inverse Area ratio: ,0.831912, Inv Area Ratio Contribution: ,0,Inverse Perim ratio: ,1.11487, Inv Perim Contribution: ,0, Final Score: ,-134.417
Point: ,108,233,Repeat score:,1, Repeat contribution: ,-1,Dist:,25.1478, Dist contribution: ,-125.739, New scanned ratio: ,0.0116981, New Scanned Cells Contribution: ,0,Area ratio: ,0.957881, Area ratio Contribution: ,0,Perim diff: ,1.07635, Perim diff Contribution: ,0,Frontier diff: ,0, Frontier diff Contribution ,0,Inverse Area ratio: ,0.831513, Inv Area Ratio Contribution: ,0,Inverse Perim ratio: ,1.12152, Inv Perim Contribution: ,0, Final Score: ,-126.739
Point: ,103,228,Repeat score:,1, Repeat contribution: ,-1,Dist:,23.0729, Dist contribution: ,-115.365, New scanned ratio: ,0.0113891, New Scanned Cells Contribution: ,0,Area ratio: ,0.966374, Area ratio Contribution: ,0,Perim diff: ,1.05861, Perim diff Contribution: ,0,Frontier diff: ,0, Frontier diff Contribution ,0,Inverse Area ratio: ,0.838196, Inv Area Ratio Contribution: ,0,Inverse Perim ratio: ,1.09458, Inv Perim Contribution: ,0, Final Score: ,-116.365
Point: ,100,222,Repeat score:,1, Repeat contribution: ,-1,Dist:,21.4672, Dist contribution: ,-107.336, New scanned ratio: ,0.00952031, New Scanned Cells Contribution: ,0,Area ratio: ,0.975767, Area ratio Contribution: ,0,Perim diff: ,1.04673, Perim diff Contribution: ,0,Frontier diff: ,0, Frontier diff Contribution ,0,Inverse Area ratio: ,0.843702, Inv Area Ratio Contribution: ,0,Inverse Perim ratio: ,1.07545, Inv Perim Contribution: ,0, Final Score: ,-108.336
Point: ,100,217,Repeat score:,1, Repeat contribution: ,-1,Dist:,20.0422, Dist contribution: ,-100.211, New scanned ratio: ,0.00718069, New Scanned Cells Contribution: ,0,Area ratio: ,0.98341, Area ratio Contribution: ,0,Perim diff: ,1.04134, Perim diff Contribution: ,0,Frontier diff: ,0, Frontier diff Contribution ,0,Inverse Area ratio: ,0.850253, Inv Area Ratio Contribution: ,0,Inverse Perim ratio: ,1.06582, Inv Perim Contribution: ,0, Final Score: ,-101.211
Point: ,99,216,Repeat score:,1, Repeat contribution: ,-1,Dist:,21, Dist contribution: ,-105, New scanned ratio: ,0.00706298, New Scanned Cells Contribution: ,0,Area ratio: ,0.984256, Area ratio Contribution: ,0,Perim diff: ,1.04062, Perim diff Contribution: ,0,Frontier diff: ,0, Frontier diff Contribution ,0,Inverse Area ratio: ,0.850575, Inv Area Ratio Contribution: ,0,Inverse Perim ratio: ,1.06445, Inv Perim Contribution: ,0, Final Score: ,-106
Point: ,100,215,Repeat score:,1, Repeat contribution: ,-1,Dist:,20.0422, Dist contribution: ,-100.211, New scanned ratio: ,0.00631254, New Scanned Cells Contribution: ,0,Area ratio: ,0.98458, Area ratio Contribution: ,0,Perim diff: ,1.03994, Perim diff Contribution: ,0,Frontier diff: ,0, Frontier diff Contribution ,0,Inverse Area ratio: ,0.852665, Inv Area Ratio Contribution: ,0,Inverse Perim ratio: ,1.0632, Inv Perim Contribution: ,0, Final Score: ,-101.211
Point: ,100,213,Repeat score:,1, Repeat contribution: ,-1,Dist:,20.3767, Dist contribution: ,-101.884, New scanned ratio: ,0.00550324, New Scanned Cells Contribution: ,0,Area ratio: ,0.985527, Area ratio Contribution: ,0,Perim diff: ,1.03835, Perim diff Contribution: ,0,Frontier diff: ,0, Frontier diff Contribution ,0,Inverse Area ratio: ,0.854915, Inv Area Ratio Contribution: ,0,Inverse Perim ratio: ,1.06063, Inv Perim Contribution: ,0, Final Score: ,-102.884
Point: ,97,211,Repeat score:,1, Repeat contribution: ,-1,Dist:,23.9008, Dist contribution: ,-119.504, New scanned ratio: ,0.0055621, New Scanned Cells Contribution: ,0,Area ratio: ,0.986668, Area ratio Contribution: ,0,Perim diff: ,1.03613, Perim diff Contribution: ,0,Frontier diff: ,0, Frontier diff Contribution ,0,Inverse Area ratio: ,0.86011, Inv Area Ratio Contribution: ,0,Inverse Perim ratio: ,1.0575, Inv Perim Contribution: ,0, Final Score: ,-120.504
Point: ,93,213,Repeat score:,1, Repeat contribution: ,-1,Dist:,27.2802, Dist contribution: ,-136.401, New scanned ratio: ,0.00747499, New Scanned Cells Contribution: ,0,Area ratio: ,0.986163, Area ratio Contribution: ,0,Perim diff: ,1.03635, Perim diff Contribution: ,0,Frontier diff: ,0, Frontier diff Contribution ,0,Inverse Area ratio: ,0.854985, Inv Area Ratio Contribution: ,0,Inverse Perim ratio: ,1.05812, Inv Perim Contribution: ,0, Final Score: ,-137.401
Point: ,88,213,Repeat score:,1, Repeat contribution: ,-1,Dist:,32.2368, Dist contribution: ,-161.184, New scanned ratio: ,0.008608, New Scanned Cells Contribution: ,0,Area ratio: ,0.986314, Area ratio Contribution: ,0,Perim diff: ,1.03819, Perim diff Contribution: ,0,Frontier diff: ,0, Frontier diff Contribution ,0,Inverse Area ratio: ,0.851884, Inv Area Ratio Contribution: ,0,Inverse Perim ratio: ,1.06105, Inv Perim Contribution: ,0, Final Score: ,-162.184
Point: ,87,214,Repeat score:,1, Repeat contribution: ,-1,Dist:,33.1023, Dist contribution: ,-165.511, New scanned ratio: ,0.00932902, New Scanned Cells Contribution: ,0,Area ratio: ,0.985953, Area ratio Contribution: ,0,Perim diff: ,1.04068, Perim diff Contribution: ,0,Frontier diff: ,0, Frontier diff Contribution ,0,Inverse Area ratio: ,0.849861, Inv Area Ratio Contribution: ,0,Inverse Perim ratio: ,1.06476, Inv Perim Contribution: ,0, Final Score: ,-166.511
Point: ,86,213,Repeat score:,1, Repeat contribution: ,-1,Dist:,34.2229, Dist contribution: ,-171.115, New scanned ratio: ,0.0090053, New Scanned Cells Contribution: ,0,Area ratio: ,0.986298, Area ratio Contribution: ,0,Perim diff: ,1.03884, Perim diff Contribution: ,0,Frontier diff: ,0, Frontier diff Contribution ,0,Inverse Area ratio: ,0.850772, Inv Area Ratio Contribution: ,0,Inverse Perim ratio: ,1.0619, Inv Perim Contribution: ,0, Final Score: ,-172.115
Point: ,81,213,Repeat score:,1, Repeat contribution: ,-1,Dist:,39.1945, Dist contribution: ,-195.973, New scanned ratio: ,0.00972631, New Scanned Cells Contribution: ,0,Area ratio: ,0.986036, Area ratio Contribution: ,0,Perim diff: ,1.04854, Perim diff Contribution: ,0,Frontier diff: ,0, Frontier diff Contribution ,0,Inverse Area ratio: ,0.848587, Inv Area Ratio Contribution: ,0,Inverse Perim ratio: ,1.07542, Inv Perim Contribution: ,0, Final Score: ,-196.973
BEST Point:,100,217, Score: ,-101.211
COUNT COMMAND: 1
Total frontiers: ,107, Prioritised frontiers: ,28
At: ,100,216,
Point: ,134,236,Repeat score:,1, Repeat contribution: ,-1,Dist:,42.8019, Dist contribution: ,-214.009, New scanned ratio: ,0.0097489, New Scanned Cells Contribution: ,0,Area ratio: ,0.961373, Area ratio Contribution: ,0,Perim diff: ,1.05429, Perim diff Contribution: ,0,Frontier diff: ,0, Frontier diff Contribution ,0,Inverse Area ratio: ,0.82409, Inv Area Ratio Contribution: ,0,Inverse Perim ratio: ,1.09158, Inv Perim Contribution: ,0, Final Score: ,-215.009
Point: ,131,234,Repeat score:,1, Repeat contribution: ,-1,Dist:,38.8402, Dist contribution: ,-194.201, New scanned ratio: ,0.00857961, New Scanned Cells Contribution: ,0,Area ratio: ,0.963555, Area ratio Contribution: ,0,Perim diff: ,1.05412, Perim diff Contribution: ,0,Frontier diff: ,0, Frontier diff Contribution ,0,Inverse Area ratio: ,0.827285, Inv Area Ratio Contribution: ,0,Inverse Perim ratio: ,1.09017, Inv Perim Contribution: ,0, Final Score: ,-195.201
Point: ,129,234,Repeat score:,1, Repeat contribution: ,-1,Dist:,37.2634, Dist contribution: ,-186.317, New scanned ratio: ,0.00857961, New Scanned Cells Contribution: ,0,Area ratio: ,0.963216, Area ratio Contribution: ,0,Perim diff: ,1.05402, Perim diff Contribution: ,0,Frontier diff: ,0, Frontier diff Contribution ,0,Inverse Area ratio: ,0.827285, Inv Area Ratio Contribution: ,0,Inverse Perim ratio: ,1.09017, Inv Perim Contribution: ,0, Final Score: ,-187.317
Point: ,126,236,Repeat score:,1, Repeat contribution: ,-1,Dist:,36.7696, Dist contribution: ,-183.848, New scanned ratio: ,0.0097489, New Scanned Cells Contribution: ,0,Area ratio: ,0.960013, Area ratio Contribution: ,0,Perim diff: ,1.05396, Perim diff Contribution: ,0,Frontier diff: ,0, Frontier diff Contribution ,0,Inverse Area ratio: ,0.82413, Inv Area Ratio Contribution: ,0,Inverse Perim ratio: ,1.09173, Inv Perim Contribution: ,0, Final Score: ,-184.848
Point: ,121,236,Repeat score:,1, Repeat contribution: ,-1,Dist:,33.4215, Dist contribution: ,-167.108, New scanned ratio: ,0.0097489, New Scanned Cells Contribution: ,0,Area ratio: ,0.959187, Area ratio Contribution: ,0,Perim diff: ,1.05225, Perim diff Contribution: ,0,Frontier diff: ,0, Frontier diff Contribution ,0,Inverse Area ratio: ,0.82413, Inv Area Ratio Contribution: ,0,Inverse Perim ratio: ,1.08982, Inv Perim Contribution: ,0, Final Score: ,-168.108
Point: ,120,237,Repeat score:,1, Repeat contribution: ,-1,Dist:,33.8421, Dist contribution: ,-169.211, New scanned ratio: ,0.0103335, New Scanned Cells Contribution: ,0,Area ratio: ,0.957683, Area ratio Contribution: ,0,Perim diff: ,1.05336, Perim diff Contribution: ,0,Frontier diff: ,0, Frontier diff Contribution ,0,Inverse Area ratio: ,0.822502, Inv Area Ratio Contribution: ,0,Inverse Perim ratio: ,1.0922, Inv Perim Contribution: ,0, Final Score: ,-170.211
Point: ,119,236,Repeat score:,1, Repeat contribution: ,-1,Dist:,32.2025, Dist contribution: ,-161.012, New scanned ratio: ,0.0097489, New Scanned Cells Contribution: ,0,Area ratio: ,0.958852, Area ratio Contribution: ,0,Perim diff: ,1.05212, Perim diff Contribution: ,0,Frontier diff: ,0, Frontier diff Contribution ,0,Inverse Area ratio: ,0.82413, Inv Area Ratio Contribution: ,0,Inverse Perim ratio: ,1.08982, Inv Perim Contribution: ,0, Final Score: ,-162.012
Point: ,114,236,Repeat score:,1, Repeat contribution: ,-1,Dist:,29.5296, Dist contribution: ,-147.648, New scanned ratio: ,0.0097489, New Scanned Cells Contribution: ,0,Area ratio: ,0.958001, Area ratio Contribution: ,0,Perim diff: ,1.05316, Perim diff Contribution: ,0,Frontier diff: ,0, Frontier diff Contribution ,0,Inverse Area ratio: ,0.82417, Inv Area Ratio Contribution: ,0,Inverse Perim ratio: ,1.09179, Inv Perim Contribution: ,0, Final Score: ,-148.648
Point: ,111,234,Repeat score:,1, Repeat contribution: ,-1,Dist:,25.8565, Dist contribution: ,-129.283, New scanned ratio: ,0.00857961, New Scanned Cells Contribution: ,0,Area ratio: ,0.960135, Area ratio Contribution: ,0,Perim diff: ,1.05305, Perim diff Contribution: ,0,Frontier diff: ,0, Frontier diff Contribution ,0,Inverse Area ratio: ,0.827446, Inv Area Ratio Contribution: ,0,Inverse Perim ratio: ,1.0904, Inv Perim Contribution: ,0, Final Score: ,-130.283
Point: ,109,234,Repeat score:,1, Repeat contribution: ,-1,Dist:,25.0711, Dist contribution: ,-125.355, New scanned ratio: ,0.00857961, New Scanned Cells Contribution: ,0,Area ratio: ,0.959813, Area ratio Contribution: ,0,Perim diff: ,1.05536, Perim diff Contribution: ,0,Frontier diff: ,0, Frontier diff Contribution ,0,Inverse Area ratio: ,0.827305, Inv Area Ratio Contribution: ,0,Inverse Perim ratio: ,1.09399, Inv Perim Contribution: ,0, Final Score: ,-126.355
Point: ,106,236,Repeat score:,1, Repeat contribution: ,-1,Dist:,26.6833, Dist contribution: ,-133.417, New scanned ratio: ,0.00983659, New Scanned Cells Contribution: ,0,Area ratio: ,0.956685, Area ratio Contribution: ,0,Perim diff: ,1.05833, Perim diff Contribution: ,0,Frontier diff: ,0, Frontier diff Contribution ,0,Inverse Area ratio: ,0.823828, Inv Area Ratio Contribution: ,0,Inverse Perim ratio: ,1.0997, Inv Perim Contribution: ,0, Final Score: ,-134.417
Point: ,101,236,Repeat score:,1, Repeat contribution: ,-1,Dist:,26.0192, Dist contribution: ,-130.096, New scanned ratio: ,0.0103043, New Scanned Cells Contribution: ,0,Area ratio: ,0.956256, Area ratio Contribution: ,0,Perim diff: ,1.06176, Perim diff Contribution: ,0,Frontier diff: ,0, Frontier diff Contribution ,0,Inverse Area ratio: ,0.822482, Inv Area Ratio Contribution: ,0,Inverse Perim ratio: ,1.10498, Inv Perim Contribution: ,0, Final Score: ,-131.096
Point: ,100,237,Repeat score:,1, Repeat contribution: ,-1,Dist:,27.3, Dist contribution: ,-136.5, New scanned ratio: ,0.0109913, New Scanned Cells Contribution: ,0,Area ratio: ,0.954794, Area ratio Contribution: ,0,Perim diff: ,1.06351, Perim diff Contribution: ,0,Frontier diff: ,0, Frontier diff Contribution ,0,Inverse Area ratio: ,0.820854, Inv Area Ratio Contribution: ,0,Inverse Perim ratio: ,1.10846, Inv Perim Contribution: ,0, Final Score: ,-137.5
Point: ,99,236,Repeat score:,1, Repeat contribution: ,-1,Dist:,26.0192, Dist contribution: ,-130.096, New scanned ratio: ,0.0105966, New Scanned Cells Contribution: ,0,Area ratio: ,0.956147, Area ratio Contribution: ,0,Perim diff: ,1.06326, Perim diff Contribution: ,0,Frontier diff: ,0, Frontier diff Contribution ,0,Inverse Area ratio: ,0.821658, Inv Area Ratio Contribution: ,0,Inverse Perim ratio: ,1.10737, Inv Perim Contribution: ,0, Final Score: ,-131.096
Point: ,94,236,Repeat score:,1, Repeat contribution: ,-1,Dist:,26.6833, Dist contribution: ,-133.417, New scanned ratio: ,0.0115174, New Scanned Cells Contribution: ,0,Area ratio: ,0.956065, Area ratio Contribution: ,0,Perim diff: ,1.06908, Perim diff Contribution: ,0,Frontier diff: ,0, Frontier diff Contribution ,0,Inverse Area ratio: ,0.819245, Inv Area Ratio Contribution: ,0,Inverse Perim ratio: ,1.11599, Inv Perim Contribution: ,0, Final Score: ,-134.417
Point: ,88,233,Repeat score:,1, Repeat contribution: ,-1,Dist:,25.1478, Dist contribution: ,-125.739, New scanned ratio: ,0.0116197, New Scanned Cells Contribution: ,0,Area ratio: ,0.960769, Area ratio Contribution: ,0,Perim diff: ,1.07513, Perim diff Contribution: ,0,Frontier diff: ,0, Frontier diff Contribution ,0,Inverse Area ratio: ,0.818884, Inv Area Ratio Contribution: ,0,Inverse Perim ratio: ,1.12278, Inv Perim Contribution: ,0, Final Score: ,-126.739
Point: ,83,228,Repeat score:,1, Repeat contribution: ,-1,Dist:,23.0729, Dist contribution: ,-115.365, New scanned ratio: ,0.0113128, New Scanned Cells Contribution: ,0,Area ratio: ,0.969395, Area ratio Contribution: ,0,Perim diff: ,1.05444, Perim diff Contribution: ,0,Frontier diff: ,0, Frontier diff Contribution ,0,Inverse Area ratio: ,0.825172, Inv Area Ratio Contribution: ,0,Inverse Perim ratio: ,1.09501, Inv Perim Contribution: ,0, Final Score: ,-116.365
Point: ,80,222,Repeat score:,1, Repeat contribution: ,-1,Dist:,21.4672, Dist contribution: ,-107.336, New scanned ratio: ,0.00945658, New Scanned Cells Contribution: ,0,Area ratio: ,0.978816, Area ratio Contribution: ,0,Perim diff: ,1.04563, Perim diff Contribution: ,0,Frontier diff: ,0, Frontier diff Contribution ,0,Inverse Area ratio: ,0.830687, Inv Area Ratio Contribution: ,0,Inverse Perim ratio: ,1.07583, Inv Perim Contribution: ,0, Final Score: ,-108.336
Point: ,80,217,Repeat score:,1, Repeat contribution: ,-1,Dist:,20.0422, Dist contribution: ,-100.211, New scanned ratio: ,0.00714724, New Scanned Cells Contribution: ,0,Area ratio: ,0.986186, Area ratio Contribution: ,0,Perim diff: ,1.04067, Perim diff Contribution: ,0,Frontier diff: ,0, Frontier diff Contribution ,0,Inverse Area ratio: ,0.837261, Inv Area Ratio Contribution: ,0,Inverse Perim ratio: ,1.06625, Inv Perim Contribution: ,0, Final Score: ,-101.211
Point: ,79,216,Repeat score:,1, Repeat contribution: ,-1,Dist:,21, Dist contribution: ,-105, New scanned ratio: ,0.00703031, New Scanned Cells Contribution: ,0,Area ratio: ,0.987024, Area ratio Contribution: ,0,Perim diff: ,1.04034, Perim diff Contribution: ,0,Frontier diff: ,0, Frontier diff Contribution ,0,Inverse Area ratio: ,0.837584, Inv Area Ratio Contribution: ,0,Inverse Perim ratio: ,1.06541, Inv Perim Contribution: ,0, Final Score: ,-106
Point: ,80,215,Repeat score:,1, Repeat contribution: ,-1,Dist:,20.0422, Dist contribution: ,-100.211, New scanned ratio: ,0.0062849, New Scanned Cells Contribution: ,0,Area ratio: ,0.987214, Area ratio Contribution: ,0,Perim diff: ,1.0394, Perim diff Contribution: ,0,Frontier diff: ,0, Frontier diff Contribution ,0,Inverse Area ratio: ,0.839688, Inv Area Ratio Contribution: ,0,Inverse Perim ratio: ,1.06363, Inv Perim Contribution: ,0, Final Score: ,-101.211
Point: ,80,212,Repeat score:,1, Repeat contribution: ,-1,Dist:,20.6649, Dist contribution: ,-103.325, New scanned ratio: ,0.005101, New Scanned Cells Contribution: ,0,Area ratio: ,0.988171, Area ratio Contribution: ,0,Perim diff: ,1.03569, Perim diff Contribution: ,0,Frontier diff: ,0, Frontier diff Contribution ,0,Inverse Area ratio: ,0.843045, Inv Area Ratio Contribution: ,0,Inverse Perim ratio: ,1.05789, Inv Perim Contribution: ,0, Final Score: ,-104.325
Point: ,78,211,Repeat score:,1, Repeat contribution: ,-1,Dist:,22.9401, Dist contribution: ,-114.701, New scanned ratio: ,0.00527639, New Scanned Cells Contribution: ,0,Area ratio: ,0.98866, Area ratio Contribution: ,0,Perim diff: ,1.03607, Perim diff Contribution: ,0,Frontier diff: ,0, Frontier diff Contribution ,0,Inverse Area ratio: ,0.843007, Inv Area Ratio Contribution: ,0,Inverse Perim ratio: ,1.05829, Inv Perim Contribution: ,0, Final Score: ,-115.701
Point: ,74,213,Repeat score:,1, Repeat contribution: ,-1,Dist:,26.2909, Dist contribution: ,-131.454, New scanned ratio: ,0.00722032, New Scanned Cells Contribution: ,0,Area ratio: ,0.98846, Area ratio Contribution: ,0,Perim diff: ,1.03815, Perim diff Contribution: ,0,Frontier diff: ,0, Frontier diff Contribution ,0,Inverse Area ratio: ,0.837485, Inv Area Ratio Contribution: ,0,Inverse Perim ratio: ,1.06169, Inv Perim Contribution: ,0, Final Score: ,-132.454
Point: ,69,213,Repeat score:,1, Repeat contribution: ,-1,Dist:,31.2444, Dist contribution: ,-156.222, New scanned ratio: ,0.0084773, New Scanned Cells Contribution: ,0,Area ratio: ,0.988768, Area ratio Contribution: ,0,Perim diff: ,1.03698, Perim diff Contribution: ,0,Frontier diff: ,0, Frontier diff Contribution ,0,Inverse Area ratio: ,0.833984, Inv Area Ratio Contribution: ,0,Inverse Perim ratio: ,1.06053, Inv Perim Contribution: ,0, Final Score: ,-157.222
Point: ,68,214,Repeat score:,1, Repeat contribution: ,-1,Dist:,32.1055, Dist contribution: ,-160.527, New scanned ratio: ,0.00919349, New Scanned Cells Contribution: ,0,Area ratio: ,0.988554, Area ratio Contribution: ,0,Perim diff: ,1.0394, Perim diff Contribution: ,0,Frontier diff: ,0, Frontier diff Contribution ,0,Inverse Area ratio: ,0.83192, Inv Area Ratio Contribution: ,0,Inverse Perim ratio: ,1.06423, Inv Perim Contribution: ,0, Final Score: ,-161.527
Point: ,67,213,Repeat score:,1, Repeat contribution: ,-1,Dist:,33.2297, Dist contribution: ,-166.148, New scanned ratio: ,0.00890117, New Scanned Cells Contribution: ,0,Area ratio: ,0.988794, Area ratio Contribution: ,0,Perim diff: ,1.03962, Perim diff Contribution: ,0,Frontier diff: ,0, Frontier diff Contribution ,0,Inverse Area ratio: ,0.83275, Inv Area Ratio Contribution: ,0,Inverse Perim ratio: ,1.06447, Inv Perim Contribution: ,0, Final Score: ,-167.148
Point: ,62,213,Repeat score:,1, Repeat contribution: ,-1,Dist:,38.1996, Dist contribution: ,-190.998, New scanned ratio: ,0.00977813, New Scanned Cells Contribution: ,0,Area ratio: ,0.988675, Area ratio Contribution: ,0,Perim diff: ,1.04531, Perim diff Contribution: ,0,Frontier diff: ,0, Frontier diff Contribution ,0,Inverse Area ratio: ,0.83016, Inv Area Ratio Contribution: ,0,Inverse Perim ratio: ,1.07252, Inv Perim Contribution: ,0, Final Score: ,-191.998
BEST Point:,80,217, Score: ,-101.211
COUNT COMMAND: 1
Total frontiers: ,108, Prioritised frontiers: ,29
At: ,80,216,
Point: ,114,236,Repeat score:,1, Repeat contribution: ,-1,Dist:,42.8019, Dist contribution: ,-214.009, New scanned ratio: ,0.00968393, New Scanned Cells Contribution: ,0,Area ratio: ,0.964414, Area ratio Contribution: ,0,Perim diff: ,1.05339, Perim diff Contribution: ,0,Frontier diff: ,0, Frontier diff Contribution ,0,Inverse Area ratio: ,0.810926, Inv Area Ratio Contribution: ,0,Inverse Perim ratio: ,1.09201, Inv Perim Contribution: ,0, Final Score: ,-215.009
Point: ,111,234,Repeat score:,1, Repeat contribution: ,-1,Dist:,38.8402, Dist contribution: ,-194.201, New scanned ratio: ,0.00852244, New Scanned Cells Contribution: ,0,Area ratio: ,0.966598, Area ratio Contribution: ,0,Perim diff: ,1.05323, Perim diff Contribution: ,0,Frontier diff: ,0, Frontier diff Contribution ,0,Inverse Area ratio: ,0.814142, Inv Area Ratio Contribution: ,0,Inverse Perim ratio: ,1.0906, Inv Perim Contribution: ,0, Final Score: ,-195.201
Point: ,109,234,Repeat score:,1, Repeat contribution: ,-1,Dist:,37.2634, Dist contribution: ,-186.317, New scanned ratio: ,0.00852244, New Scanned Cells Contribution: ,0,Area ratio: ,0.96626, Area ratio Contribution: ,0,Perim diff: ,1.05307, Perim diff Contribution: ,0,Frontier diff: ,0, Frontier diff Contribution ,0,Inverse Area ratio: ,0.814142, Inv Area Ratio Contribution: ,0,Inverse Perim ratio: ,1.0906, Inv Perim Contribution: ,0, Final Score: ,-187.317
Point: ,106,236,Repeat score:,1, Repeat contribution: ,-1,Dist:,36.7696, Dist contribution: ,-183.848, New scanned ratio: ,0.00968393, New Scanned Cells Contribution: ,0,Area ratio: ,0.963054, Area ratio Contribution: ,0,Perim diff: ,1.05284, Perim diff Contribution: ,0,Frontier diff: ,0, Frontier diff Contribution ,0,Inverse Area ratio: ,0.810967, Inv Area Ratio Contribution: ,0,Inverse Perim ratio: ,1.09216, Inv Perim Contribution: ,0, Final Score: ,-184.848
Point: ,101,236,Repeat score:,1, Repeat contribution: ,-1,Dist:,33.4215, Dist contribution: ,-167.108, New scanned ratio: ,0.00968393, New Scanned Cells Contribution: ,0,Area ratio: ,0.962229, Area ratio Contribution: ,0,Perim diff: ,1.05098, Perim diff Contribution: ,0,Frontier diff: ,0, Frontier diff Contribution ,0,Inverse Area ratio: ,0.810967, Inv Area Ratio Contribution: ,0,Inverse Perim ratio: ,1.09025, Inv Perim Contribution: ,0, Final Score: ,-168.108
Point: ,100,237,Repeat score:,1, Repeat contribution: ,-1,Dist:,33.8421, Dist contribution: ,-169.211, New scanned ratio: ,0.0102647, New Scanned Cells Contribution: ,0,Area ratio: ,0.960663, Area ratio Contribution: ,0,Perim diff: ,1.05199, Perim diff Contribution: ,0,Frontier diff: ,0, Frontier diff Contribution ,0,Inverse Area ratio: ,0.809328, Inv Area Ratio Contribution: ,0,Inverse Perim ratio: ,1.09263, Inv Perim Contribution: ,0, Final Score: ,-170.211
Point: ,99,236,Repeat score:,1, Repeat contribution: ,-1,Dist:,32.2025, Dist contribution: ,-161.012, New scanned ratio: ,0.00968393, New Scanned Cells Contribution: ,0,Area ratio: ,0.961854, Area ratio Contribution: ,0,Perim diff: ,1.05077, Perim diff Contribution: ,0,Frontier diff: ,0, Frontier diff Contribution ,0,Inverse Area ratio: ,0.810967, Inv Area Ratio Contribution: ,0,Inverse Perim ratio: ,1.09025, Inv Perim Contribution: ,0, Final Score: ,-162.012
Point: ,94,236,Repeat score:,1, Repeat contribution: ,-1,Dist:,29.5296, Dist contribution: ,-147.648, New scanned ratio: ,0.00968393, New Scanned Cells Contribution: ,0,Area ratio: ,0.960902, Area ratio Contribution: ,0,Perim diff: ,1.05162, Perim diff Contribution: ,0,Frontier diff: ,0, Frontier diff Contribution ,0,Inverse Area ratio: ,0.811007, Inv Area Ratio Contribution: ,0,Inverse Perim ratio: ,1.09222, Inv Perim Contribution: ,0, Final Score: ,-148.648
Point: ,91,234,Repeat score:,1, Repeat contribution: ,-1,Dist:,25.8565, Dist contribution: ,-129.283, New scanned ratio: ,0.00852244, New Scanned Cells Contribution: ,0,Area ratio: ,0.963059, Area ratio Contribution: ,0,Perim diff: ,1.05153, Perim diff Contribution: ,0,Frontier diff: ,0, Frontier diff Contribution ,0,Inverse Area ratio: ,0.814304, Inv Area Ratio Contribution: ,0,Inverse Perim ratio: ,1.09083, Inv Perim Contribution: ,0, Final Score: ,-130.283
Point: ,89,234,Repeat score:,1, Repeat contribution: ,-1,Dist:,25.0711, Dist contribution: ,-125.355, New scanned ratio: ,0.00852244, New Scanned Cells Contribution: ,0,Area ratio: ,0.962697, Area ratio Contribution: ,0,Perim diff: ,1.05375, Perim diff Contribution: ,0,Frontier diff: ,0, Frontier diff Contribution ,0,Inverse Area ratio: ,0.814162, Inv Area Ratio Contribution: ,0,Inverse Perim ratio: ,1.09442, Inv Perim Contribution: ,0, Final Score: ,-126.355
Point: ,86,236,Repeat score:,1, Repeat contribution: ,-1,Dist:,26.6833, Dist contribution: ,-133.417, New scanned ratio: ,0.00977104, New Scanned Cells Contribution: ,0,Area ratio: ,0.959407, Area ratio Contribution: ,0,Perim diff: ,1.05642, Perim diff Contribution: ,0,Frontier diff: ,0, Frontier diff Contribution ,0,Inverse Area ratio: ,0.810663, Inv Area Ratio Contribution: ,0,Inverse Perim ratio: ,1.10013, Inv Perim Contribution: ,0, Final Score: ,-134.417
Point: ,81,236,Repeat score:,1, Repeat contribution: ,-1,Dist:,26.0192, Dist contribution: ,-130.096, New scanned ratio: ,0.0102356, New Scanned Cells Contribution: ,0,Area ratio: ,0.958778, Area ratio Contribution: ,0,Perim diff: ,1.05957, Perim diff Contribution: ,0,Frontier diff: ,0, Frontier diff Contribution ,0,Inverse Area ratio: ,0.809308, Inv Area Ratio Contribution: ,0,Inverse Perim ratio: ,1.10542, Inv Perim Contribution: ,0, Final Score: ,-131.096
Point: ,80,237,Repeat score:,1, Repeat contribution: ,-1,Dist:,27.3, Dist contribution: ,-136.5, New scanned ratio: ,0.010918, New Scanned Cells Contribution: ,0,Area ratio: ,0.957263, Area ratio Contribution: ,0,Perim diff: ,1.06117, Perim diff Contribution: ,0,Frontier diff: ,0, Frontier diff Contribution ,0,Inverse Area ratio: ,0.807366, Inv Area Ratio Contribution: ,0,Inverse Perim ratio: ,1.10882, Inv Perim Contribution: ,0, Final Score: ,-137.5
Point: ,79,236,Repeat score:,1, Repeat contribution: ,-1,Dist:,26.0192, Dist contribution: ,-130.096, New scanned ratio: ,0.010526, New Scanned Cells Contribution: ,0,Area ratio: ,0.958629, Area ratio Contribution: ,0,Perim diff: ,1.06094, Perim diff Contribution: ,0,Frontier diff: ,0, Frontier diff Contribution ,0,Inverse Area ratio: ,0.808479, Inv Area Ratio Contribution: ,0,Inverse Perim ratio: ,1.1078, Inv Perim Contribution: ,0, Final Score: ,-131.096
Point: ,74,236,Repeat score:,1, Repeat contribution: ,-1,Dist:,26.6833, Dist contribution: ,-133.417, New scanned ratio: ,0.0114407, New Scanned Cells Contribution: ,0,Area ratio: ,0.958458, Area ratio Contribution: ,0,Perim diff: ,1.06632, Perim diff Contribution: ,0,Frontier diff: ,0, Frontier diff Contribution ,0,Inverse Area ratio: ,0.805748, Inv Area Ratio Contribution: ,0,Inverse Perim ratio: ,1.11634, Inv Perim Contribution: ,0, Final Score: ,-134.417
Point: ,68,233,Repeat score:,1, Repeat contribution: ,-1,Dist:,25.1478, Dist contribution: ,-125.739, New scanned ratio: ,0.0115423, New Scanned Cells Contribution: ,0,Area ratio: ,0.963134, Area ratio Contribution: ,0,Perim diff: ,1.07222, Perim diff Contribution: ,0,Frontier diff: ,0, Frontier diff Contribution ,0,Inverse Area ratio: ,0.805344, Inv Area Ratio Contribution: ,0,Inverse Perim ratio: ,1.12299, Inv Perim Contribution: ,0, Final Score: ,-126.739
Point: ,63,228,Repeat score:,1, Repeat contribution: ,-1,Dist:,23.0729, Dist contribution: ,-115.365, New scanned ratio: ,0.0113245, New Scanned Cells Contribution: ,0,Area ratio: ,0.971884, Area ratio Contribution: ,0,Perim diff: ,1.05402, Perim diff Contribution: ,0,Frontier diff: ,0, Frontier diff Contribution ,0,Inverse Area ratio: ,0.806747, Inv Area Ratio Contribution: ,0,Inverse Perim ratio: ,1.09842, Inv Perim Contribution: ,0, Final Score: ,-116.365
Point: ,60,222,Repeat score:,1, Repeat contribution: ,-1,Dist:,21.4672, Dist contribution: ,-107.336, New scanned ratio: ,0.00959682, New Scanned Cells Contribution: ,0,Area ratio: ,0.98168, Area ratio Contribution: ,0,Perim diff: ,1.04509, Perim diff Contribution: ,0,Frontier diff: ,0, Frontier diff Contribution ,0,Inverse Area ratio: ,0.812227, Inv Area Ratio Contribution: ,0,Inverse Perim ratio: ,1.07829, Inv Perim Contribution: ,0, Final Score: ,-108.336
Point: ,60,217,Repeat score:,1, Repeat contribution: ,-1,Dist:,20.0422, Dist contribution: ,-100.211, New scanned ratio: ,0.00734643, New Scanned Cells Contribution: ,0,Area ratio: ,0.98912, Area ratio Contribution: ,0,Perim diff: ,1.04064, Perim diff Contribution: ,0,Frontier diff: ,0, Frontier diff Contribution ,0,Inverse Area ratio: ,0.818362, Inv Area Ratio Contribution: ,0,Inverse Perim ratio: ,1.06858, Inv Perim Contribution: ,0, Final Score: ,-101.211
Point: ,59,216,Repeat score:,1, Repeat contribution: ,-1,Dist:,21, Dist contribution: ,-105, New scanned ratio: ,0.00725932, New Scanned Cells Contribution: ,0,Area ratio: ,0.990001, Area ratio Contribution: ,0,Perim diff: ,1.03995, Perim diff Contribution: ,0,Frontier diff: ,0, Frontier diff Contribution ,0,Inverse Area ratio: ,0.818947, Inv Area Ratio Contribution: ,0,Inverse Perim ratio: ,1.06715, Inv Perim Contribution: ,0, Final Score: ,-106
Point: ,60,215,Repeat score:,1, Repeat contribution: ,-1,Dist:,20.0422, Dist contribution: ,-100.211, New scanned ratio: ,0.00648983, New Scanned Cells Contribution: ,0,Area ratio: ,0.990072, Area ratio Contribution: ,0,Perim diff: ,1.03961, Perim diff Contribution: ,0,Frontier diff: ,0, Frontier diff Contribution ,0,Inverse Area ratio: ,0.82079, Inv Area Ratio Contribution: ,0,Inverse Perim ratio: ,1.06596, Inv Perim Contribution: ,0, Final Score: ,-101.211
Point: ,60,212,Repeat score:,1, Repeat contribution: ,-1,Dist:,20.6649, Dist contribution: ,-103.325, New scanned ratio: ,0.00531382, New Scanned Cells Contribution: ,0,Area ratio: ,0.99061, Area ratio Contribution: ,0,Perim diff: ,1.03706, Perim diff Contribution: ,0,Frontier diff: ,0, Frontier diff Contribution ,0,Inverse Area ratio: ,0.824109, Inv Area Ratio Contribution: ,0,Inverse Perim ratio: ,1.06131, Inv Perim Contribution: ,0, Final Score: ,-104.325
Point: ,59,211,Repeat score:,1, Repeat contribution: ,-1,Dist:,21.9829, Dist contribution: ,-109.915, New scanned ratio: ,0.00524123, New Scanned Cells Contribution: ,0,Area ratio: ,0.990895, Area ratio Contribution: ,0,Perim diff: ,1.03429, Perim diff Contribution: ,0,Frontier diff: ,0, Frontier diff Contribution ,0,Inverse Area ratio: ,0.824615, Inv Area Ratio Contribution: ,0,Inverse Perim ratio: ,1.06103, Inv Perim Contribution: ,0, Final Score: ,-110.915
Point: ,56,211,Repeat score:,1, Repeat contribution: ,-1,Dist:,24.8646, Dist contribution: ,-124.323, New scanned ratio: ,0.00606879, New Scanned Cells Contribution: ,0,Area ratio: ,0.991159, Area ratio Contribution: ,0,Perim diff: ,1.03429, Perim diff Contribution: ,0,Frontier diff: ,0, Frontier diff Contribution ,0,Inverse Area ratio: ,0.823432, Inv Area Ratio Contribution: ,0,Inverse Perim ratio: ,1.05761, Inv Perim Contribution: ,0, Final Score: ,-125.323
Point: ,55,212,Repeat score:,1, Repeat contribution: ,-1,Dist:,25.5351, Dist contribution: ,-127.675, New scanned ratio: ,0.00675117, New Scanned Cells Contribution: ,0,Area ratio: ,0.991165, Area ratio Contribution: ,0,Perim diff: ,1.03444, Perim diff Contribution: ,0,Frontier diff: ,0, Frontier diff Contribution ,0,Inverse Area ratio: ,0.821486, Inv Area Ratio Contribution: ,0,Inverse Perim ratio: ,1.05823, Inv Perim Contribution: ,0, Final Score: ,-128.675
Point: ,50,212,Repeat score:,1, Repeat contribution: ,-1,Dist:,30.4473, Dist contribution: ,-152.237, New scanned ratio: ,0.00797073, New Scanned Cells Contribution: ,0,Area ratio: ,0.991333, Area ratio Contribution: ,0,Perim diff: ,1.03452, Perim diff Contribution: ,0,Frontier diff: ,0, Frontier diff Contribution ,0,Inverse Area ratio: ,0.818121, Inv Area Ratio Contribution: ,0,Inverse Perim ratio: ,1.05901, Inv Perim Contribution: ,0, Final Score: ,-153.237
Point: ,49,213,Repeat score:,1, Repeat contribution: ,-1,Dist:,31.2444, Dist contribution: ,-156.222, New scanned ratio: ,0.00868214, New Scanned Cells Contribution: ,0,Area ratio: ,0.991211, Area ratio Contribution: ,0,Perim diff: ,1.03679, Perim diff Contribution: ,0,Frontier diff: ,0, Frontier diff Contribution ,0,Inverse Area ratio: ,0.816033, Inv Area Ratio Contribution: ,0,Inverse Perim ratio: ,1.06279, Inv Perim Contribution: ,0, Final Score: ,-157.222
Point: ,48,212,Repeat score:,1, Repeat contribution: ,-1,Dist:,32.4197, Dist contribution: ,-162.099, New scanned ratio: ,0.00840629, New Scanned Cells Contribution: ,0,Area ratio: ,0.991351, Area ratio Contribution: ,0,Perim diff: ,1.03529, Perim diff Contribution: ,0,Frontier diff: ,0, Frontier diff Contribution ,0,Inverse Area ratio: ,0.816844, Inv Area Ratio Contribution: ,0,Inverse Perim ratio: ,1.06062, Inv Perim Contribution: ,0, Final Score: ,-163.099
Point: ,43,212,Repeat score:,1, Repeat contribution: ,-1,Dist:,37.3636, Dist contribution: ,-186.818, New scanned ratio: ,0.00930644, New Scanned Cells Contribution: ,0,Area ratio: ,0.991081, Area ratio Contribution: ,0,Perim diff: ,1.04108, Perim diff Contribution: ,0,Frontier diff: ,0, Frontier diff Contribution ,0,Inverse Area ratio: ,0.814229, Inv Area Ratio Contribution: ,0,Inverse Perim ratio: ,1.06968, Inv Perim Contribution: ,0, Final Score: ,-187.818
BEST Point:,60,217, Score: ,-101.211
COUNT COMMAND: 1
Total frontiers: ,107, Prioritised frontiers: ,28
At: ,60,216,
Point: ,94,236,Repeat score:,1, Repeat contribution: ,-1,Dist:,42.8019, Dist contribution: ,-214.009, New scanned ratio: ,0.00961746, New Scanned Cells Contribution: ,0,Area ratio: ,0.967529, Area ratio Contribution: ,0,Perim diff: ,1.05321, Perim diff Contribution: ,0,Frontier diff: ,0, Frontier diff Contribution ,0,Inverse Area ratio: ,0.792015, Inv Area Ratio Contribution: ,0,Inverse Perim ratio: ,1.09434, Inv Perim Contribution: ,0, Final Score: ,-215.009
Point: ,91,234,Repeat score:,1, Repeat contribution: ,-1,Dist:,38.8402, Dist contribution: ,-194.201, New scanned ratio: ,0.00846395, New Scanned Cells Contribution: ,0,Area ratio: ,0.969737, Area ratio Contribution: ,0,Perim diff: ,1.05306, Perim diff Contribution: ,0,Frontier diff: ,0, Frontier diff Contribution ,0,Inverse Area ratio: ,0.795232, Inv Area Ratio Contribution: ,0,Inverse Perim ratio: ,1.09293, Inv Perim Contribution: ,0, Final Score: ,-195.201
Point: ,89,234,Repeat score:,1, Repeat contribution: ,-1,Dist:,37.2634, Dist contribution: ,-186.317, New scanned ratio: ,0.00846395, New Scanned Cells Contribution: ,0,Area ratio: ,0.969357, Area ratio Contribution: ,0,Perim diff: ,1.05283, Perim diff Contribution: ,0,Frontier diff: ,0, Frontier diff Contribution ,0,Inverse Area ratio: ,0.795232, Inv Area Ratio Contribution: ,0,Inverse Perim ratio: ,1.09293, Inv Perim Contribution: ,0, Final Score: ,-187.317
Point: ,86,236,Repeat score:,1, Repeat contribution: ,-1,Dist:,36.7696, Dist contribution: ,-183.848, New scanned ratio: ,0.00961746, New Scanned Cells Contribution: ,0,Area ratio: ,0.965989, Area ratio Contribution: ,0,Perim diff: ,1.0523, Perim diff Contribution: ,0,Frontier diff: ,0, Frontier diff Contribution ,0,Inverse Area ratio: ,0.792055, Inv Area Ratio Contribution: ,0,Inverse Perim ratio: ,1.09449, Inv Perim Contribution: ,0, Final Score: ,-184.848
Point: ,81,236,Repeat score:,1, Repeat contribution: ,-1,Dist:,33.4215, Dist contribution: ,-167.108, New scanned ratio: ,0.00961746, New Scanned Cells Contribution: ,0,Area ratio: ,0.964963, Area ratio Contribution: ,0,Perim diff: ,1.05017, Perim diff Contribution: ,0,Frontier diff: ,0, Frontier diff Contribution ,0,Inverse Area ratio: ,0.792055, Inv Area Ratio Contribution: ,0,Inverse Perim ratio: ,1.09258, Inv Perim Contribution: ,0, Final Score: ,-168.108
Point: ,80,237,Repeat score:,1, Repeat contribution: ,-1,Dist:,33.8421, Dist contribution: ,-169.211, New scanned ratio: ,0.0101942, New Scanned Cells Contribution: ,0,Area ratio: ,0.963344, Area ratio Contribution: ,0,Perim diff: ,1.05103, Perim diff Contribution: ,0,Frontier diff: ,0, Frontier diff Contribution ,0,Inverse Area ratio: ,0.790416, Inv Area Ratio Contribution: ,0,Inverse Perim ratio: ,1.09496, Inv Perim Contribution: ,0, Final Score: ,-170.211
Point: ,79,236,Repeat score:,1, Repeat contribution: ,-1,Dist:,32.2025, Dist contribution: ,-161.012, New scanned ratio: ,0.00961746, New Scanned Cells Contribution: ,0,Area ratio: ,0.964548, Area ratio Contribution: ,0,Perim diff: ,1.04985, Perim diff Contribution: ,0,Frontier diff: ,0, Frontier diff Contribution ,0,Inverse Area ratio: ,0.792055, Inv Area Ratio Contribution: ,0,Inverse Perim ratio: ,1.09258, Inv Perim Contribution: ,0, Final Score: ,-162.012
Point: ,74,236,Repeat score:,1, Repeat contribution: ,-1,Dist:,29.5296, Dist contribution: ,-147.648, New scanned ratio: ,0.00961746, New Scanned Cells Contribution: ,0,Area ratio: ,0.963498, Area ratio Contribution: ,0,Perim diff: ,1.05037, Perim diff Contribution: ,0,Frontier diff: ,0, Frontier diff Contribution ,0,Inverse Area ratio: ,0.792096, Inv Area Ratio Contribution: ,0,Inverse Perim ratio: ,1.09455, Inv Perim Contribution: ,0, Final Score: ,-148.648
Point: ,71,234,Repeat score:,1, Repeat contribution: ,-1,Dist:,25.8565, Dist contribution: ,-129.283, New scanned ratio: ,0.00846395, New Scanned Cells Contribution: ,0,Area ratio: ,0.965661, Area ratio Contribution: ,0,Perim diff: ,1.05026, Perim diff Contribution: ,0,Frontier diff: ,0, Frontier diff Contribution ,0,Inverse Area ratio: ,0.795394, Inv Area Ratio Contribution: ,0,Inverse Perim ratio: ,1.09316, Inv Perim Contribution: ,0, Final Score: ,-130.283
Point: ,69,234,Repeat score:,1, Repeat contribution: ,-1,Dist:,25.0711, Dist contribution: ,-125.355, New scanned ratio: ,0.00846395, New Scanned Cells Contribution: ,0,Area ratio: ,0.965259, Area ratio Contribution: ,0,Perim diff: ,1.05232, Perim diff Contribution: ,0,Frontier diff: ,0, Frontier diff Contribution ,0,Inverse Area ratio: ,0.795253, Inv Area Ratio Contribution: ,0,Inverse Perim ratio: ,1.09675, Inv Perim Contribution: ,0, Final Score: ,-126.355
Point: ,66,236,Repeat score:,1, Repeat contribution: ,-1,Dist:,26.6833, Dist contribution: ,-133.417, New scanned ratio: ,0.00970398, New Scanned Cells Contribution: ,0,Area ratio: ,0.961865, Area ratio Contribution: ,0,Perim diff: ,1.05452, Perim diff Contribution: ,0,Frontier diff: ,0, Frontier diff Contribution ,0,Inverse Area ratio: ,0.791752, Inv Area Ratio Contribution: ,0,Inverse Perim ratio: ,1.10246, Inv Perim Contribution: ,0, Final Score: ,-134.417
Point: ,61,236,Repeat score:,1, Repeat contribution: ,-1,Dist:,26.0192, Dist contribution: ,-130.096, New scanned ratio: ,0.0101654, New Scanned Cells Contribution: ,0,Area ratio: ,0.961235, Area ratio Contribution: ,0,Perim diff: ,1.05719, Perim diff Contribution: ,0,Frontier diff: ,0, Frontier diff Contribution ,0,Inverse Area ratio: ,0.790396, Inv Area Ratio Contribution: ,0,Inverse Perim ratio: ,1.10774, Inv Perim Contribution: ,0, Final Score: ,-131.096
Point: ,60,237,Repeat score:,1, Repeat contribution: ,-1,Dist:,27.3, Dist contribution: ,-136.5, New scanned ratio: ,0.0108431, New Scanned Cells Contribution: ,0,Area ratio: ,0.959722, Area ratio Contribution: ,0,Perim diff: ,1.05856, Perim diff Contribution: ,0,Frontier diff: ,0, Frontier diff Contribution ,0,Inverse Area ratio: ,0.788453, Inv Area Ratio Contribution: ,0,Inverse Perim ratio: ,1.11114, Inv Perim Contribution: ,0, Final Score: ,-137.5
Point: ,59,236,Repeat score:,1, Repeat contribution: ,-1,Dist:,26.0192, Dist contribution: ,-130.096, New scanned ratio: ,0.0104538, New Scanned Cells Contribution: ,0,Area ratio: ,0.961086, Area ratio Contribution: ,0,Perim diff: ,1.05834, Perim diff Contribution: ,0,Frontier diff: ,0, Frontier diff Contribution ,0,Inverse Area ratio: ,0.789566, Inv Area Ratio Contribution: ,0,Inverse Perim ratio: ,1.11013, Inv Perim Contribution: ,0, Final Score: ,-131.096
Point: ,54,236,Repeat score:,1, Repeat contribution: ,-1,Dist:,26.6833, Dist contribution: ,-133.417, New scanned ratio: ,0.0113622, New Scanned Cells Contribution: ,0,Area ratio: ,0.960827, Area ratio Contribution: ,0,Perim diff: ,1.06306, Perim diff Contribution: ,0,Frontier diff: ,0, Frontier diff Contribution ,0,Inverse Area ratio: ,0.786834, Inv Area Ratio Contribution: ,0,Inverse Perim ratio: ,1.11867, Inv Perim Contribution: ,0, Final Score: ,-134.417
Point: ,48,233,Repeat score:,1, Repeat contribution: ,-1,Dist:,25.1478, Dist contribution: ,-125.739, New scanned ratio: ,0.0114631, New Scanned Cells Contribution: ,0,Area ratio: ,0.965414, Area ratio Contribution: ,0,Perim diff: ,1.0685, Perim diff Contribution: ,0,Frontier diff: ,0, Frontier diff Contribution ,0,Inverse Area ratio: ,0.78643, Inv Area Ratio Contribution: ,0,Inverse Perim ratio: ,1.12532, Inv Perim Contribution: ,0, Final Score: ,-126.739
Point: ,43,228,Repeat score:,1, Repeat contribution: ,-1,Dist:,23.0729, Dist contribution: ,-115.365, New scanned ratio: ,0.0112756, New Scanned Cells Contribution: ,0,Area ratio: ,0.974159, Area ratio Contribution: ,0,Perim diff: ,1.04943, Perim diff Contribution: ,0,Frontier diff: ,0, Frontier diff Contribution ,0,Inverse Area ratio: ,0.788771, Inv Area Ratio Contribution: ,0,Inverse Perim ratio: ,1.09566, Inv Perim Contribution: ,0, Final Score: ,-116.365
Point: ,40,222,Repeat score:,1, Repeat contribution: ,-1,Dist:,21.4672, Dist contribution: ,-107.336, New scanned ratio: ,0.00955979, New Scanned Cells Contribution: ,0,Area ratio: ,0.984049, Area ratio Contribution: ,0,Perim diff: ,1.04167, Perim diff Contribution: ,0,Frontier diff: ,0, Frontier diff Contribution ,0,Inverse Area ratio: ,0.793919, Inv Area Ratio Contribution: ,0,Inverse Perim ratio: ,1.07999, Inv Perim Contribution: ,0, Final Score: ,-108.336
Point: ,40,217,Repeat score:,1, Repeat contribution: ,-1,Dist:,20.0422, Dist contribution: ,-100.211, New scanned ratio: ,0.00733926, New Scanned Cells Contribution: ,0,Area ratio: ,0.991379, Area ratio Contribution: ,0,Perim diff: ,1.03852, Perim diff Contribution: ,0,Frontier diff: ,0, Frontier diff Contribution ,0,Inverse Area ratio: ,0.800324, Inv Area Ratio Contribution: ,0,Inverse Perim ratio: ,1.07061, Inv Perim Contribution: ,0, Final Score: ,-101.211
Point: ,39,216,Repeat score:,1, Repeat contribution: ,-1,Dist:,21, Dist contribution: ,-105, New scanned ratio: ,0.00726717, New Scanned Cells Contribution: ,0,Area ratio: ,0.992315, Area ratio Contribution: ,0,Perim diff: ,1.03623, Perim diff Contribution: ,0,Frontier diff: ,0, Frontier diff Contribution ,0,Inverse Area ratio: ,0.800547, Inv Area Ratio Contribution: ,0,Inverse Perim ratio: ,1.06692, Inv Perim Contribution: ,0, Final Score: ,-106
Point: ,40,215,Repeat score:,1, Repeat contribution: ,-1,Dist:,20.0422, Dist contribution: ,-100.211, New scanned ratio: ,0.00650296, New Scanned Cells Contribution: ,0,Area ratio: ,0.992302, Area ratio Contribution: ,0,Perim diff: ,1.03655, Perim diff Contribution: ,0,Frontier diff: ,0, Frontier diff Contribution ,0,Inverse Area ratio: ,0.802736, Inv Area Ratio Contribution: ,0,Inverse Perim ratio: ,1.06614, Inv Perim Contribution: ,0, Final Score: ,-101.211
Point: ,40,210,Repeat score:,1, Repeat contribution: ,-1,Dist:,21.4672, Dist contribution: ,-107.336, New scanned ratio: ,0.00459966, New Scanned Cells Contribution: ,0,Area ratio: ,0.992815, Area ratio Contribution: ,0,Perim diff: ,1.03288, Perim diff Contribution: ,0,Frontier diff: ,0, Frontier diff Contribution ,0,Inverse Area ratio: ,0.808128, Inv Area Ratio Contribution: ,0,Inverse Perim ratio: ,1.05817, Inv Perim Contribution: ,0, Final Score: ,-108.336
Point: ,36,212,Repeat score:,1, Repeat contribution: ,-1,Dist:,24.5569, Dist contribution: ,-122.784, New scanned ratio: ,0.00651738, New Scanned Cells Contribution: ,0,Area ratio: ,0.992964, Area ratio Contribution: ,0,Perim diff: ,1.03406, Perim diff Contribution: ,0,Frontier diff: ,0, Frontier diff Contribution ,0,Inverse Area ratio: ,0.802716, Inv Area Ratio Contribution: ,0,Inverse Perim ratio: ,1.06182, Inv Perim Contribution: ,0, Final Score: ,-123.784
Point: ,31,212,Repeat score:,1, Repeat contribution: ,-1,Dist:,29.4625, Dist contribution: ,-147.313, New scanned ratio: ,0.00784393, New Scanned Cells Contribution: ,0,Area ratio: ,0.993058, Area ratio Contribution: ,0,Perim diff: ,1.03094, Perim diff Contribution: ,0,Frontier diff: ,0, Frontier diff Contribution ,0,Inverse Area ratio: ,0.799027, Inv Area Ratio Contribution: ,0,Inverse Perim ratio: ,1.05949, Inv Perim Contribution: ,0, Final Score: ,-148.313
Point: ,30,213,Repeat score:,1, Repeat contribution: ,-1,Dist:,30.2524, Dist contribution: ,-151.262, New scanned ratio: ,0.00855046, New Scanned Cells Contribution: ,0,Area ratio: ,0.992978, Area ratio Contribution: ,0,Perim diff: ,1.03241, Perim diff Contribution: ,0,Frontier diff: ,0, Frontier diff Contribution ,0,Inverse Area ratio: ,0.796878, Inv Area Ratio Contribution: ,0,Inverse Perim ratio: ,1.0628, Inv Perim Contribution: ,0, Final Score: ,-152.262
Point: ,29,212,Repeat score:,1, Repeat contribution: ,-1,Dist:,31.4331, Dist contribution: ,-157.166, New scanned ratio: ,0.00830534, New Scanned Cells Contribution: ,0,Area ratio: ,0.993005, Area ratio Contribution: ,0,Perim diff: ,1.03367, Perim diff Contribution: ,0,Frontier diff: ,0, Frontier diff Contribution ,0,Inverse Area ratio: ,0.797608, Inv Area Ratio Contribution: ,0,Inverse Perim ratio: ,1.06435, Inv Perim Contribution: ,0, Final Score: ,-158.166
Point: ,24,212,Repeat score:,1, Repeat contribution: ,-1,Dist:,36.3736, Dist contribution: ,-181.868, New scanned ratio: ,0.00932908, New Scanned Cells Contribution: ,0,Area ratio: ,0.992686, Area ratio Contribution: ,0,Perim diff: ,1.03607, Perim diff Contribution: ,0,Frontier diff: ,0, Frontier diff Contribution ,0,Inverse Area ratio: ,0.794669, Inv Area Ratio Contribution: ,0,Inverse Perim ratio: ,1.07102, Inv Perim Contribution: ,0, Final Score: ,-182.868
Point: ,21,210,Repeat score:,1, Repeat contribution: ,-1,Dist:,39.7724, Dist contribution: ,-198.862, New scanned ratio: ,0.00869465, New Scanned Cells Contribution: ,0,Area ratio: ,0.992227, Area ratio Contribution: ,0,Perim diff: ,1.04245, Perim diff Contribution: ,0,Frontier diff: ,0, Frontier diff Contribution ,0,Inverse Area ratio: ,0.79625, Inv Area Ratio Contribution: ,0,Inverse Perim ratio: ,1.07996, Inv Perim Contribution: ,0, Final Score: ,-199.862
BEST Point:,40,217, Score: ,-101.211
COUNT COMMAND: 1
Total frontiers: ,108, Prioritised frontiers: ,28
At: ,40,216,
Point: ,74,236,Repeat score:,1, Repeat contribution: ,-1,Dist:,42.8019, Dist contribution: ,-214.009, New scanned ratio: ,0.00955136, New Scanned Cells Contribution: ,0,Area ratio: ,0.968206, Area ratio Contribution: ,0,Perim diff: ,1.05001, Perim diff Contribution: ,0,Frontier diff: ,0, Frontier diff Contribution ,0,Inverse Area ratio: ,0.773913, Inv Area Ratio Contribution: ,0,Inverse Perim ratio: ,1.09451, Inv Perim Contribution: ,0, Final Score: ,-215.009
Point: ,71,234,Repeat score:,1, Repeat contribution: ,-1,Dist:,38.8402, Dist contribution: ,-194.201, New scanned ratio: ,0.00840577, New Scanned Cells Contribution: ,0,Area ratio: ,0.970537, Area ratio Contribution: ,0,Perim diff: ,1.04984, Perim diff Contribution: ,0,Frontier diff: ,0, Frontier diff Contribution ,0,Inverse Area ratio: ,0.777136, Inv Area Ratio Contribution: ,0,Inverse Perim ratio: ,1.0931, Inv Perim Contribution: ,0, Final Score: ,-195.201
Point: ,69,234,Repeat score:,1, Repeat contribution: ,-1,Dist:,37.2634, Dist contribution: ,-186.317, New scanned ratio: ,0.00840577, New Scanned Cells Contribution: ,0,Area ratio: ,0.970456, Area ratio Contribution: ,0,Perim diff: ,1.04957, Perim diff Contribution: ,0,Frontier diff: ,0, Frontier diff Contribution ,0,Inverse Area ratio: ,0.777136, Inv Area Ratio Contribution: ,0,Inverse Perim ratio: ,1.0931, Inv Perim Contribution: ,0, Final Score: ,-187.317
Point: ,66,236,Repeat score:,1, Repeat contribution: ,-1,Dist:,36.7696, Dist contribution: ,-183.848, New scanned ratio: ,0.00955136, New Scanned Cells Contribution: ,0,Area ratio: ,0.967871, Area ratio Contribution: ,0,Perim diff: ,1.04881, Perim diff Contribution: ,0,Frontier diff: ,0, Frontier diff Contribution ,0,Inverse Area ratio: ,0.773954, Inv Area Ratio Contribution: ,0,Inverse Perim ratio: ,1.09466, Inv Perim Contribution: ,0, Final Score: ,-184.848
Point: ,61,236,Repeat score:,1, Repeat contribution: ,-1,Dist:,33.4215, Dist contribution: ,-167.108, New scanned ratio: ,0.00955136, New Scanned Cells Contribution: ,0,Area ratio: ,0.96745, Area ratio Contribution: ,0,Perim diff: ,1.04626, Perim diff Contribution: ,0,Frontier diff: ,0, Frontier diff Contribution ,0,Inverse Area ratio: ,0.773954, Inv Area Ratio Contribution: ,0,Inverse Perim ratio: ,1.09275, Inv Perim Contribution: ,0, Final Score: ,-168.108
Point: ,60,237,Repeat score:,1, Repeat contribution: ,-1,Dist:,33.8421, Dist contribution: ,-169.211, New scanned ratio: ,0.0101242, New Scanned Cells Contribution: ,0,Area ratio: ,0.965832, Area ratio Contribution: ,0,Perim diff: ,1.0469, Perim diff Contribution: ,0,Frontier diff: ,0, Frontier diff Contribution ,0,Inverse Area ratio: ,0.772312, Inv Area Ratio Contribution: ,0,Inverse Perim ratio: ,1.09514, Inv Perim Contribution: ,0, Final Score: ,-170.211
Point: ,59,236,Repeat score:,1, Repeat contribution: ,-1,Dist:,32.2025, Dist contribution: ,-161.012, New scanned ratio: ,0.00955136, New Scanned Cells Contribution: ,0,Area ratio: ,0.967035, Area ratio Contribution: ,0,Perim diff: ,1.04573, Perim diff Contribution: ,0,Frontier diff: ,0, Frontier diff Contribution ,0,Inverse Area ratio: ,0.773954, Inv Area Ratio Contribution: ,0,Inverse Perim ratio: ,1.09275, Inv Perim Contribution: ,0, Final Score: ,-162.012
Point: ,54,236,Repeat score:,1, Repeat contribution: ,-1,Dist:,29.5296, Dist contribution: ,-147.648, New scanned ratio: ,0.00955136, New Scanned Cells Contribution: ,0,Area ratio: ,0.965907, Area ratio Contribution: ,0,Perim diff: ,1.04566, Perim diff Contribution: ,0,Frontier diff: ,0, Frontier diff Contribution ,0,Inverse Area ratio: ,0.773994, Inv Area Ratio Contribution: ,0,Inverse Perim ratio: ,1.09472, Inv Perim Contribution: ,0, Final Score: ,-148.648
Point: ,51,234,Repeat score:,1, Repeat contribution: ,-1,Dist:,25.8565, Dist contribution: ,-129.283, New scanned ratio: ,0.00840577, New Scanned Cells Contribution: ,0,Area ratio: ,0.968042, Area ratio Contribution: ,0,Perim diff: ,1.04543, Perim diff Contribution: ,0,Frontier diff: ,0, Frontier diff Contribution ,0,Inverse Area ratio: ,0.777298, Inv Area Ratio Contribution: ,0,Inverse Perim ratio: ,1.09333, Inv Perim Contribution: ,0, Final Score: ,-130.283
Point: ,49,234,Repeat score:,1, Repeat contribution: ,-1,Dist:,25.0711, Dist contribution: ,-125.355, New scanned ratio: ,0.00840577, New Scanned Cells Contribution: ,0,Area ratio: ,0.967587, Area ratio Contribution: ,0,Perim diff: ,1.04719, Perim diff Contribution: ,0,Frontier diff: ,0, Frontier diff Contribution ,0,Inverse Area ratio: ,0.777156, Inv Area Ratio Contribution: ,0,Inverse Perim ratio: ,1.09692, Inv Perim Contribution: ,0, Final Score: ,-126.355
Point: ,46,236,Repeat score:,1, Repeat contribution: ,-1,Dist:,26.6833, Dist contribution: ,-133.417, New scanned ratio: ,0.00963728, New Scanned Cells Contribution: ,0,Area ratio: ,0.964065, Area ratio Contribution: ,0,Perim diff: ,1.04859, Perim diff Contribution: ,0,Frontier diff: ,0, Frontier diff Contribution ,0,Inverse Area ratio: ,0.77365, Inv Area Ratio Contribution: ,0,Inverse Perim ratio: ,1.10264, Inv Perim Contribution: ,0, Final Score: ,-134.417
Point: ,41,236,Repeat score:,1, Repeat contribution: ,-1,Dist:,26.0192, Dist contribution: ,-130.096, New scanned ratio: ,0.0100955, New Scanned Cells Contribution: ,0,Area ratio: ,0.963303, Area ratio Contribution: ,0,Perim diff: ,1.05026, Perim diff Contribution: ,0,Frontier diff: ,0, Frontier diff Contribution ,0,Inverse Area ratio: ,0.772291, Inv Area Ratio Contribution: ,0,Inverse Perim ratio: ,1.10792, Inv Perim Contribution: ,0, Final Score: ,-131.096
Point: ,40,237,Repeat score:,1, Repeat contribution: ,-1,Dist:,27.3, Dist contribution: ,-136.5, New scanned ratio: ,0.0107685, New Scanned Cells Contribution: ,0,Area ratio: ,0.961739, Area ratio Contribution: ,0,Perim diff: ,1.05124, Perim diff Contribution: ,0,Frontier diff: ,0, Frontier diff Contribution ,0,Inverse Area ratio: ,0.770346, Inv Area Ratio Contribution: ,0,Inverse Perim ratio: ,1.11132, Inv Perim Contribution: ,0, Final Score: ,-137.5
Point: ,39,236,Repeat score:,1, Repeat contribution: ,-1,Dist:,26.0192, Dist contribution: ,-130.096, New scanned ratio: ,0.0103819, New Scanned Cells Contribution: ,0,Area ratio: ,0.9631, Area ratio Contribution: ,0,Perim diff: ,1.05097, Perim diff Contribution: ,0,Frontier diff: ,0, Frontier diff Contribution ,0,Inverse Area ratio: ,0.77146, Inv Area Ratio Contribution: ,0,Inverse Perim ratio: ,1.11031, Inv Perim Contribution: ,0, Final Score: ,-131.096
Point: ,34,236,Repeat score:,1, Repeat contribution: ,-1,Dist:,26.6833, Dist contribution: ,-133.417, New scanned ratio: ,0.0112841, New Scanned Cells Contribution: ,0,Area ratio: ,0.962695, Area ratio Contribution: ,0,Perim diff: ,1.05442, Perim diff Contribution: ,0,Frontier diff: ,0, Frontier diff Contribution ,0,Inverse Area ratio: ,0.768724, Inv Area Ratio Contribution: ,0,Inverse Perim ratio: ,1.11885, Inv Perim Contribution: ,0, Final Score: ,-134.417
Point: ,28,233,Repeat score:,1, Repeat contribution: ,-1,Dist:,25.1478, Dist contribution: ,-125.739, New scanned ratio: ,0.0113843, New Scanned Cells Contribution: ,0,Area ratio: ,0.967088, Area ratio Contribution: ,0,Perim diff: ,1.05841, Perim diff Contribution: ,0,Frontier diff: ,0, Frontier diff Contribution ,0,Inverse Area ratio: ,0.768319, Inv Area Ratio Contribution: ,0,Inverse Perim ratio: ,1.1255, Inv Perim Contribution: ,0, Final Score: ,-126.739
Point: ,23,228,Repeat score:,1, Repeat contribution: ,-1,Dist:,23.0729, Dist contribution: ,-115.365, New scanned ratio: ,0.0112697, New Scanned Cells Contribution: ,0,Area ratio: ,0.975758, Area ratio Contribution: ,0,Perim diff: ,1.04069, Perim diff Contribution: ,0,Frontier diff: ,-1, Frontier diff Contribution ,-0,Inverse Area ratio: ,0.769028, Inv Area Ratio Contribution: ,0,Inverse Perim ratio: ,1.09907, Inv Perim Contribution: ,0, Final Score: ,-116.365
Point: ,20,222,Repeat score:,1, Repeat contribution: ,-1,Dist:,21.4672, Dist contribution: ,-107.336, New scanned ratio: ,0.00970888, New Scanned Cells Contribution: ,0,Area ratio: ,0.985692, Area ratio Contribution: ,0,Perim diff: ,1.03136, Perim diff Contribution: ,0,Frontier diff: ,-1, Frontier diff Contribution ,-0,Inverse Area ratio: ,0.850441, Inv Area Ratio Contribution: ,0,Inverse Perim ratio: ,1.058, Inv Perim Contribution: ,0, Final Score: ,-108.336
Point: ,20,217,Repeat score:,1, Repeat contribution: ,-1,Dist:,20.0422, Dist contribution: ,-100.211, New scanned ratio: ,0.00754658, New Scanned Cells Contribution: ,0,Area ratio: ,0.992934, Area ratio Contribution: ,0,Perim diff: ,1.02956, Perim diff Contribution: ,0,Frontier diff: ,-1, Frontier diff Contribution ,-0,Inverse Area ratio: ,0.830324, Inv Area Ratio Contribution: ,0,Inverse Perim ratio: ,1.05766, Inv Perim Contribution: ,0, Final Score: ,-101.211
Point: ,19,216,Repeat score:,1, Repeat contribution: ,-1,Dist:,21, Dist contribution: ,-105, New scanned ratio: ,0.00747498, New Scanned Cells Contribution: ,0,Area ratio: ,0.993894, Area ratio Contribution: ,0,Perim diff: ,1.02826, Perim diff Contribution: ,0,Frontier diff: ,-1, Frontier diff Contribution ,-0,Inverse Area ratio: ,0.858997, Inv Area Ratio Contribution: ,0,Inverse Perim ratio: ,1.05141, Inv Perim Contribution: ,0, Final Score: ,-106
Point: ,20,215,Repeat score:,1, Repeat contribution: ,-1,Dist:,20.0422, Dist contribution: ,-100.211, New scanned ratio: ,0.00673034, New Scanned Cells Contribution: ,0,Area ratio: ,0.993826, Area ratio Contribution: ,0,Perim diff: ,1.02898, Perim diff Contribution: ,0,Frontier diff: ,-1, Frontier diff Contribution ,-0,Inverse Area ratio: ,0.82238, Inv Area Ratio Contribution: ,0,Inverse Perim ratio: ,1.05733, Inv Perim Contribution: ,0, Final Score: ,-101.211
Point: ,20,210,Repeat score:,1, Repeat contribution: ,-1,Dist:,21.4672, Dist contribution: ,-107.336, New scanned ratio: ,0.00484012, New Scanned Cells Contribution: ,0,Area ratio: ,0.993907, Area ratio Contribution: ,0,Perim diff: ,1.0286, Perim diff Contribution: ,0,Frontier diff: ,-1, Frontier diff Contribution ,-0,Inverse Area ratio: ,0.80249, Inv Area Ratio Contribution: ,0,Inverse Perim ratio: ,1.05811, Inv Perim Contribution: ,0, Final Score: ,-108.336
Point: ,18,210,Repeat score:,1, Repeat contribution: ,-1,Dist:,23.3418, Dist contribution: ,-116.709, New scanned ratio: ,0.00532699, New Scanned Cells Contribution: ,0,Area ratio: ,0.993882, Area ratio Contribution: ,0,Perim diff: ,1.02769, Perim diff Contribution: ,0,Frontier diff: ,0, Frontier diff Contribution ,0,Inverse Area ratio: ,0.843157, Inv Area Ratio Contribution: ,0,Inverse Perim ratio: ,1.05056, Inv Perim Contribution: ,0, Final Score: ,-117.709
Point: ,17,211,Repeat score:,1, Repeat contribution: ,-1,Dist:,23.9008, Dist contribution: ,-119.504, New scanned ratio: ,0.00582819, New Scanned Cells Contribution: ,0,Area ratio: ,0.993863, Area ratio Contribution: ,0,Perim diff: ,1.02813, Perim diff Contribution: ,0,Frontier diff: ,0, Frontier diff Contribution ,0,Inverse Area ratio: ,0.858424, Inv Area Ratio Contribution: ,0,Inverse Perim ratio: ,1.04959, Inv Perim Contribution: ,0, Final Score: ,-120.504
Point: ,12,211,Repeat score:,1, Repeat contribution: ,-1,Dist:,28.7446, Dist contribution: ,-143.723, New scanned ratio: ,0.00612891, New Scanned Cells Contribution: ,0,Area ratio: ,0.993539, Area ratio Contribution: ,0,Perim diff: ,1.02949, Perim diff Contribution: ,0,Frontier diff: ,0, Frontier diff Contribution ,0,Inverse Area ratio: ,0.893038, Inv Area Ratio Contribution: ,0,Inverse Perim ratio: ,1.04777, Inv Perim Contribution: ,0, Final Score: ,-144.723
Point: ,11,212,Repeat score:,1, Repeat contribution: ,-1,Dist:,29.4625, Dist contribution: ,-147.313, New scanned ratio: ,0.00647258, New Scanned Cells Contribution: ,0,Area ratio: ,0.993449, Area ratio Contribution: ,0,Perim diff: ,1.02923, Perim diff Contribution: ,0,Frontier diff: ,0, Frontier diff Contribution ,0,Inverse Area ratio: ,0.898175, Inv Area Ratio Contribution: ,0,Inverse Perim ratio: ,1.04742, Inv Perim Contribution: ,0, Final Score: ,-148.313
Point: ,10,211,Repeat score:,1, Repeat contribution: ,-1,Dist:,30.6961, Dist contribution: ,-153.48, New scanned ratio: ,0.00611459, New Scanned Cells Contribution: ,0,Area ratio: ,0.993369, Area ratio Contribution: ,0,Perim diff: ,1.0305, Perim diff Contribution: ,0,Frontier diff: ,0, Frontier diff Contribution ,0,Inverse Area ratio: ,0.888904, Inv Area Ratio Contribution: ,0,Inverse Perim ratio: ,1.04906, Inv Perim Contribution: ,0, Final Score: ,-154.48
Point: ,5,211,Repeat score:,1, Repeat contribution: ,-1,Dist:,35.5985, Dist contribution: ,-177.992, New scanned ratio: ,0.00579955, New Scanned Cells Contribution: ,0,Area ratio: ,0.992738, Area ratio Contribution: ,0,Perim diff: ,1.03339, Perim diff Contribution: ,0,Frontier diff: ,0, Frontier diff Contribution ,0,Inverse Area ratio: ,0.872662, Inv Area Ratio Contribution: ,0,Inverse Perim ratio: ,1.05083, Inv Perim Contribution: ,0, Final Score: ,-178.992
BEST Point:,20,217, Score: ,-101.211
COUNT COMMAND: 1
Total frontiers: ,105, Prioritised frontiers: ,23
At: ,20,216,
Point: ,0,217,Repeat score:,1, Repeat contribution: ,-1,Dist:,20.0422, Dist contribution: ,-100.211, New scanned ratio: ,0.00137919, New Scanned Cells Contribution: ,0,Area ratio: ,0.992609, Area ratio Contribution: ,0,Perim diff: ,1.02923, Perim diff Contribution: ,0,Frontier diff: ,1, Frontier diff Contribution ,0,Inverse Area ratio: ,0.926694, Inv Area Ratio Contribution: ,0,Inverse Perim ratio: ,1.04531, Inv Perim Contribution: ,0, Final Score: ,-101.211
Point: ,54,236,Repeat score:,1, Repeat contribution: ,-1,Dist:,42.8019, Dist contribution: ,-214.009, New scanned ratio: ,0.00948373, New Scanned Cells Contribution: ,0,Area ratio: ,0.967479, Area ratio Contribution: ,0,Perim diff: ,1.04292, Perim diff Contribution: ,0,Frontier diff: ,0, Frontier diff Contribution ,0,Inverse Area ratio: ,0.797089, Inv Area Ratio Contribution: ,0,Inverse Perim ratio: ,1.08458, Inv Perim Contribution: ,0, Final Score: ,-215.009
Point: ,51,234,Repeat score:,1, Repeat contribution: ,-1,Dist:,38.8402, Dist contribution: ,-194.201, New scanned ratio: ,0.00834625, New Scanned Cells Contribution: ,0,Area ratio: ,0.970057, Area ratio Contribution: ,0,Perim diff: ,1.04273, Perim diff Contribution: ,0,Frontier diff: ,0, Frontier diff Contribution ,0,Inverse Area ratio: ,0.800497, Inv Area Ratio Contribution: ,0,Inverse Perim ratio: ,1.08317, Inv Perim Contribution: ,0, Final Score: ,-195.201
Point: ,49,234,Repeat score:,1, Repeat contribution: ,-1,Dist:,37.2634, Dist contribution: ,-186.317, New scanned ratio: ,0.00834625, New Scanned Cells Contribution: ,0,Area ratio: ,0.969977, Area ratio Contribution: ,0,Perim diff: ,1.04246, Perim diff Contribution: ,0,Frontier diff: ,0, Frontier diff Contribution ,0,Inverse Area ratio: ,0.800497, Inv Area Ratio Contribution: ,0,Inverse Perim ratio: ,1.08317, Inv Perim Contribution: ,0, Final Score: ,-187.317
Point: ,46,236,Repeat score:,1, Repeat contribution: ,-1,Dist:,36.7696, Dist contribution: ,-183.848, New scanned ratio: ,0.00948373, New Scanned Cells Contribution: ,0,Area ratio: ,0.967147, Area ratio Contribution: ,0,Perim diff: ,1.04173, Perim diff Contribution: ,0,Frontier diff: ,0, Frontier diff Contribution ,0,Inverse Area ratio: ,0.797132, Inv Area Ratio Contribution: ,0,Inverse Perim ratio: ,1.08472, Inv Perim Contribution: ,0, Final Score: ,-184.848
Point: ,41,236,Repeat score:,1, Repeat contribution: ,-1,Dist:,33.4215, Dist contribution: ,-167.108, New scanned ratio: ,0.00948373, New Scanned Cells Contribution: ,0,Area ratio: ,0.966961, Area ratio Contribution: ,0,Perim diff: ,1.0392, Perim diff Contribution: ,0,Frontier diff: ,0, Frontier diff Contribution ,0,Inverse Area ratio: ,0.797132, Inv Area Ratio Contribution: ,0,Inverse Perim ratio: ,1.08282, Inv Perim Contribution: ,0, Final Score: ,-168.108
Point: ,40,237,Repeat score:,1, Repeat contribution: ,-1,Dist:,33.8421, Dist contribution: ,-169.211, New scanned ratio: ,0.0100525, New Scanned Cells Contribution: ,0,Area ratio: ,0.965523, Area ratio Contribution: ,0,Perim diff: ,1.03981, Perim diff Contribution: ,0,Frontier diff: ,0, Frontier diff Contribution ,0,Inverse Area ratio: ,0.795396, Inv Area Ratio Contribution: ,0,Inverse Perim ratio: ,1.08519, Inv Perim Contribution: ,0, Final Score: ,-170.211
Point: ,39,236,Repeat score:,1, Repeat contribution: ,-1,Dist:,32.2025, Dist contribution: ,-161.012, New scanned ratio: ,0.00948373, New Scanned Cells Contribution: ,0,Area ratio: ,0.966829, Area ratio Contribution: ,0,Perim diff: ,1.03864, Perim diff Contribution: ,0,Frontier diff: ,0, Frontier diff Contribution ,0,Inverse Area ratio: ,0.797132, Inv Area Ratio Contribution: ,0,Inverse Perim ratio: ,1.08282, Inv Perim Contribution: ,0, Final Score: ,-162.012
Point: ,34,236,Repeat score:,1, Repeat contribution: ,-1,Dist:,29.5296, Dist contribution: ,-147.648, New scanned ratio: ,0.00948373, New Scanned Cells Contribution: ,0,Area ratio: ,0.966351, Area ratio Contribution: ,0,Perim diff: ,1.03824, Perim diff Contribution: ,0,Frontier diff: ,0, Frontier diff Contribution ,0,Inverse Area ratio: ,0.797175, Inv Area Ratio Contribution: ,0,Inverse Perim ratio: ,1.08478, Inv Perim Contribution: ,0, Final Score: ,-148.648
Point: ,31,234,Repeat score:,1, Repeat contribution: ,-1,Dist:,25.8565, Dist contribution: ,-129.283, New scanned ratio: ,0.00834625, New Scanned Cells Contribution: ,0,Area ratio: ,0.968841, Area ratio Contribution: ,0,Perim diff: ,1.03782, Perim diff Contribution: ,0,Frontier diff: ,0, Frontier diff Contribution ,0,Inverse Area ratio: ,0.800669, Inv Area Ratio Contribution: ,0,Inverse Perim ratio: ,1.0834, Inv Perim Contribution: ,0, Final Score: ,-130.283
Point: ,29,234,Repeat score:,1, Repeat contribution: ,-1,Dist:,25.0711, Dist contribution: ,-125.355, New scanned ratio: ,0.00834625, New Scanned Cells Contribution: ,0,Area ratio: ,0.968668, Area ratio Contribution: ,0,Perim diff: ,1.03923, Perim diff Contribution: ,0,Frontier diff: ,0, Frontier diff Contribution ,0,Inverse Area ratio: ,0.800519, Inv Area Ratio Contribution: ,0,Inverse Perim ratio: ,1.08697, Inv Perim Contribution: ,0, Final Score: ,-126.355
Point: ,26,236,Repeat score:,1, Repeat contribution: ,-1,Dist:,26.6833, Dist contribution: ,-133.417, New scanned ratio: ,0.00956904, New Scanned Cells Contribution: ,0,Area ratio: ,0.965313, Area ratio Contribution: ,0,Perim diff: ,1.03963, Perim diff Contribution: ,0,Frontier diff: ,0, Frontier diff Contribution ,0,Inverse Area ratio: ,0.79681, Inv Area Ratio Contribution: ,0,Inverse Perim ratio: ,1.09264, Inv Perim Contribution: ,0, Final Score: ,-134.417
Point: ,21,236,Repeat score:,1, Repeat contribution: ,-1,Dist:,26.0192, Dist contribution: ,-130.096, New scanned ratio: ,0.010024, New Scanned Cells Contribution: ,0,Area ratio: ,0.964666, Area ratio Contribution: ,0,Perim diff: ,1.03943, Perim diff Contribution: ,0,Frontier diff: ,0, Frontier diff Contribution ,0,Inverse Area ratio: ,0.795374, Inv Area Ratio Contribution: ,0,Inverse Perim ratio: ,1.09789, Inv Perim Contribution: ,0, Final Score: ,-131.096
Point: ,20,237,Repeat score:,1, Repeat contribution: ,-1,Dist:,27.3, Dist contribution: ,-136.5, New scanned ratio: ,0.0106923, New Scanned Cells Contribution: ,0,Area ratio: ,0.963062, Area ratio Contribution: ,0,Perim diff: ,1.03982, Perim diff Contribution: ,0,Frontier diff: ,-1, Frontier diff Contribution ,-0,Inverse Area ratio: ,0.902861, Inv Area Ratio Contribution: ,0,Inverse Perim ratio: ,1.07032, Inv Perim Contribution: ,0, Final Score: ,-137.5
Point: ,19,236,Repeat score:,1, Repeat contribution: ,-1,Dist:,26.0192, Dist contribution: ,-130.096, New scanned ratio: ,0.0102942, New Scanned Cells Contribution: ,0,Area ratio: ,0.964582, Area ratio Contribution: ,0,Perim diff: ,1.03849, Perim diff Contribution: ,0,Frontier diff: ,-1, Frontier diff Contribution ,-0,Inverse Area ratio: ,0.910848, Inv Area Ratio Contribution: ,0,Inverse Perim ratio: ,1.06243, Inv Perim Contribution: ,0, Final Score: ,-131.096
Point: ,14,236,Repeat score:,1, Repeat contribution: ,-1,Dist:,26.6833, Dist contribution: ,-133.417, New scanned ratio: ,0.00972544, New Scanned Cells Contribution: ,0,Area ratio: ,0.964086, Area ratio Contribution: ,0,Perim diff: ,1.03841, Perim diff Contribution: ,0,Frontier diff: ,-1, Frontier diff Contribution ,-0,Inverse Area ratio: ,0.919633, Inv Area Ratio Contribution: ,0,Inverse Perim ratio: ,1.05574, Inv Perim Contribution: ,0, Final Score: ,-134.417
Point: ,8,233,Repeat score:,1, Repeat contribution: ,-1,Dist:,25.1478, Dist contribution: ,-125.739, New scanned ratio: ,0.00703815, New Scanned Cells Contribution: ,0,Area ratio: ,0.967789, Area ratio Contribution: ,0,Perim diff: ,1.03753, Perim diff Contribution: ,0,Frontier diff: ,0, Frontier diff Contribution ,0,Inverse Area ratio: ,0.921401, Inv Area Ratio Contribution: ,0,Inverse Perim ratio: ,1.05153, Inv Perim Contribution: ,0, Final Score: ,-126.739
Point: ,3,228,Repeat score:,1, Repeat contribution: ,-1,Dist:,23.0729, Dist contribution: ,-115.365, New scanned ratio: ,0.00432242, New Scanned Cells Contribution: ,0,Area ratio: ,0.975271, Area ratio Contribution: ,0,Perim diff: ,1.03252, Perim diff Contribution: ,0,Frontier diff: ,0, Frontier diff Contribution ,0,Inverse Area ratio: ,0.92772, Inv Area Ratio Contribution: ,0,Inverse Perim ratio: ,1.04702, Inv Perim Contribution: ,0, Final Score: ,-116.365
Point: ,0,222,Repeat score:,1, Repeat contribution: ,-1,Dist:,21.4672, Dist contribution: ,-107.336, New scanned ratio: ,0.00234605, New Scanned Cells Contribution: ,0,Area ratio: ,0.985166, Area ratio Contribution: ,0,Perim diff: ,1.02948, Perim diff Contribution: ,0,Frontier diff: ,1, Frontier diff Contribution ,0,Inverse Area ratio: ,0.930421, Inv Area Ratio Contribution: ,0,Inverse Perim ratio: ,1.04497, Inv Perim Contribution: ,0, Final Score: ,-108.336
Point: ,0,208,Repeat score:,1, Repeat contribution: ,-1,Dist:,22.5424, Dist contribution: ,-112.712, New scanned ratio: ,0.000426554, New Scanned Cells Contribution: ,0,Area ratio: ,0.993803, Area ratio Contribution: ,0,Perim diff: ,1.02906, Perim diff Contribution: ,0,Frontier diff: ,1, Frontier diff Contribution ,0,Inverse Area ratio: ,0.888599, Inv Area Ratio Contribution: ,0,Inverse Perim ratio: ,1.04736, Inv Perim Contribution: ,0, Final Score: ,-113.712
Point: ,0,215,Repeat score:,1, Repeat contribution: ,-1,Dist:,20.0422, Dist contribution: ,-100.211, New scanned ratio: ,0.0010806, New Scanned Cells Contribution: ,0,Area ratio: ,0.993594, Area ratio Contribution: ,0,Perim diff: ,1.02926, Perim diff Contribution: ,0,Frontier diff: ,1, Frontier diff Contribution ,0,Inverse Area ratio: ,0.920111, Inv Area Ratio Contribution: ,0,Inverse Perim ratio: ,1.0455, Inv Perim Contribution: ,0, Final Score: ,-101.211
Point: ,0,210,Repeat score:,1, Repeat contribution: ,-1,Dist:,21.4672, Dist contribution: ,-107.336, New scanned ratio: ,0.000554521, New Scanned Cells Contribution: ,0,Area ratio: ,0.993719, Area ratio Contribution: ,0,Perim diff: ,1.02898, Perim diff Contribution: ,0,Frontier diff: ,1, Frontier diff Contribution ,0,Inverse Area ratio: ,0.90061, Inv Area Ratio Contribution: ,0,Inverse Perim ratio: ,1.04634, Inv Perim Contribution: ,0, Final Score: ,-108.336
Point: ,1,209,Repeat score:,1, Repeat contribution: ,-1,Dist:,21.0668, Dist contribution: ,-105.334, New scanned ratio: ,0.000483428, New Scanned Cells Contribution: ,0,Area ratio: ,0.99381, Area ratio Contribution: ,0,Perim diff: ,1.02898, Perim diff Contribution: ,0,Frontier diff: ,1, Frontier diff Contribution ,0,Inverse Area ratio: ,0.894459, Inv Area Ratio Contribution: ,0,Inverse Perim ratio: ,1.04793, Inv Perim Contribution: ,0, Final Score: ,-106.334
BEST Point:,0,217, Score: ,-101.211
COUNT COMMAND: 1
Total frontiers: ,106, Prioritised frontiers: ,13
At: ,0,216,
Point: ,34,236,Repeat score:,1, Repeat contribution: ,-1,Dist:,42.8019, Dist contribution: ,-214.009, New scanned ratio: ,0.00947214, New Scanned Cells Contribution: ,0,Area ratio: ,0.965541, Area ratio Contribution: ,0,Perim diff: ,1.04186, Perim diff Contribution: ,0,Frontier diff: ,0, Frontier diff Contribution ,0,Inverse Area ratio: ,0.89358, Inv Area Ratio Contribution: ,0,Inverse Perim ratio: ,1.07365, Inv Perim Contribution: ,0, Final Score: ,-215.009
Point: ,31,234,Repeat score:,1, Repeat contribution: ,-1,Dist:,38.8402, Dist contribution: ,-194.201, New scanned ratio: ,0.00833606, New Scanned Cells Contribution: ,0,Area ratio: ,0.968289, Area ratio Contribution: ,0,Perim diff: ,1.04165, Perim diff Contribution: ,0,Frontier diff: ,0, Frontier diff Contribution ,0,Inverse Area ratio: ,0.897437, Inv Area Ratio Contribution: ,0,Inverse Perim ratio: ,1.07212, Inv Perim Contribution: ,0, Final Score: ,-195.201
Point: ,29,234,Repeat score:,1, Repeat contribution: ,-1,Dist:,37.2634, Dist contribution: ,-186.317, New scanned ratio: ,0.00833606, New Scanned Cells Contribution: ,0,Area ratio: ,0.968262, Area ratio Contribution: ,0,Perim diff: ,1.04125, Perim diff Contribution: ,0,Frontier diff: ,0, Frontier diff Contribution ,0,Inverse Area ratio: ,0.903381, Inv Area Ratio Contribution: ,0,Inverse Perim ratio: ,1.07237, Inv Perim Contribution: ,0, Final Score: ,-187.317
Point: ,26,236,Repeat score:,1, Repeat contribution: ,-1,Dist:,36.7696, Dist contribution: ,-183.848, New scanned ratio: ,0.00947214, New Scanned Cells Contribution: ,0,Area ratio: ,0.965368, Area ratio Contribution: ,0,Perim diff: ,1.03997, Perim diff Contribution: ,0,Frontier diff: ,0, Frontier diff Contribution ,0,Inverse Area ratio: ,0.903209, Inv Area Ratio Contribution: ,0,Inverse Perim ratio: ,1.07407, Inv Perim Contribution: ,0, Final Score: ,-184.848
Point: ,21,236,Repeat score:,1, Repeat contribution: ,-1,Dist:,33.4215, Dist contribution: ,-167.108, New scanned ratio: ,0.00947214, New Scanned Cells Contribution: ,0,Area ratio: ,0.965151, Area ratio Contribution: ,0,Perim diff: ,1.03633, Perim diff Contribution: ,0,Frontier diff: ,0, Frontier diff Contribution ,0,Inverse Area ratio: ,0.904198, Inv Area Ratio Contribution: ,0,Inverse Perim ratio: ,1.07286, Inv Perim Contribution: ,0, Final Score: ,-168.108
Point: ,20,237,Repeat score:,1, Repeat contribution: ,-1,Dist:,33.8421, Dist contribution: ,-169.211, New scanned ratio: ,0.0100402, New Scanned Cells Contribution: ,0,Area ratio: ,0.963621, Area ratio Contribution: ,0,Perim diff: ,1.03638, Perim diff Contribution: ,0,Frontier diff: ,0, Frontier diff Contribution ,0,Inverse Area ratio: ,0.903351, Inv Area Ratio Contribution: ,0,Inverse Perim ratio: ,1.07397, Inv Perim Contribution: ,0, Final Score: ,-170.211
Point: ,19,236,Repeat score:,1, Repeat contribution: ,-1,Dist:,32.2025, Dist contribution: ,-161.012, New scanned ratio: ,0.00945794, New Scanned Cells Contribution: ,0,Area ratio: ,0.964965, Area ratio Contribution: ,0,Perim diff: ,1.03523, Perim diff Contribution: ,0,Frontier diff: ,0, Frontier diff Contribution ,0,Inverse Area ratio: ,0.911148, Inv Area Ratio Contribution: ,0,Inverse Perim ratio: ,1.06484, Inv Perim Contribution: ,0, Final Score: ,-162.012
Point: ,14,236,Repeat score:,1, Repeat contribution: ,-1,Dist:,29.5296, Dist contribution: ,-147.648, New scanned ratio: ,0.00869108, New Scanned Cells Contribution: ,0,Area ratio: ,0.964278, Area ratio Contribution: ,0,Perim diff: ,1.03611, Perim diff Contribution: ,0,Frontier diff: ,0, Frontier diff Contribution ,0,Inverse Area ratio: ,0.919743, Inv Area Ratio Contribution: ,0,Inverse Perim ratio: ,1.05702, Inv Perim Contribution: ,0, Final Score: ,-148.648
Point: ,11,234,Repeat score:,1, Repeat contribution: ,-1,Dist:,25.8565, Dist contribution: ,-129.283, New scanned ratio: ,0.00707216, New Scanned Cells Contribution: ,0,Area ratio: ,0.966817, Area ratio Contribution: ,0,Perim diff: ,1.03629, Perim diff Contribution: ,0,Frontier diff: ,0, Frontier diff Contribution ,0,Inverse Area ratio: ,0.922785, Inv Area Ratio Contribution: ,0,Inverse Perim ratio: ,1.05503, Inv Perim Contribution: ,0, Final Score: ,-130.283
Point: ,9,234,Repeat score:,1, Repeat contribution: ,-1,Dist:,25.0711, Dist contribution: ,-125.355, New scanned ratio: ,0.00657512, New Scanned Cells Contribution: ,0,Area ratio: ,0.966523, Area ratio Contribution: ,0,Perim diff: ,1.03671, Perim diff Contribution: ,0,Frontier diff: ,0, Frontier diff Contribution ,0,Inverse Area ratio: ,0.919792, Inv Area Ratio Contribution: ,0,Inverse Perim ratio: ,1.0539, Inv Perim Contribution: ,0, Final Score: ,-126.355
Point: ,6,236,Repeat score:,1, Repeat contribution: ,-1,Dist:,26.6833, Dist contribution: ,-133.417, New scanned ratio: ,0.00657512, New Scanned Cells Contribution: ,0,Area ratio: ,0.963001, Area ratio Contribution: ,0,Perim diff: ,1.03751, Perim diff Contribution: ,0,Frontier diff: ,0, Frontier diff Contribution ,0,Inverse Area ratio: ,0.921637, Inv Area Ratio Contribution: ,0,Inverse Perim ratio: ,1.05143, Inv Perim Contribution: ,0, Final Score: ,-134.417
Point: ,1,236,Repeat score:,1, Repeat contribution: ,-1,Dist:,26.0192, Dist contribution: ,-130.096, New scanned ratio: ,0.00515501, New Scanned Cells Contribution: ,0,Area ratio: ,0.962337, Area ratio Contribution: ,0,Perim diff: ,1.03683, Perim diff Contribution: ,0,Frontier diff: ,0, Frontier diff Contribution ,0,Inverse Area ratio: ,0.924686, Inv Area Ratio Contribution: ,0,Inverse Perim ratio: ,1.04997, Inv Perim Contribution: ,0, Final Score: ,-131.096
Point: ,0,237,Repeat score:,1, Repeat contribution: ,-1,Dist:,27.3, Dist contribution: ,-136.5, New scanned ratio: ,0.00516921, New Scanned Cells Contribution: ,0,Area ratio: ,0.960626, Area ratio Contribution: ,0,Perim diff: ,1.03742, Perim diff Contribution: ,0,Frontier diff: ,0, Frontier diff Contribution ,0,Inverse Area ratio: ,0.92514, Inv Area Ratio Contribution: ,0,Inverse Perim ratio: ,1.04828, Inv Perim Contribution: ,0, Final Score: ,-137.5
BEST Point:,9,234, Score: ,-126.355
COUNT COMMAND: 1
Total frontiers: ,106, Prioritised frontiers: ,17
At: ,8,233,
Point: ,46,236,Repeat score:,1, Repeat contribution: ,-1,Dist:,38.1996, Dist contribution: ,-190.998, New scanned ratio: ,0.00933168, New Scanned Cells Contribution: ,0,Area ratio: ,0.966764, Area ratio Contribution: ,0,Perim diff: ,1.04496, Perim diff Contribution: ,0,Frontier diff: ,0, Frontier diff Contribution ,0,Inverse Area ratio: ,0.907832, Inv Area Ratio Contribution: ,0,Inverse Perim ratio: ,1.06982, Inv Perim Contribution: ,0, Final Score: ,-191.998
Point: ,41,236,Repeat score:,1, Repeat contribution: ,-1,Dist:,33.2297, Dist contribution: ,-166.148, New scanned ratio: ,0.00876698, New Scanned Cells Contribution: ,0,Area ratio: ,0.966878, Area ratio Contribution: ,0,Perim diff: ,1.03915, Perim diff Contribution: ,0,Frontier diff: ,0, Frontier diff Contribution ,0,Inverse Area ratio: ,0.915072, Inv Area Ratio Contribution: ,0,Inverse Perim ratio: ,1.06172, Inv Perim Contribution: ,0, Final Score: ,-167.148
Point: ,40,237,Repeat score:,1, Repeat contribution: ,-1,Dist:,32.4197, Dist contribution: ,-162.099, New scanned ratio: ,0.00914815, New Scanned Cells Contribution: ,0,Area ratio: ,0.965568, Area ratio Contribution: ,0,Perim diff: ,1.03907, Perim diff Contribution: ,0,Frontier diff: ,0, Frontier diff Contribution ,0,Inverse Area ratio: ,0.9136, Inv Area Ratio Contribution: ,0,Inverse Perim ratio: ,1.06195, Inv Perim Contribution: ,0, Final Score: ,-163.099
Point: ,39,236,Repeat score:,1, Repeat contribution: ,-1,Dist:,31.2444, Dist contribution: ,-156.222, New scanned ratio: ,0.00847051, New Scanned Cells Contribution: ,0,Area ratio: ,0.966843, Area ratio Contribution: ,0,Perim diff: ,1.03779, Perim diff Contribution: ,0,Frontier diff: ,0, Frontier diff Contribution ,0,Inverse Area ratio: ,0.916041, Inv Area Ratio Contribution: ,0,Inverse Perim ratio: ,1.05951, Inv Perim Contribution: ,0, Final Score: ,-157.222
Point: ,34,236,Repeat score:,1, Repeat contribution: ,-1,Dist:,26.2909, Dist contribution: ,-131.454, New scanned ratio: ,0.00753875, New Scanned Cells Contribution: ,0,Area ratio: ,0.966548, Area ratio Contribution: ,0,Perim diff: ,1.03734, Perim diff Contribution: ,0,Frontier diff: ,0, Frontier diff Contribution ,0,Inverse Area ratio: ,0.916922, Inv Area Ratio Contribution: ,0,Inverse Perim ratio: ,1.05862, Inv Perim Contribution: ,0, Final Score: ,-132.454
Point: ,31,234,Repeat score:,1, Repeat contribution: ,-1,Dist:,23.0367, Dist contribution: ,-115.184, New scanned ratio: ,0.00594347, New Scanned Cells Contribution: ,0,Area ratio: ,0.968959, Area ratio Contribution: ,0,Perim diff: ,1.03641, Perim diff Contribution: ,0,Frontier diff: ,0, Frontier diff Contribution ,0,Inverse Area ratio: ,0.919417, Inv Area Ratio Contribution: ,0,Inverse Perim ratio: ,1.05622, Inv Perim Contribution: ,0, Final Score: ,-116.184
Point: ,29,234,Repeat score:,1, Repeat contribution: ,-1,Dist:,21.0402, Dist contribution: ,-105.201, New scanned ratio: ,0.00546348, New Scanned Cells Contribution: ,0,Area ratio: ,0.968773, Area ratio Contribution: ,0,Perim diff: ,1.03673, Perim diff Contribution: ,0,Frontier diff: ,0, Frontier diff Contribution ,0,Inverse Area ratio: ,0.915111, Inv Area Ratio Contribution: ,0,Inverse Perim ratio: ,1.05619, Inv Perim Contribution: ,0, Final Score: ,-106.201
Point: ,28,235,Repeat score:,1, Repeat contribution: ,-1,Dist:,20.1683, Dist contribution: ,-100.841, New scanned ratio: ,0.00567524, New Scanned Cells Contribution: ,0,Area ratio: ,0.967267, Area ratio Contribution: ,0,Perim diff: ,1.03737, Perim diff Contribution: ,0,Frontier diff: ,0, Frontier diff Contribution ,0,Inverse Area ratio: ,0.913851, Inv Area Ratio Contribution: ,0,Inverse Perim ratio: ,1.05735, Inv Perim Contribution: ,0, Final Score: ,-101.841
Point: ,28,239,Repeat score:,1, Repeat contribution: ,-1,Dist:,21.4672, Dist contribution: ,-107.336, New scanned ratio: ,0.00753875, New Scanned Cells Contribution: ,0,Area ratio: ,0.961698, Area ratio Contribution: ,0,Perim diff: ,1.04161, Perim diff Contribution: ,0,Frontier diff: ,0, Frontier diff Contribution ,0,Inverse Area ratio: ,0.907095, Inv Area Ratio Contribution: ,0,Inverse Perim ratio: ,1.06525, Inv Perim Contribution: ,0, Final Score: ,-108.336
Point: ,25,245,Repeat score:,1, Repeat contribution: ,-1,Dist:,23.0729, Dist contribution: ,-115.365, New scanned ratio: ,0.00982579, New Scanned Cells Contribution: ,0,Area ratio: ,0.952961, Area ratio Contribution: ,0,Perim diff: ,1.0477, Perim diff Contribution: ,0,Frontier diff: ,0, Frontier diff Contribution ,0,Inverse Area ratio: ,0.89855, Inv Area Ratio Contribution: ,0,Inverse Perim ratio: ,1.07946, Inv Perim Contribution: ,0, Final Score: ,-116.365
Point: ,20,250,Repeat score:,1, Repeat contribution: ,-1,Dist:,25.1478, Dist contribution: ,-125.739, New scanned ratio: ,0.0111528, New Scanned Cells Contribution: ,0,Area ratio: ,0.945086, Area ratio Contribution: ,0,Perim diff: ,1.05474, Perim diff Contribution: ,0,Frontier diff: ,0, Frontier diff Contribution ,0,Inverse Area ratio: ,0.890299, Inv Area Ratio Contribution: ,0,Inverse Perim ratio: ,1.09926, Inv Perim Contribution: ,0, Final Score: ,-126.739
Point: ,14,253,Repeat score:,1, Repeat contribution: ,-1,Dist:,26.6833, Dist contribution: ,-133.417, New scanned ratio: ,0.0102352, New Scanned Cells Contribution: ,0,Area ratio: ,0.939157, Area ratio Contribution: ,0,Perim diff: ,1.05961, Perim diff Contribution: ,0,Frontier diff: ,0, Frontier diff Contribution ,0,Inverse Area ratio: ,0.895654, Inv Area Ratio Contribution: ,0,Inverse Perim ratio: ,1.07953, Inv Perim Contribution: ,0, Final Score: ,-134.417
Point: ,9,253,Repeat score:,1, Repeat contribution: ,-1,Dist:,26.0192, Dist contribution: ,-130.096, New scanned ratio: ,0.00817404, New Scanned Cells Contribution: ,0,Area ratio: ,0.938174, Area ratio Contribution: ,0,Perim diff: ,1.05452, Perim diff Contribution: ,0,Frontier diff: ,0, Frontier diff Contribution ,0,Inverse Area ratio: ,0.905125, Inv Area Ratio Contribution: ,0,Inverse Perim ratio: ,1.06739, Inv Perim Contribution: ,0, Final Score: ,-131.096
Point: ,8,254,Repeat score:,1, Repeat contribution: ,-1,Dist:,27.3, Dist contribution: ,-136.5, New scanned ratio: ,0.00814581, New Scanned Cells Contribution: ,0,Area ratio: ,0.936559, Area ratio Contribution: ,0,Perim diff: ,1.05411, Perim diff Contribution: ,0,Frontier diff: ,0, Frontier diff Contribution ,0,Inverse Area ratio: ,0.90651, Inv Area Ratio Contribution: ,0,Inverse Perim ratio: ,1.06437, Inv Perim Contribution: ,0, Final Score: ,-137.5
Point: ,7,253,Repeat score:,1, Repeat contribution: ,-1,Dist:,26.0192, Dist contribution: ,-130.096, New scanned ratio: ,0.00738346, New Scanned Cells Contribution: ,0,Area ratio: ,0.937867, Area ratio Contribution: ,0,Perim diff: ,1.05268, Perim diff Contribution: ,0,Frontier diff: ,0, Frontier diff Contribution ,0,Inverse Area ratio: ,0.908614, Inv Area Ratio Contribution: ,0,Inverse Perim ratio: ,1.06325, Inv Perim Contribution: ,0, Final Score: ,-131.096
Point: ,2,253,Repeat score:,1, Repeat contribution: ,-1,Dist:,26.6833, Dist contribution: ,-133.417, New scanned ratio: ,0.00553407, New Scanned Cells Contribution: ,0,Area ratio: ,0.937352, Area ratio Contribution: ,0,Perim diff: ,1.04832, Perim diff Contribution: ,0,Frontier diff: ,0, Frontier diff Contribution ,0,Inverse Area ratio: ,0.915815, Inv Area Ratio Contribution: ,0,Inverse Perim ratio: ,1.05508, Inv Perim Contribution: ,0, Final Score: ,-134.417
Point: ,0,252,Repeat score:,1, Repeat contribution: ,-1,Dist:,25.9632, Dist contribution: ,-129.816, New scanned ratio: ,0.00458819, New Scanned Cells Contribution: ,0,Area ratio: ,0.938699, Area ratio Contribution: ,0,Perim diff: ,1.04634, Perim diff Contribution: ,0,Frontier diff: ,0, Frontier diff Contribution ,0,Inverse Area ratio: ,0.919223, Inv Area Ratio Contribution: ,0,Inverse Perim ratio: ,1.05147, Inv Perim Contribution: ,0, Final Score: ,-130.816
BEST Point:,28,235, Score: ,-101.841
COUNT COMMAND: 1
Total frontiers: ,106, Prioritised frontiers: ,24
At: ,27,234,
Point: ,66,236,Repeat score:,1, Repeat contribution: ,-1,Dist:,39.0866, Dist contribution: ,-195.433, New scanned ratio: ,0.00935551, New Scanned Cells Contribution: ,0,Area ratio: ,0.96916, Area ratio Contribution: ,0,Perim diff: ,1.04656, Perim diff Contribution: ,0,Frontier diff: ,0, Frontier diff Contribution ,0,Inverse Area ratio: ,0.903705, Inv Area Ratio Contribution: ,0,Inverse Perim ratio: ,1.07357, Inv Perim Contribution: ,0, Final Score: ,-196.433
Point: ,61,236,Repeat score:,1, Repeat contribution: ,-1,Dist:,34.0993, Dist contribution: ,-170.496, New scanned ratio: ,0.00883576, New Scanned Cells Contribution: ,0,Area ratio: ,0.969303, Area ratio Contribution: ,0,Perim diff: ,1.03932, Perim diff Contribution: ,0,Frontier diff: ,0, Frontier diff Contribution ,0,Inverse Area ratio: ,0.909205, Inv Area Ratio Contribution: ,0,Inverse Perim ratio: ,1.06275, Inv Perim Contribution: ,0, Final Score: ,-171.496
Point: ,60,237,Repeat score:,1, Repeat contribution: ,-1,Dist:,33.2297, Dist contribution: ,-166.148, New scanned ratio: ,0.00921504, New Scanned Cells Contribution: ,0,Area ratio: ,0.967998, Area ratio Contribution: ,0,Perim diff: ,1.03949, Perim diff Contribution: ,0,Frontier diff: ,0, Frontier diff Contribution ,0,Inverse Area ratio: ,0.907826, Inv Area Ratio Contribution: ,0,Inverse Perim ratio: ,1.06332, Inv Perim Contribution: ,0, Final Score: ,-167.148
Point: ,59,236,Repeat score:,1, Repeat contribution: ,-1,Dist:,32.1055, Dist contribution: ,-160.527, New scanned ratio: ,0.00854077, New Scanned Cells Contribution: ,0,Area ratio: ,0.969268, Area ratio Contribution: ,0,Perim diff: ,1.03797, Perim diff Contribution: ,0,Frontier diff: ,0, Frontier diff Contribution ,0,Inverse Area ratio: ,0.910328, Inv Area Ratio Contribution: ,0,Inverse Perim ratio: ,1.06054, Inv Perim Contribution: ,0, Final Score: ,-161.527
Point: ,54,236,Repeat score:,1, Repeat contribution: ,-1,Dist:,27.1249, Dist contribution: ,-135.624, New scanned ratio: ,0.00761364, New Scanned Cells Contribution: ,0,Area ratio: ,0.968976, Area ratio Contribution: ,0,Perim diff: ,1.03676, Perim diff Contribution: ,0,Frontier diff: ,0, Frontier diff Contribution ,0,Inverse Area ratio: ,0.912025, Inv Area Ratio Contribution: ,0,Inverse Perim ratio: ,1.05862, Inv Perim Contribution: ,0, Final Score: ,-136.624
Point: ,51,234,Repeat score:,1, Repeat contribution: ,-1,Dist:,24, Dist contribution: ,-120, New scanned ratio: ,0.00601225, New Scanned Cells Contribution: ,0,Area ratio: ,0.971217, Area ratio Contribution: ,0,Perim diff: ,1.03637, Perim diff Contribution: ,0,Frontier diff: ,0, Frontier diff Contribution ,0,Inverse Area ratio: ,0.914161, Inv Area Ratio Contribution: ,0,Inverse Perim ratio: ,1.05734, Inv Perim Contribution: ,0, Final Score: ,-121
Point: ,49,234,Repeat score:,1, Repeat contribution: ,-1,Dist:,22, Dist contribution: ,-110, New scanned ratio: ,0.00553464, New Scanned Cells Contribution: ,0,Area ratio: ,0.971032, Area ratio Contribution: ,0,Perim diff: ,1.03681, Perim diff Contribution: ,0,Frontier diff: ,0, Frontier diff Contribution ,0,Inverse Area ratio: ,0.909421, Inv Area Ratio Contribution: ,0,Inverse Perim ratio: ,1.05767, Inv Perim Contribution: ,0, Final Score: ,-111
Point: ,47,235,Repeat score:,1, Repeat contribution: ,-1,Dist:,20.0422, Dist contribution: ,-100.211, New scanned ratio: ,0.0054925, New Scanned Cells Contribution: ,0,Area ratio: ,0.969566, Area ratio Contribution: ,0,Perim diff: ,1.03701, Perim diff Contribution: ,0,Frontier diff: ,0, Frontier diff Contribution ,0,Inverse Area ratio: ,0.909004, Inv Area Ratio Contribution: ,0,Inverse Perim ratio: ,1.05807, Inv Perim Contribution: ,0, Final Score: ,-101.211
Point: ,47,240,Repeat score:,1, Repeat contribution: ,-1,Dist:,21.4672, Dist contribution: ,-107.336, New scanned ratio: ,0.00778221, New Scanned Cells Contribution: ,0,Area ratio: ,0.962802, Area ratio Contribution: ,0,Perim diff: ,1.0422, Perim diff Contribution: ,0,Frontier diff: ,0, Frontier diff Contribution ,0,Inverse Area ratio: ,0.900594, Inv Area Ratio Contribution: ,0,Inverse Perim ratio: ,1.06742, Inv Perim Contribution: ,0, Final Score: ,-108.336
Point: ,44,246,Repeat score:,1, Repeat contribution: ,-1,Dist:,23.0729, Dist contribution: ,-115.365, New scanned ratio: ,0.0100017, New Scanned Cells Contribution: ,0,Area ratio: ,0.954227, Area ratio Contribution: ,0,Perim diff: ,1.0496, Perim diff Contribution: ,0,Frontier diff: ,0, Frontier diff Contribution ,0,Inverse Area ratio: ,0.892285, Inv Area Ratio Contribution: ,0,Inverse Perim ratio: ,1.08172, Inv Perim Contribution: ,0, Final Score: ,-116.365
Point: ,39,251,Repeat score:,1, Repeat contribution: ,-1,Dist:,25.1478, Dist contribution: ,-125.739, New scanned ratio: ,0.0111395, New Scanned Cells Contribution: ,0,Area ratio: ,0.946686, Area ratio Contribution: ,0,Perim diff: ,1.06389, Perim diff Contribution: ,0,Frontier diff: ,0, Frontier diff Contribution ,0,Inverse Area ratio: ,0.876283, Inv Area Ratio Contribution: ,0,Inverse Perim ratio: ,1.11324, Inv Perim Contribution: ,0, Final Score: ,-126.739
Point: ,33,254,Repeat score:,1, Repeat contribution: ,-1,Dist:,26.6833, Dist contribution: ,-133.417, New scanned ratio: ,0.0110833, New Scanned Cells Contribution: ,0,Area ratio: ,0.941588, Area ratio Contribution: ,0,Perim diff: ,1.06536, Perim diff Contribution: ,0,Frontier diff: ,0, Frontier diff Contribution ,0,Inverse Area ratio: ,0.875944, Inv Area Ratio Contribution: ,0,Inverse Perim ratio: ,1.1139, Inv Perim Contribution: ,0, Final Score: ,-134.417
Point: ,28,254,Repeat score:,1, Repeat contribution: ,-1,Dist:,26.0192, Dist contribution: ,-130.096, New scanned ratio: ,0.0102686, New Scanned Cells Contribution: ,0,Area ratio: ,0.941172, Area ratio Contribution: ,0,Perim diff: ,1.05658, Perim diff Contribution: ,0,Frontier diff: ,0, Frontier diff Contribution ,0,Inverse Area ratio: ,0.879074, Inv Area Ratio Contribution: ,0,Inverse Perim ratio: ,1.10291, Inv Perim Contribution: ,0, Final Score: ,-131.096
Point: ,27,255,Repeat score:,1, Repeat contribution: ,-1,Dist:,27.3, Dist contribution: ,-136.5, New scanned ratio: ,0.0106479, New Scanned Cells Contribution: ,0,Area ratio: ,0.939743, Area ratio Contribution: ,0,Perim diff: ,1.05732, Perim diff Contribution: ,0,Frontier diff: ,0, Frontier diff Contribution ,0,Inverse Area ratio: ,0.877633, Inv Area Ratio Contribution: ,0,Inverse Perim ratio: ,1.10594, Inv Perim Contribution: ,0, Final Score: ,-137.5
Point: ,26,254,Repeat score:,1, Repeat contribution: ,-1,Dist:,26.0192, Dist contribution: ,-130.096, New scanned ratio: ,0.0100157, New Scanned Cells Contribution: ,0,Area ratio: ,0.941053, Area ratio Contribution: ,0,Perim diff: ,1.05548, Perim diff Contribution: ,0,Frontier diff: ,0, Frontier diff Contribution ,0,Inverse Area ratio: ,0.879968, Inv Area Ratio Contribution: ,0,Inverse Perim ratio: ,1.10235, Inv Perim Contribution: ,0, Final Score: ,-131.096
Point: ,21,254,Repeat score:,1, Repeat contribution: ,-1,Dist:,26.6833, Dist contribution: ,-133.417, New scanned ratio: ,0.00963646, New Scanned Cells Contribution: ,0,Area ratio: ,0.940936, Area ratio Contribution: ,0,Perim diff: ,1.049, Perim diff Contribution: ,0,Frontier diff: ,0, Frontier diff Contribution ,0,Inverse Area ratio: ,0.881334, Inv Area Ratio Contribution: ,0,Inverse Perim ratio: ,1.09695, Inv Perim Contribution: ,0, Final Score: ,-134.417
Point: ,18,252,Repeat score:,1, Repeat contribution: ,-1,Dist:,25.0711, Dist contribution: ,-125.355, New scanned ratio: ,0.0083722, New Scanned Cells Contribution: ,0,Area ratio: ,0.943596, Area ratio Contribution: ,0,Perim diff: ,1.0447, Perim diff Contribution: ,0,Frontier diff: ,0, Frontier diff Contribution ,0,Inverse Area ratio: ,0.896158, Inv Area Ratio Contribution: ,0,Inverse Perim ratio: ,1.07379, Inv Perim Contribution: ,0, Final Score: ,-126.355
Point: ,15,252,Repeat score:,1, Repeat contribution: ,-1,Dist:,26.2975, Dist contribution: ,-131.488, New scanned ratio: ,0.00790864, New Scanned Cells Contribution: ,0,Area ratio: ,0.943501, Area ratio Contribution: ,0,Perim diff: ,1.04275, Perim diff Contribution: ,0,Frontier diff: ,0, Frontier diff Contribution ,0,Inverse Area ratio: ,0.903322, Inv Area Ratio Contribution: ,0,Inverse Perim ratio: ,1.06293, Inv Perim Contribution: ,0, Final Score: ,-132.488
Point: ,14,253,Repeat score:,1, Repeat contribution: ,-1,Dist:,27.9122, Dist contribution: ,-139.561, New scanned ratio: ,0.00821768, New Scanned Cells Contribution: ,0,Area ratio: ,0.9421, Area ratio Contribution: ,0,Perim diff: ,1.04294, Perim diff Contribution: ,0,Frontier diff: ,0, Frontier diff Contribution ,0,Inverse Area ratio: ,0.904459, Inv Area Ratio Contribution: ,0,Inverse Perim ratio: ,1.06158, Inv Perim Contribution: ,0, Final Score: ,-140.561
Point: ,9,253,Repeat score:,1, Repeat contribution: ,-1,Dist:,30.5629, Dist contribution: ,-152.814, New scanned ratio: ,0.00710794, New Scanned Cells Contribution: ,0,Area ratio: ,0.942013, Area ratio Contribution: ,0,Perim diff: ,1.04265, Perim diff Contribution: ,0,Frontier diff: ,0, Frontier diff Contribution ,0,Inverse Area ratio: ,0.911792, Inv Area Ratio Contribution: ,0,Inverse Perim ratio: ,1.05749, Inv Perim Contribution: ,0, Final Score: ,-153.814
Point: ,8,254,Repeat score:,1, Repeat contribution: ,-1,Dist:,32.2025, Dist contribution: ,-161.012, New scanned ratio: ,0.00727651, New Scanned Cells Contribution: ,0,Area ratio: ,0.940578, Area ratio Contribution: ,0,Perim diff: ,1.04284, Perim diff Contribution: ,0,Frontier diff: ,0, Frontier diff Contribution ,0,Inverse Area ratio: ,0.913389, Inv Area Ratio Contribution: ,0,Inverse Perim ratio: ,1.05588, Inv Perim Contribution: ,0, Final Score: ,-162.012
Point: ,7,253,Repeat score:,1, Repeat contribution: ,-1,Dist:,31.7819, Dist contribution: ,-158.91, New scanned ratio: ,0.00663033, New Scanned Cells Contribution: ,0,Area ratio: ,0.941993, Area ratio Contribution: ,0,Perim diff: ,1.04211, Perim diff Contribution: ,0,Frontier diff: ,0, Frontier diff Contribution ,0,Inverse Area ratio: ,0.914663, Inv Area Ratio Contribution: ,0,Inverse Perim ratio: ,1.05557, Inv Perim Contribution: ,0, Final Score: ,-159.91
Point: ,2,253,Repeat score:,1, Repeat contribution: ,-1,Dist:,35.1438, Dist contribution: ,-175.719, New scanned ratio: ,0.00530988, New Scanned Cells Contribution: ,0,Area ratio: ,0.941915, Area ratio Contribution: ,0,Perim diff: ,1.04311, Perim diff Contribution: ,0,Frontier diff: ,0, Frontier diff Contribution ,0,Inverse Area ratio: ,0.919187, Inv Area Ratio Contribution: ,0,Inverse Perim ratio: ,1.05584, Inv Perim Contribution: ,0, Final Score: ,-176.719
Point: ,0,252,Repeat score:,1, Repeat contribution: ,-1,Dist:,35.729, Dist contribution: ,-178.645, New scanned ratio: ,0.00448109, New Scanned Cells Contribution: ,0,Area ratio: ,0.943352, Area ratio Contribution: ,0,Perim diff: ,1.04364, Perim diff Contribution: ,0,Frontier diff: ,0, Frontier diff Contribution ,0,Inverse Area ratio: ,0.919338, Inv Area Ratio Contribution: ,0,Inverse Perim ratio: ,1.05569, Inv Perim Contribution: ,0, Final Score: ,-179.645
BEST Point:,47,235, Score: ,-101.211
COUNT COMMAND: 1
Total frontiers: ,105, Prioritised frontiers: ,24
At: ,46,234,
Point: ,81,236,Repeat score:,1, Repeat contribution: ,-1,Dist:,35.0964, Dist contribution: ,-175.482, New scanned ratio: ,0.00891909, New Scanned Cells Contribution: ,0,Area ratio: ,0.971501, Area ratio Contribution: ,0,Perim diff: ,1.0414, Perim diff Contribution: ,0,Frontier diff: ,0, Frontier diff Contribution ,0,Inverse Area ratio: ,0.903536, Inv Area Ratio Contribution: ,0,Inverse Perim ratio: ,1.06659, Inv Perim Contribution: ,0, Final Score: ,-176.482
Point: ,80,237,Repeat score:,1, Repeat contribution: ,-1,Dist:,34.2229, Dist contribution: ,-171.115, New scanned ratio: ,0.0093245, New Scanned Cells Contribution: ,0,Area ratio: ,0.970308, Area ratio Contribution: ,0,Perim diff: ,1.03998, Perim diff Contribution: ,0,Frontier diff: ,0, Frontier diff Contribution ,0,Inverse Area ratio: ,0.90206, Inv Area Ratio Contribution: ,0,Inverse Perim ratio: ,1.06449, Inv Perim Contribution: ,0, Final Score: ,-172.115
Point: ,79,236,Repeat score:,1, Repeat contribution: ,-1,Dist:,33.1023, Dist contribution: ,-165.511, New scanned ratio: ,0.00865347, New Scanned Cells Contribution: ,0,Area ratio: ,0.971507, Area ratio Contribution: ,0,Perim diff: ,1.03891, Perim diff Contribution: ,0,Frontier diff: ,0, Frontier diff Contribution ,0,Inverse Area ratio: ,0.904597, Inv Area Ratio Contribution: ,0,Inverse Perim ratio: ,1.06277, Inv Perim Contribution: ,0, Final Score: ,-166.511
Point: ,74,236,Repeat score:,1, Repeat contribution: ,-1,Dist:,28.1205, Dist contribution: ,-140.602, New scanned ratio: ,0.00777275, New Scanned Cells Contribution: ,0,Area ratio: ,0.971291, Area ratio Contribution: ,0,Perim diff: ,1.03717, Perim diff Contribution: ,0,Frontier diff: ,0, Frontier diff Contribution ,0,Inverse Area ratio: ,0.907137, Inv Area Ratio Contribution: ,0,Inverse Perim ratio: ,1.05982, Inv Perim Contribution: ,0, Final Score: ,-141.602
Point: ,71,234,Repeat score:,1, Repeat contribution: ,-1,Dist:,25, Dist contribution: ,-125, New scanned ratio: ,0.00619303, New Scanned Cells Contribution: ,0,Area ratio: ,0.973476, Area ratio Contribution: ,0,Perim diff: ,1.03616, Perim diff Contribution: ,0,Frontier diff: ,0, Frontier diff Contribution ,0,Inverse Area ratio: ,0.908805, Inv Area Ratio Contribution: ,0,Inverse Perim ratio: ,1.05776, Inv Perim Contribution: ,0, Final Score: ,-126
Point: ,69,234,Repeat score:,1, Repeat contribution: ,-1,Dist:,23, Dist contribution: ,-115, New scanned ratio: ,0.00571772, New Scanned Cells Contribution: ,0,Area ratio: ,0.973312, Area ratio Contribution: ,0,Perim diff: ,1.0365, Perim diff Contribution: ,0,Frontier diff: ,0, Frontier diff Contribution ,0,Inverse Area ratio: ,0.903497, Inv Area Ratio Contribution: ,0,Inverse Perim ratio: ,1.05801, Inv Perim Contribution: ,0, Final Score: ,-116
Point: ,66,236,Repeat score:,1, Repeat contribution: ,-1,Dist:,20.1683, Dist contribution: ,-100.841, New scanned ratio: ,0.00589946, New Scanned Cells Contribution: ,0,Area ratio: ,0.970492, Area ratio Contribution: ,0,Perim diff: ,1.03706, Perim diff Contribution: ,0,Frontier diff: ,0, Frontier diff Contribution ,0,Inverse Area ratio: ,0.902364, Inv Area Ratio Contribution: ,0,Inverse Perim ratio: ,1.05923, Inv Perim Contribution: ,0, Final Score: ,-101.841
Point: ,66,240,Repeat score:,1, Repeat contribution: ,-1,Dist:,21.4672, Dist contribution: ,-107.336, New scanned ratio: ,0.00774479, New Scanned Cells Contribution: ,0,Area ratio: ,0.965164, Area ratio Contribution: ,0,Perim diff: ,1.04158, Perim diff Contribution: ,0,Frontier diff: ,0, Frontier diff Contribution ,0,Inverse Area ratio: ,0.895395, Inv Area Ratio Contribution: ,0,Inverse Perim ratio: ,1.06709, Inv Perim Contribution: ,0, Final Score: ,-108.336
Point: ,63,246,Repeat score:,1, Repeat contribution: ,-1,Dist:,23.0729, Dist contribution: ,-115.365, New scanned ratio: ,0.00995359, New Scanned Cells Contribution: ,0,Area ratio: ,0.956774, Area ratio Contribution: ,0,Perim diff: ,1.05003, Perim diff Contribution: ,0,Frontier diff: ,0, Frontier diff Contribution ,0,Inverse Area ratio: ,0.886972, Inv Area Ratio Contribution: ,0,Inverse Perim ratio: ,1.08227, Inv Perim Contribution: ,0, Final Score: ,-116.365
Point: ,58,251,Repeat score:,1, Repeat contribution: ,-1,Dist:,25.1478, Dist contribution: ,-125.739, New scanned ratio: ,0.011058, New Scanned Cells Contribution: ,0,Area ratio: ,0.949273, Area ratio Contribution: ,0,Perim diff: ,1.06947, Perim diff Contribution: ,0,Frontier diff: ,0, Frontier diff Contribution ,0,Inverse Area ratio: ,0.87038, Inv Area Ratio Contribution: ,0,Inverse Perim ratio: ,1.1145, Inv Perim Contribution: ,0, Final Score: ,-126.739
Point: ,52,254,Repeat score:,1, Repeat contribution: ,-1,Dist:,26.6833, Dist contribution: ,-133.417, New scanned ratio: ,0.0109881, New Scanned Cells Contribution: ,0,Area ratio: ,0.944373, Area ratio Contribution: ,0,Perim diff: ,1.06513, Perim diff Contribution: ,0,Frontier diff: ,0, Frontier diff Contribution ,0,Inverse Area ratio: ,0.870732, Inv Area Ratio Contribution: ,0,Inverse Perim ratio: ,1.11077, Inv Perim Contribution: ,0, Final Score: ,-134.417
Point: ,47,254,Repeat score:,1, Repeat contribution: ,-1,Dist:,26.0192, Dist contribution: ,-130.096, New scanned ratio: ,0.0100934, New Scanned Cells Contribution: ,0,Area ratio: ,0.94406, Area ratio Contribution: ,0,Perim diff: ,1.05882, Perim diff Contribution: ,0,Frontier diff: ,0, Frontier diff Contribution ,0,Inverse Area ratio: ,0.874157, Inv Area Ratio Contribution: ,0,Inverse Perim ratio: ,1.10197, Inv Perim Contribution: ,0, Final Score: ,-131.096
Point: ,46,255,Repeat score:,1, Repeat contribution: ,-1,Dist:,27.3, Dist contribution: ,-136.5, New scanned ratio: ,0.0104708, New Scanned Cells Contribution: ,0,Area ratio: ,0.942609, Area ratio Contribution: ,0,Perim diff: ,1.06008, Perim diff Contribution: ,0,Frontier diff: ,0, Frontier diff Contribution ,0,Inverse Area ratio: ,0.872747, Inv Area Ratio Contribution: ,0,Inverse Perim ratio: ,1.10501, Inv Perim Contribution: ,0, Final Score: ,-137.5
Point: ,45,254,Repeat score:,1, Repeat contribution: ,-1,Dist:,26.0192, Dist contribution: ,-130.096, New scanned ratio: ,0.00982777, New Scanned Cells Contribution: ,0,Area ratio: ,0.944009, Area ratio Contribution: ,0,Perim diff: ,1.05676, Perim diff Contribution: ,0,Frontier diff: ,0, Frontier diff Contribution ,0,Inverse Area ratio: ,0.875164, Inv Area Ratio Contribution: ,0,Inverse Perim ratio: ,1.0992, Inv Perim Contribution: ,0, Final Score: ,-131.096
Point: ,40,254,Repeat score:,1, Repeat contribution: ,-1,Dist:,26.6833, Dist contribution: ,-133.417, New scanned ratio: ,0.00938042, New Scanned Cells Contribution: ,0,Area ratio: ,0.944093, Area ratio Contribution: ,0,Perim diff: ,1.0538, Perim diff Contribution: ,0,Frontier diff: ,0, Frontier diff Contribution ,0,Inverse Area ratio: ,0.8768, Inv Area Ratio Contribution: ,0,Inverse Perim ratio: ,1.09582, Inv Perim Contribution: ,0, Final Score: ,-134.417
Point: ,36,252,Repeat score:,1, Repeat contribution: ,-1,Dist:,25.4472, Dist contribution: ,-127.236, New scanned ratio: ,0.00820612, New Scanned Cells Contribution: ,0,Area ratio: ,0.947, Area ratio Contribution: ,0,Perim diff: ,1.04762, Perim diff Contribution: ,0,Frontier diff: ,0, Frontier diff Contribution ,0,Inverse Area ratio: ,0.881207, Inv Area Ratio Contribution: ,0,Inverse Perim ratio: ,1.08554, Inv Perim Contribution: ,0, Final Score: ,-128.236
Point: ,33,254,Repeat score:,1, Repeat contribution: ,-1,Dist:,29.0689, Dist contribution: ,-145.344, New scanned ratio: ,0.00931052, New Scanned Cells Contribution: ,0,Area ratio: ,0.94464, Area ratio Contribution: ,0,Perim diff: ,1.04925, Perim diff Contribution: ,0,Frontier diff: ,0, Frontier diff Contribution ,0,Inverse Area ratio: ,0.877128, Inv Area Ratio Contribution: ,0,Inverse Perim ratio: ,1.09106, Inv Perim Contribution: ,0, Final Score: ,-146.344
Point: ,28,254,Repeat score:,1, Repeat contribution: ,-1,Dist:,31.6228, Dist contribution: ,-158.114, New scanned ratio: ,0.00938042, New Scanned Cells Contribution: ,0,Area ratio: ,0.945056, Area ratio Contribution: ,0,Perim diff: ,1.04372, Perim diff Contribution: ,0,Frontier diff: ,0, Frontier diff Contribution ,0,Inverse Area ratio: ,0.876901, Inv Area Ratio Contribution: ,0,Inverse Perim ratio: ,1.0848, Inv Perim Contribution: ,0, Final Score: ,-159.114
Point: ,27,255,Repeat score:,1, Repeat contribution: ,-1,Dist:,33.2609, Dist contribution: ,-166.305, New scanned ratio: ,0.00992563, New Scanned Cells Contribution: ,0,Area ratio: ,0.943764, Area ratio Contribution: ,0,Perim diff: ,1.04689, Perim diff Contribution: ,0,Frontier diff: ,0, Frontier diff Contribution ,0,Inverse Area ratio: ,0.874786, Inv Area Ratio Contribution: ,0,Inverse Perim ratio: ,1.09149, Inv Perim Contribution: ,0, Final Score: ,-167.305
Point: ,26,254,Repeat score:,1, Repeat contribution: ,-1,Dist:,32.8024, Dist contribution: ,-164.012, New scanned ratio: ,0.0093944, New Scanned Cells Contribution: ,0,Area ratio: ,0.945175, Area ratio Contribution: ,0,Perim diff: ,1.04446, Perim diff Contribution: ,0,Frontier diff: ,0, Frontier diff Contribution ,0,Inverse Area ratio: ,0.8768, Inv Area Ratio Contribution: ,0,Inverse Perim ratio: ,1.08701, Inv Perim Contribution: ,0, Final Score: ,-165.012
Point: ,21,254,Repeat score:,1, Repeat contribution: ,-1,Dist:,36.0694, Dist contribution: ,-180.347, New scanned ratio: ,0.00947828, New Scanned Cells Contribution: ,0,Area ratio: ,0.945441, Area ratio Contribution: ,0,Perim diff: ,1.04288, Perim diff Contribution: ,0,Frontier diff: ,0, Frontier diff Contribution ,0,Inverse Area ratio: ,0.876473, Inv Area Ratio Contribution: ,0,Inverse Perim ratio: ,1.08897, Inv Perim Contribution: ,0, Final Score: ,-181.347
Point: ,18,252,Repeat score:,1, Repeat contribution: ,-1,Dist:,36.4905, Dist contribution: ,-182.453, New scanned ratio: ,0.00831796, New Scanned Cells Contribution: ,0,Area ratio: ,0.948185, Area ratio Contribution: ,0,Perim diff: ,1.04148, Perim diff Contribution: ,0,Frontier diff: ,0, Frontier diff Contribution ,0,Inverse Area ratio: ,0.895178, Inv Area Ratio Contribution: ,0,Inverse Perim ratio: ,1.07134, Inv Perim Contribution: ,0, Final Score: ,-183.453
Point: ,15,252,Repeat score:,1, Repeat contribution: ,-1,Dist:,38.8402, Dist contribution: ,-194.201, New scanned ratio: ,0.0078706, New Scanned Cells Contribution: ,0,Area ratio: ,0.948105, Area ratio Contribution: ,0,Perim diff: ,1.04202, Perim diff Contribution: ,0,Frontier diff: ,0, Frontier diff Contribution ,0,Inverse Area ratio: ,0.904955, Inv Area Ratio Contribution: ,0,Inverse Perim ratio: ,1.0656, Inv Perim Contribution: ,0, Final Score: ,-195.201
Point: ,14,253,Repeat score:,1, Repeat contribution: ,-1,Dist:,40.4239, Dist contribution: ,-202.119, New scanned ratio: ,0.00817816, New Scanned Cells Contribution: ,0,Area ratio: ,0.946696, Area ratio Contribution: ,0,Perim diff: ,1.04221, Perim diff Contribution: ,0,Frontier diff: ,0, Frontier diff Contribution ,0,Inverse Area ratio: ,0.907101, Inv Area Ratio Contribution: ,0,Inverse Perim ratio: ,1.0645, Inv Perim Contribution: ,0, Final Score: ,-203.119
BEST Point:,66,236, Score: ,-101.841
COUNT COMMAND: 1
Total frontiers: ,105, Prioritised frontiers: ,24
At: ,65,235,
Point: ,101,236,Repeat score:,1, Repeat contribution: ,-1,Dist:,36.0235, Dist contribution: ,-180.117, New scanned ratio: ,0.00897004, New Scanned Cells Contribution: ,0,Area ratio: ,0.974006, Area ratio Contribution: ,0,Perim diff: ,1.04141, Perim diff Contribution: ,0,Frontier diff: ,0, Frontier diff Contribution ,0,Inverse Area ratio: ,0.896315, Inv Area Ratio Contribution: ,0,Inverse Perim ratio: ,1.06695, Inv Perim Contribution: ,0, Final Score: ,-181.117
Point: ,100,237,Repeat score:,1, Repeat contribution: ,-1,Dist:,35.0964, Dist contribution: ,-175.482, New scanned ratio: ,0.00937335, New Scanned Cells Contribution: ,0,Area ratio: ,0.972878, Area ratio Contribution: ,0,Perim diff: ,1.04168, Perim diff Contribution: ,0,Frontier diff: ,0, Frontier diff Contribution ,0,Inverse Area ratio: ,0.894818, Inv Area Ratio Contribution: ,0,Inverse Perim ratio: ,1.06776, Inv Perim Contribution: ,0, Final Score: ,-176.482
Point: ,99,236,Repeat score:,1, Repeat contribution: ,-1,Dist:,34.0248, Dist contribution: ,-170.124, New scanned ratio: ,0.00871972, New Scanned Cells Contribution: ,0,Area ratio: ,0.974046, Area ratio Contribution: ,0,Perim diff: ,1.039, Perim diff Contribution: ,0,Frontier diff: ,0, Frontier diff Contribution ,0,Inverse Area ratio: ,0.897365, Inv Area Ratio Contribution: ,0,Inverse Perim ratio: ,1.06338, Inv Perim Contribution: ,0, Final Score: ,-171.124
Point: ,94,236,Repeat score:,1, Repeat contribution: ,-1,Dist:,29.0291, Dist contribution: ,-145.146, New scanned ratio: ,0.00784357, New Scanned Cells Contribution: ,0,Area ratio: ,0.973852, Area ratio Contribution: ,0,Perim diff: ,1.03732, Perim diff Contribution: ,0,Frontier diff: ,0, Frontier diff Contribution ,0,Inverse Area ratio: ,0.900672, Inv Area Ratio Contribution: ,0,Inverse Perim ratio: ,1.06051, Inv Perim Contribution: ,0, Final Score: ,-146.146
Point: ,91,234,Repeat score:,1, Repeat contribution: ,-1,Dist:,26.0325, Dist contribution: ,-130.162, New scanned ratio: ,0.00627208, New Scanned Cells Contribution: ,0,Area ratio: ,0.975597, Area ratio Contribution: ,0,Perim diff: ,1.03607, Perim diff Contribution: ,0,Frontier diff: ,0, Frontier diff Contribution ,0,Inverse Area ratio: ,0.902144, Inv Area Ratio Contribution: ,0,Inverse Perim ratio: ,1.05819, Inv Perim Contribution: ,0, Final Score: ,-131.162
Point: ,89,234,Repeat score:,1, Repeat contribution: ,-1,Dist:,24.0352, Dist contribution: ,-120.176, New scanned ratio: ,0.00579924, New Scanned Cells Contribution: ,0,Area ratio: ,0.975427, Area ratio Contribution: ,0,Perim diff: ,1.03652, Perim diff Contribution: ,0,Frontier diff: ,0, Frontier diff Contribution ,0,Inverse Area ratio: ,0.896423, Inv Area Ratio Contribution: ,0,Inverse Perim ratio: ,1.05868, Inv Perim Contribution: ,0, Final Score: ,-121.176
Point: ,85,236,Repeat score:,1, Repeat contribution: ,-1,Dist:,20.0422, Dist contribution: ,-100.211, New scanned ratio: ,0.0057158, New Scanned Cells Contribution: ,0,Area ratio: ,0.972939, Area ratio Contribution: ,0,Perim diff: ,1.03657, Perim diff Contribution: ,0,Frontier diff: ,0, Frontier diff Contribution ,0,Inverse Area ratio: ,0.896133, Inv Area Ratio Contribution: ,0,Inverse Perim ratio: ,1.05902, Inv Perim Contribution: ,0, Final Score: ,-101.211
Point: ,85,241,Repeat score:,1, Repeat contribution: ,-1,Dist:,21.4672, Dist contribution: ,-107.336, New scanned ratio: ,0.00798264, New Scanned Cells Contribution: ,0,Area ratio: ,0.966339, Area ratio Contribution: ,0,Perim diff: ,1.04191, Perim diff Contribution: ,0,Frontier diff: ,0, Frontier diff Contribution ,0,Inverse Area ratio: ,0.88754, Inv Area Ratio Contribution: ,0,Inverse Perim ratio: ,1.06848, Inv Perim Contribution: ,0, Final Score: ,-108.336
Point: ,82,247,Repeat score:,1, Repeat contribution: ,-1,Dist:,23.0729, Dist contribution: ,-115.365, New scanned ratio: ,0.0101104, New Scanned Cells Contribution: ,0,Area ratio: ,0.958098, Area ratio Contribution: ,0,Perim diff: ,1.05006, Perim diff Contribution: ,0,Frontier diff: ,0, Frontier diff Contribution ,0,Inverse Area ratio: ,0.879232, Inv Area Ratio Contribution: ,0,Inverse Perim ratio: ,1.08688, Inv Perim Contribution: ,0, Final Score: ,-116.365
Point: ,77,252,Repeat score:,1, Repeat contribution: ,-1,Dist:,25.1478, Dist contribution: ,-125.739, New scanned ratio: ,0.0110283, New Scanned Cells Contribution: ,0,Area ratio: ,0.950118, Area ratio Contribution: ,0,Perim diff: ,1.06978, Perim diff Contribution: ,0,Frontier diff: ,0, Frontier diff Contribution ,0,Inverse Area ratio: ,0.863182, Inv Area Ratio Contribution: ,0,Inverse Perim ratio: ,1.11557, Inv Perim Contribution: ,0, Final Score: ,-126.739
Point: ,71,255,Repeat score:,1, Repeat contribution: ,-1,Dist:,26.6833, Dist contribution: ,-133.417, New scanned ratio: ,0.0109727, New Scanned Cells Contribution: ,0,Area ratio: ,0.945235, Area ratio Contribution: ,0,Perim diff: ,1.06851, Perim diff Contribution: ,0,Frontier diff: ,0, Frontier diff Contribution ,0,Inverse Area ratio: ,0.863411, Inv Area Ratio Contribution: ,0,Inverse Perim ratio: ,1.11589, Inv Perim Contribution: ,0, Final Score: ,-134.417
Point: ,66,255,Repeat score:,1, Repeat contribution: ,-1,Dist:,26.0192, Dist contribution: ,-130.096, New scanned ratio: ,0.0101661, New Scanned Cells Contribution: ,0,Area ratio: ,0.945083, Area ratio Contribution: ,0,Perim diff: ,1.06094, Perim diff Contribution: ,0,Frontier diff: ,0, Frontier diff Contribution ,0,Inverse Area ratio: ,0.866628, Inv Area Ratio Contribution: ,0,Inverse Perim ratio: ,1.10488, Inv Perim Contribution: ,0, Final Score: ,-131.096
Point: ,65,256,Repeat score:,1, Repeat contribution: ,-1,Dist:,27.3, Dist contribution: ,-136.5, New scanned ratio: ,0.0105415, New Scanned Cells Contribution: ,0,Area ratio: ,0.943717, Area ratio Contribution: ,0,Perim diff: ,1.06241, Perim diff Contribution: ,0,Frontier diff: ,0, Frontier diff Contribution ,0,Inverse Area ratio: ,0.865147, Inv Area Ratio Contribution: ,0,Inverse Perim ratio: ,1.10792, Inv Perim Contribution: ,0, Final Score: ,-137.5
Point: ,64,255,Repeat score:,1, Repeat contribution: ,-1,Dist:,26.0192, Dist contribution: ,-130.096, New scanned ratio: ,0.00991572, New Scanned Cells Contribution: ,0,Area ratio: ,0.945089, Area ratio Contribution: ,0,Perim diff: ,1.06051, Perim diff Contribution: ,0,Frontier diff: ,0, Frontier diff Contribution ,0,Inverse Area ratio: ,0.867546, Inv Area Ratio Contribution: ,0,Inverse Perim ratio: ,1.10432, Inv Perim Contribution: ,0, Final Score: ,-131.096
Point: ,59,255,Repeat score:,1, Repeat contribution: ,-1,Dist:,26.6833, Dist contribution: ,-133.417, New scanned ratio: ,0.00954023, New Scanned Cells Contribution: ,0,Area ratio: ,0.945376, Area ratio Contribution: ,0,Perim diff: ,1.05647, Perim diff Contribution: ,0,Frontier diff: ,0, Frontier diff Contribution ,0,Inverse Area ratio: ,0.86895, Inv Area Ratio Contribution: ,0,Inverse Perim ratio: ,1.09872, Inv Perim Contribution: ,0, Final Score: ,-134.417
Point: ,56,253,Repeat score:,1, Repeat contribution: ,-1,Dist:,25.0711, Dist contribution: ,-125.355, New scanned ratio: ,0.00841376, New Scanned Cells Contribution: ,0,Area ratio: ,0.948404, Area ratio Contribution: ,0,Perim diff: ,1.05092, Perim diff Contribution: ,0,Frontier diff: ,0, Frontier diff Contribution ,0,Inverse Area ratio: ,0.873264, Inv Area Ratio Contribution: ,0,Inverse Perim ratio: ,1.09304, Inv Perim Contribution: ,0, Final Score: ,-126.355
Point: ,53,253,Repeat score:,1, Repeat contribution: ,-1,Dist:,26.2975, Dist contribution: ,-131.488, New scanned ratio: ,0.00841376, New Scanned Cells Contribution: ,0,Area ratio: ,0.948747, Area ratio Contribution: ,0,Perim diff: ,1.04821, Perim diff Contribution: ,0,Frontier diff: ,0, Frontier diff Contribution ,0,Inverse Area ratio: ,0.873315, Inv Area Ratio Contribution: ,0,Inverse Perim ratio: ,1.08501, Inv Perim Contribution: ,0, Final Score: ,-132.488
Point: ,52,254,Repeat score:,1, Repeat contribution: ,-1,Dist:,27.9122, Dist contribution: ,-139.561, New scanned ratio: ,0.00898395, New Scanned Cells Contribution: ,0,Area ratio: ,0.947557, Area ratio Contribution: ,0,Perim diff: ,1.04833, Perim diff Contribution: ,0,Frontier diff: ,0, Frontier diff Contribution ,0,Inverse Area ratio: ,0.871273, Inv Area Ratio Contribution: ,0,Inverse Perim ratio: ,1.0863, Inv Perim Contribution: ,0, Final Score: ,-140.561
Point: ,47,254,Repeat score:,1, Repeat contribution: ,-1,Dist:,30.5629, Dist contribution: ,-152.814, New scanned ratio: ,0.00902567, New Scanned Cells Contribution: ,0,Area ratio: ,0.948134, Area ratio Contribution: ,0,Perim diff: ,1.04685, Perim diff Contribution: ,0,Frontier diff: ,0, Frontier diff Contribution ,0,Inverse Area ratio: ,0.871043, Inv Area Ratio Contribution: ,0,Inverse Perim ratio: ,1.08476, Inv Perim Contribution: ,0, Final Score: ,-153.814
Point: ,46,255,Repeat score:,1, Repeat contribution: ,-1,Dist:,32.2025, Dist contribution: ,-161.012, New scanned ratio: ,0.00959586, New Scanned Cells Contribution: ,0,Area ratio: ,0.94686, Area ratio Contribution: ,0,Perim diff: ,1.04871, Perim diff Contribution: ,0,Frontier diff: ,0, Frontier diff Contribution ,0,Inverse Area ratio: ,0.868899, Inv Area Ratio Contribution: ,0,Inverse Perim ratio: ,1.08868, Inv Perim Contribution: ,0, Final Score: ,-162.012
Point: ,45,254,Repeat score:,1, Repeat contribution: ,-1,Dist:,31.7819, Dist contribution: ,-158.91, New scanned ratio: ,0.00906739, New Scanned Cells Contribution: ,0,Area ratio: ,0.948368, Area ratio Contribution: ,0,Perim diff: ,1.04609, Perim diff Contribution: ,0,Frontier diff: ,0, Frontier diff Contribution ,0,Inverse Area ratio: ,0.870916, Inv Area Ratio Contribution: ,0,Inverse Perim ratio: ,1.08395, Inv Perim Contribution: ,0, Final Score: ,-159.91
Point: ,40,254,Repeat score:,1, Repeat contribution: ,-1,Dist:,35.1438, Dist contribution: ,-175.719, New scanned ratio: ,0.00913693, New Scanned Cells Contribution: ,0,Area ratio: ,0.948882, Area ratio Contribution: ,0,Perim diff: ,1.04857, Perim diff Contribution: ,0,Frontier diff: ,0, Frontier diff Contribution ,0,Inverse Area ratio: ,0.87061, Inv Area Ratio Contribution: ,0,Inverse Perim ratio: ,1.08875, Inv Perim Contribution: ,0, Final Score: ,-176.719
Point: ,37,252,Repeat score:,1, Repeat contribution: ,-1,Dist:,35.6709, Dist contribution: ,-178.354, New scanned ratio: ,0.00812171, New Scanned Cells Contribution: ,0,Area ratio: ,0.95186, Area ratio Contribution: ,0,Perim diff: ,1.04624, Perim diff Contribution: ,0,Frontier diff: ,0, Frontier diff Contribution ,0,Inverse Area ratio: ,0.874336, Inv Area Ratio Contribution: ,0,Inverse Perim ratio: ,1.08376, Inv Perim Contribution: ,0, Final Score: ,-179.354
Point: ,33,254,Repeat score:,1, Repeat contribution: ,-1,Dist:,40.4239, Dist contribution: ,-202.119, New scanned ratio: ,0.00926209, New Scanned Cells Contribution: ,0,Area ratio: ,0.949557, Area ratio Contribution: ,0,Perim diff: ,1.04984, Perim diff Contribution: ,0,Frontier diff: ,0, Frontier diff Contribution ,0,Inverse Area ratio: ,0.870074, Inv Area Ratio Contribution: ,0,Inverse Perim ratio: ,1.09261, Inv Perim Contribution: ,0, Final Score: ,-203.119
BEST Point:,85,236, Score: ,-101.211
COUNT COMMAND: 1
Total frontiers: ,105, Prioritised frontiers: ,25
At: ,84,235,
Point: ,121,236,Repeat score:,1, Repeat contribution: ,-1,Dist:,37.0228, Dist contribution: ,-185.114, New scanned ratio: ,0.00903569, New Scanned Cells Contribution: ,0,Area ratio: ,0.976284, Area ratio Contribution: ,0,Perim diff: ,1.04245, Perim diff Contribution: ,0,Frontier diff: ,0, Frontier diff Contribution ,0,Inverse Area ratio: ,0.889339, Inv Area Ratio Contribution: ,0,Inverse Perim ratio: ,1.06868, Inv Perim Contribution: ,0, Final Score: ,-186.114
Point: ,120,237,Repeat score:,1, Repeat contribution: ,-1,Dist:,36.0938, Dist contribution: ,-180.469, New scanned ratio: ,0.00946464, New Scanned Cells Contribution: ,0,Area ratio: ,0.975295, Area ratio Contribution: ,0,Perim diff: ,1.04139, Perim diff Contribution: ,0,Frontier diff: ,0, Frontier diff Contribution ,0,Inverse Area ratio: ,0.887768, Inv Area Ratio Contribution: ,0,Inverse Perim ratio: ,1.06778, Inv Perim Contribution: ,0, Final Score: ,-181.469
Point: ,119,236,Repeat score:,1, Repeat contribution: ,-1,Dist:,35.0241, Dist contribution: ,-175.121, New scanned ratio: ,0.00881429, New Scanned Cells Contribution: ,0,Area ratio: ,0.976338, Area ratio Contribution: ,0,Perim diff: ,1.03979, Perim diff Contribution: ,0,Frontier diff: ,0, Frontier diff Contribution ,0,Inverse Area ratio: ,0.890297, Inv Area Ratio Contribution: ,0,Inverse Perim ratio: ,1.0651, Inv Perim Contribution: ,0, Final Score: ,-176.121
Point: ,114,236,Repeat score:,1, Repeat contribution: ,-1,Dist:,30.0282, Dist contribution: ,-150.141, New scanned ratio: ,0.0079979, New Scanned Cells Contribution: ,0,Area ratio: ,0.976247, Area ratio Contribution: ,0,Perim diff: ,1.03683, Perim diff Contribution: ,0,Frontier diff: ,0, Frontier diff Contribution ,0,Inverse Area ratio: ,0.893519, Inv Area Ratio Contribution: ,0,Inverse Perim ratio: ,1.06019, Inv Perim Contribution: ,0, Final Score: ,-151.141
Point: ,111,234,Repeat score:,1, Repeat contribution: ,-1,Dist:,27.0313, Dist contribution: ,-135.156, New scanned ratio: ,0.00643429, New Scanned Cells Contribution: ,0,Area ratio: ,0.977836, Area ratio Contribution: ,0,Perim diff: ,1.03649, Perim diff Contribution: ,0,Frontier diff: ,0, Frontier diff Contribution ,0,Inverse Area ratio: ,0.895085, Inv Area Ratio Contribution: ,0,Inverse Perim ratio: ,1.05923, Inv Perim Contribution: ,0, Final Score: ,-136.156
Point: ,109,234,Repeat score:,1, Repeat contribution: ,-1,Dist:,25.0338, Dist contribution: ,-125.169, New scanned ratio: ,0.00597767, New Scanned Cells Contribution: ,0,Area ratio: ,0.977688, Area ratio Contribution: ,0,Perim diff: ,1.03617, Perim diff Contribution: ,0,Frontier diff: ,0, Frontier diff Contribution ,0,Inverse Area ratio: ,0.889122, Inv Area Ratio Contribution: ,0,Inverse Perim ratio: ,1.05862, Inv Perim Contribution: ,0, Final Score: ,-126.169
Point: ,106,236,Repeat score:,1, Repeat contribution: ,-1,Dist:,22.0384, Dist contribution: ,-110.192, New scanned ratio: ,0.00615755, New Scanned Cells Contribution: ,0,Area ratio: ,0.97551, Area ratio Contribution: ,0,Perim diff: ,1.03672, Perim diff Contribution: ,0,Frontier diff: ,0, Frontier diff Contribution ,0,Inverse Area ratio: ,0.887993, Inv Area Ratio Contribution: ,0,Inverse Perim ratio: ,1.05979, Inv Perim Contribution: ,0, Final Score: ,-111.192
Point: ,104,236,Repeat score:,1, Repeat contribution: ,-1,Dist:,20.0422, Dist contribution: ,-100.211, New scanned ratio: ,0.00568709, New Scanned Cells Contribution: ,0,Area ratio: ,0.975328, Area ratio Contribution: ,0,Perim diff: ,1.03623, Perim diff Contribution: ,0,Frontier diff: ,0, Frontier diff Contribution ,0,Inverse Area ratio: ,0.889752, Inv Area Ratio Contribution: ,0,Inverse Perim ratio: ,1.0589, Inv Perim Contribution: ,0, Final Score: ,-101.211
Point: ,104,241,Repeat score:,1, Repeat contribution: ,-1,Dist:,21.4672, Dist contribution: ,-107.336, New scanned ratio: ,0.00794255, New Scanned Cells Contribution: ,0,Area ratio: ,0.968873, Area ratio Contribution: ,0,Perim diff: ,1.04156, Perim diff Contribution: ,0,Frontier diff: ,0, Frontier diff Contribution ,0,Inverse Area ratio: ,0.880959, Inv Area Ratio Contribution: ,0,Inverse Perim ratio: ,1.06878, Inv Perim Contribution: ,0, Final Score: ,-108.336
Point: ,101,247,Repeat score:,1, Repeat contribution: ,-1,Dist:,23.0729, Dist contribution: ,-115.365, New scanned ratio: ,0.0100596, New Scanned Cells Contribution: ,0,Area ratio: ,0.960483, Area ratio Contribution: ,0,Perim diff: ,1.05232, Perim diff Contribution: ,0,Frontier diff: ,0, Frontier diff Contribution ,0,Inverse Area ratio: ,0.872559, Inv Area Ratio Contribution: ,0,Inverse Perim ratio: ,1.08675, Inv Perim Contribution: ,0, Final Score: ,-116.365
Point: ,96,252,Repeat score:,1, Repeat contribution: ,-1,Dist:,25.1478, Dist contribution: ,-125.739, New scanned ratio: ,0.0109591, New Scanned Cells Contribution: ,0,Area ratio: ,0.952634, Area ratio Contribution: ,0,Perim diff: ,1.06964, Perim diff Contribution: ,0,Frontier diff: ,0, Frontier diff Contribution ,0,Inverse Area ratio: ,0.856481, Inv Area Ratio Contribution: ,0,Inverse Perim ratio: ,1.11561, Inv Perim Contribution: ,0, Final Score: ,-126.739
Point: ,90,255,Repeat score:,1, Repeat contribution: ,-1,Dist:,26.6833, Dist contribution: ,-133.417, New scanned ratio: ,0.010876, New Scanned Cells Contribution: ,0,Area ratio: ,0.947717, Area ratio Contribution: ,0,Perim diff: ,1.06643, Perim diff Contribution: ,0,Frontier diff: ,0, Frontier diff Contribution ,0,Inverse Area ratio: ,0.856843, Inv Area Ratio Contribution: ,0,Inverse Perim ratio: ,1.11293, Inv Perim Contribution: ,0, Final Score: ,-134.417
Point: ,85,255,Repeat score:,1, Repeat contribution: ,-1,Dist:,26.0192, Dist contribution: ,-130.096, New scanned ratio: ,0.00999045, New Scanned Cells Contribution: ,0,Area ratio: ,0.947482, Area ratio Contribution: ,0,Perim diff: ,1.0605, Perim diff Contribution: ,0,Frontier diff: ,0, Frontier diff Contribution ,0,Inverse Area ratio: ,0.860363, Inv Area Ratio Contribution: ,0,Inverse Perim ratio: ,1.10413, Inv Perim Contribution: ,0, Final Score: ,-131.096
Point: ,84,256,Repeat score:,1, Repeat contribution: ,-1,Dist:,27.3, Dist contribution: ,-136.5, New scanned ratio: ,0.0103641, New Scanned Cells Contribution: ,0,Area ratio: ,0.946108, Area ratio Contribution: ,0,Perim diff: ,1.06202, Perim diff Contribution: ,0,Frontier diff: ,0, Frontier diff Contribution ,0,Inverse Area ratio: ,0.858914, Inv Area Ratio Contribution: ,0,Inverse Perim ratio: ,1.10716, Inv Perim Contribution: ,0, Final Score: ,-137.5
Point: ,83,255,Repeat score:,1, Repeat contribution: ,-1,Dist:,26.0192, Dist contribution: ,-130.096, New scanned ratio: ,0.00972755, New Scanned Cells Contribution: ,0,Area ratio: ,0.947482, Area ratio Contribution: ,0,Perim diff: ,1.05862, Perim diff Contribution: ,0,Frontier diff: ,0, Frontier diff Contribution ,0,Inverse Area ratio: ,0.861399, Inv Area Ratio Contribution: ,0,Inverse Perim ratio: ,1.10135, Inv Perim Contribution: ,0, Final Score: ,-131.096
Point: ,78,255,Repeat score:,1, Repeat contribution: ,-1,Dist:,26.6833, Dist contribution: ,-133.417, New scanned ratio: ,0.00928476, New Scanned Cells Contribution: ,0,Area ratio: ,0.947691, Area ratio Contribution: ,0,Perim diff: ,1.05622, Perim diff Contribution: ,0,Frontier diff: ,0, Frontier diff Contribution ,0,Inverse Area ratio: ,0.863081, Inv Area Ratio Contribution: ,0,Inverse Perim ratio: ,1.09797, Inv Perim Contribution: ,0, Final Score: ,-134.417
Point: ,75,253,Repeat score:,1, Repeat contribution: ,-1,Dist:,25.0711, Dist contribution: ,-125.355, New scanned ratio: ,0.00812243, New Scanned Cells Contribution: ,0,Area ratio: ,0.950682, Area ratio Contribution: ,0,Perim diff: ,1.05143, Perim diff Contribution: ,0,Frontier diff: ,0, Frontier diff Contribution ,0,Inverse Area ratio: ,0.867533, Inv Area Ratio Contribution: ,0,Inverse Perim ratio: ,1.08964, Inv Perim Contribution: ,0, Final Score: ,-126.355
Point: ,71,255,Repeat score:,1, Repeat contribution: ,-1,Dist:,29.0689, Dist contribution: ,-145.344, New scanned ratio: ,0.00921557, New Scanned Cells Contribution: ,0,Area ratio: ,0.948497, Area ratio Contribution: ,0,Perim diff: ,1.05279, Perim diff Contribution: ,0,Frontier diff: ,0, Frontier diff Contribution ,0,Inverse Area ratio: ,0.863418, Inv Area Ratio Contribution: ,0,Inverse Perim ratio: ,1.0932, Inv Perim Contribution: ,0, Final Score: ,-146.344
Point: ,66,255,Repeat score:,1, Repeat contribution: ,-1,Dist:,31.6228, Dist contribution: ,-158.114, New scanned ratio: ,0.00928476, New Scanned Cells Contribution: ,0,Area ratio: ,0.949173, Area ratio Contribution: ,0,Perim diff: ,1.04847, Perim diff Contribution: ,0,Frontier diff: ,0, Frontier diff Contribution ,0,Inverse Area ratio: ,0.863185, Inv Area Ratio Contribution: ,0,Inverse Perim ratio: ,1.08694, Inv Perim Contribution: ,0, Final Score: ,-159.114
Point: ,65,256,Repeat score:,1, Repeat contribution: ,-1,Dist:,33.2609, Dist contribution: ,-166.305, New scanned ratio: ,0.00982441, New Scanned Cells Contribution: ,0,Area ratio: ,0.947944, Area ratio Contribution: ,0,Perim diff: ,1.05238, Perim diff Contribution: ,0,Frontier diff: ,0, Frontier diff Contribution ,0,Inverse Area ratio: ,0.86101, Inv Area Ratio Contribution: ,0,Inverse Perim ratio: ,1.09364, Inv Perim Contribution: ,0, Final Score: ,-167.305
Point: ,64,255,Repeat score:,1, Repeat contribution: ,-1,Dist:,32.8024, Dist contribution: ,-164.012, New scanned ratio: ,0.00929859, New Scanned Cells Contribution: ,0,Area ratio: ,0.949416, Area ratio Contribution: ,0,Perim diff: ,1.04988, Perim diff Contribution: ,0,Frontier diff: ,0, Frontier diff Contribution ,0,Inverse Area ratio: ,0.863081, Inv Area Ratio Contribution: ,0,Inverse Perim ratio: ,1.08915, Inv Perim Contribution: ,0, Final Score: ,-165.012
Point: ,59,255,Repeat score:,1, Repeat contribution: ,-1,Dist:,36.0694, Dist contribution: ,-180.347, New scanned ratio: ,0.00938162, New Scanned Cells Contribution: ,0,Area ratio: ,0.950087, Area ratio Contribution: ,0,Perim diff: ,1.05074, Perim diff Contribution: ,0,Frontier diff: ,0, Frontier diff Contribution ,0,Inverse Area ratio: ,0.862745, Inv Area Ratio Contribution: ,0,Inverse Perim ratio: ,1.09092, Inv Perim Contribution: ,0, Final Score: ,-181.347
Point: ,56,253,Repeat score:,1, Repeat contribution: ,-1,Dist:,36.4905, Dist contribution: ,-182.453, New scanned ratio: ,0.00835766, New Scanned Cells Contribution: ,0,Area ratio: ,0.9532, Area ratio Contribution: ,0,Perim diff: ,1.04811, Perim diff Contribution: ,0,Frontier diff: ,0, Frontier diff Contribution ,0,Inverse Area ratio: ,0.866627, Inv Area Ratio Contribution: ,0,Inverse Perim ratio: ,1.08939, Inv Perim Contribution: ,0, Final Score: ,-183.453
Point: ,53,253,Repeat score:,1, Repeat contribution: ,-1,Dist:,38.8402, Dist contribution: ,-194.201, New scanned ratio: ,0.0083715, New Scanned Cells Contribution: ,0,Area ratio: ,0.953559, Area ratio Contribution: ,0,Perim diff: ,1.04792, Perim diff Contribution: ,0,Frontier diff: ,0, Frontier diff Contribution ,0,Inverse Area ratio: ,0.866601, Inv Area Ratio Contribution: ,0,Inverse Perim ratio: ,1.08553, Inv Perim Contribution: ,0, Final Score: ,-195.201
Point: ,52,254,Repeat score:,1, Repeat contribution: ,-1,Dist:,40.4239, Dist contribution: ,-202.119, New scanned ratio: ,0.00893883, New Scanned Cells Contribution: ,0,Area ratio: ,0.95236, Area ratio Contribution: ,0,Perim diff: ,1.04804, Perim diff Contribution: ,0,Frontier diff: ,0, Frontier diff Contribution ,0,Inverse Area ratio: ,0.864479, Inv Area Ratio Contribution: ,0,Inverse Perim ratio: ,1.08668, Inv Perim Contribution: ,0, Final Score: ,-203.119
BEST Point:,104,236, Score: ,-101.211
COUNT COMMAND: 1
Total frontiers: ,104, Prioritised frontiers: ,24
At: ,103,235,
Point: ,141,236,Repeat score:,1, Repeat contribution: ,-1,Dist:,38.0222, Dist contribution: ,-190.111, New scanned ratio: ,0.0090869, New Scanned Cells Contribution: ,0,Area ratio: ,0.978516, Area ratio Contribution: ,0,Perim diff: ,1.04327, Perim diff Contribution: ,0,Frontier diff: ,0, Frontier diff Contribution ,0,Inverse Area ratio: ,0.876486, Inv Area Ratio Contribution: ,0,Inverse Perim ratio: ,1.07027, Inv Perim Contribution: ,0, Final Score: ,-191.111
Point: ,140,237,Repeat score:,1, Repeat contribution: ,-1,Dist:,37.0912, Dist contribution: ,-185.456, New scanned ratio: ,0.00952748, New Scanned Cells Contribution: ,0,Area ratio: ,0.977671, Area ratio Contribution: ,0,Perim diff: ,1.04334, Perim diff Contribution: ,0,Frontier diff: ,0, Frontier diff Contribution ,0,Inverse Area ratio: ,0.874822, Inv Area Ratio Contribution: ,0,Inverse Perim ratio: ,1.07098, Inv Perim Contribution: ,0, Final Score: ,-186.456
Point: ,139,236,Repeat score:,1, Repeat contribution: ,-1,Dist:,36.0235, Dist contribution: ,-180.117, New scanned ratio: ,0.00889415, New Scanned Cells Contribution: ,0,Area ratio: ,0.978597, Area ratio Contribution: ,0,Perim diff: ,1.04061, Perim diff Contribution: ,0,Frontier diff: ,0, Frontier diff Contribution ,0,Inverse Area ratio: ,0.877345, Inv Area Ratio Contribution: ,0,Inverse Perim ratio: ,1.06661, Inv Perim Contribution: ,0, Final Score: ,-181.117
Point: ,134,236,Repeat score:,1, Repeat contribution: ,-1,Dist:,31.0272, Dist contribution: ,-155.136, New scanned ratio: ,0.00813691, New Scanned Cells Contribution: ,0,Area ratio: ,0.978569, Area ratio Contribution: ,0,Perim diff: ,1.03751, Perim diff Contribution: ,0,Frontier diff: ,0, Frontier diff Contribution ,0,Inverse Area ratio: ,0.880378, Inv Area Ratio Contribution: ,0,Inverse Perim ratio: ,1.06156, Inv Perim Contribution: ,0, Final Score: ,-156.136
Point: ,131,234,Repeat score:,1, Repeat contribution: ,-1,Dist:,28.0302, Dist contribution: ,-140.151, New scanned ratio: ,0.00659489, New Scanned Cells Contribution: ,0,Area ratio: ,0.980036, Area ratio Contribution: ,0,Perim diff: ,1.03599, Perim diff Contribution: ,0,Frontier diff: ,0, Frontier diff Contribution ,0,Inverse Area ratio: ,0.885594, Inv Area Ratio Contribution: ,0,Inverse Perim ratio: ,1.05884, Inv Perim Contribution: ,0, Final Score: ,-141.151
Point: ,129,234,Repeat score:,1, Repeat contribution: ,-1,Dist:,26.0325, Dist contribution: ,-130.162, New scanned ratio: ,0.00615431, New Scanned Cells Contribution: ,0,Area ratio: ,0.979881, Area ratio Contribution: ,0,Perim diff: ,1.03601, Perim diff Contribution: ,0,Frontier diff: ,0, Frontier diff Contribution ,0,Inverse Area ratio: ,0.881825, Inv Area Ratio Contribution: ,0,Inverse Perim ratio: ,1.05879, Inv Perim Contribution: ,0, Final Score: ,-131.162
Point: ,126,236,Repeat score:,1, Repeat contribution: ,-1,Dist:,23.0367, Dist contribution: ,-115.184, New scanned ratio: ,0.00636083, New Scanned Cells Contribution: ,0,Area ratio: ,0.977884, Area ratio Contribution: ,0,Perim diff: ,1.03643, Perim diff Contribution: ,0,Frontier diff: ,0, Frontier diff Contribution ,0,Inverse Area ratio: ,0.880472, Inv Area Ratio Contribution: ,0,Inverse Perim ratio: ,1.0598, Inv Perim Contribution: ,0, Final Score: ,-116.184
Point: ,123,236,Repeat score:,1, Repeat contribution: ,-1,Dist:,20.0422, Dist contribution: ,-100.211, New scanned ratio: ,0.00565866, New Scanned Cells Contribution: ,0,Area ratio: ,0.977625, Area ratio Contribution: ,0,Perim diff: ,1.03608, Perim diff Contribution: ,0,Frontier diff: ,0, Frontier diff Contribution ,0,Inverse Area ratio: ,0.883188, Inv Area Ratio Contribution: ,0,Inverse Perim ratio: ,1.05874, Inv Perim Contribution: ,0, Final Score: ,-101.211
Point: ,123,241,Repeat score:,1, Repeat contribution: ,-1,Dist:,21.4672, Dist contribution: ,-107.336, New scanned ratio: ,0.00790285, New Scanned Cells Contribution: ,0,Area ratio: ,0.971343, Area ratio Contribution: ,0,Perim diff: ,1.04154, Perim diff Contribution: ,0,Frontier diff: ,0, Frontier diff Contribution ,0,Inverse Area ratio: ,0.874241, Inv Area Ratio Contribution: ,0,Inverse Perim ratio: ,1.06879, Inv Perim Contribution: ,0, Final Score: ,-108.336
Point: ,120,247,Repeat score:,1, Repeat contribution: ,-1,Dist:,23.0729, Dist contribution: ,-115.365, New scanned ratio: ,0.0100094, New Scanned Cells Contribution: ,0,Area ratio: ,0.962756, Area ratio Contribution: ,0,Perim diff: ,1.05219, Perim diff Contribution: ,0,Frontier diff: ,0, Frontier diff Contribution ,0,Inverse Area ratio: ,0.865747, Inv Area Ratio Contribution: ,0,Inverse Perim ratio: ,1.08702, Inv Perim Contribution: ,0, Final Score: ,-116.365
Point: ,115,252,Repeat score:,1, Repeat contribution: ,-1,Dist:,25.1478, Dist contribution: ,-125.739, New scanned ratio: ,0.0109043, New Scanned Cells Contribution: ,0,Area ratio: ,0.955157, Area ratio Contribution: ,0,Perim diff: ,1.06775, Perim diff Contribution: ,0,Frontier diff: ,0, Frontier diff Contribution ,0,Inverse Area ratio: ,0.849564, Inv Area Ratio Contribution: ,0,Inverse Perim ratio: ,1.11296, Inv Perim Contribution: ,0, Final Score: ,-126.739
Point: ,109,255,Repeat score:,1, Repeat contribution: ,-1,Dist:,26.6833, Dist contribution: ,-133.417, New scanned ratio: ,0.0108217, New Scanned Cells Contribution: ,0,Area ratio: ,0.950239, Area ratio Contribution: ,0,Perim diff: ,1.06665, Perim diff Contribution: ,0,Frontier diff: ,0, Frontier diff Contribution ,0,Inverse Area ratio: ,0.849879, Inv Area Ratio Contribution: ,0,Inverse Perim ratio: ,1.11305, Inv Perim Contribution: ,0, Final Score: ,-134.417
Point: ,104,255,Repeat score:,1, Repeat contribution: ,-1,Dist:,26.0192, Dist contribution: ,-130.096, New scanned ratio: ,0.00994052, New Scanned Cells Contribution: ,0,Area ratio: ,0.950006, Area ratio Contribution: ,0,Perim diff: ,1.06081, Perim diff Contribution: ,0,Frontier diff: ,0, Frontier diff Contribution ,0,Inverse Area ratio: ,0.853449, Inv Area Ratio Contribution: ,0,Inverse Perim ratio: ,1.10425, Inv Perim Contribution: ,0, Final Score: ,-131.096
Point: ,103,256,Repeat score:,1, Repeat contribution: ,-1,Dist:,27.3, Dist contribution: ,-136.5, New scanned ratio: ,0.0103123, New Scanned Cells Contribution: ,0,Area ratio: ,0.948631, Area ratio Contribution: ,0,Perim diff: ,1.06238, Perim diff Contribution: ,0,Frontier diff: ,0, Frontier diff Contribution ,0,Inverse Area ratio: ,0.851979, Inv Area Ratio Contribution: ,0,Inverse Perim ratio: ,1.10729, Inv Perim Contribution: ,0, Final Score: ,-137.5
Point: ,102,255,Repeat score:,1, Repeat contribution: ,-1,Dist:,26.0192, Dist contribution: ,-130.096, New scanned ratio: ,0.00967893, New Scanned Cells Contribution: ,0,Area ratio: ,0.950007, Area ratio Contribution: ,0,Perim diff: ,1.05896, Perim diff Contribution: ,0,Frontier diff: ,0, Frontier diff Contribution ,0,Inverse Area ratio: ,0.854499, Inv Area Ratio Contribution: ,0,Inverse Perim ratio: ,1.10147, Inv Perim Contribution: ,0, Final Score: ,-131.096
Point: ,97,255,Repeat score:,1, Repeat contribution: ,-1,Dist:,26.6833, Dist contribution: ,-133.417, New scanned ratio: ,0.00923835, New Scanned Cells Contribution: ,0,Area ratio: ,0.950217, Area ratio Contribution: ,0,Perim diff: ,1.05665, Perim diff Contribution: ,0,Frontier diff: ,0, Frontier diff Contribution ,0,Inverse Area ratio: ,0.856205, Inv Area Ratio Contribution: ,0,Inverse Perim ratio: ,1.09809, Inv Perim Contribution: ,0, Final Score: ,-134.417
Point: ,94,253,Repeat score:,1, Repeat contribution: ,-1,Dist:,25.0711, Dist contribution: ,-125.355, New scanned ratio: ,0.00808184, New Scanned Cells Contribution: ,0,Area ratio: ,0.953193, Area ratio Contribution: ,0,Perim diff: ,1.05157, Perim diff Contribution: ,0,Frontier diff: ,0, Frontier diff Contribution ,0,Inverse Area ratio: ,0.860799, Inv Area Ratio Contribution: ,0,Inverse Perim ratio: ,1.08935, Inv Perim Contribution: ,0, Final Score: ,-126.355
Point: ,90,255,Repeat score:,1, Repeat contribution: ,-1,Dist:,29.0689, Dist contribution: ,-145.344, New scanned ratio: ,0.00912821, New Scanned Cells Contribution: ,0,Area ratio: ,0.950985, Area ratio Contribution: ,0,Perim diff: ,1.0511, Perim diff Contribution: ,0,Frontier diff: ,0, Frontier diff Contribution ,0,Inverse Area ratio: ,0.856809, Inv Area Ratio Contribution: ,0,Inverse Perim ratio: ,1.08989, Inv Perim Contribution: ,0, Final Score: ,-146.344
Point: ,85,255,Repeat score:,1, Repeat contribution: ,-1,Dist:,31.6228, Dist contribution: ,-158.114, New scanned ratio: ,0.00911444, New Scanned Cells Contribution: ,0,Area ratio: ,0.951575, Area ratio Contribution: ,0,Perim diff: ,1.04842, Perim diff Contribution: ,0,Frontier diff: ,0, Frontier diff Contribution ,0,Inverse Area ratio: ,0.856835, Inv Area Ratio Contribution: ,0,Inverse Perim ratio: ,1.08583, Inv Perim Contribution: ,0, Final Score: ,-159.114
Point: ,84,256,Repeat score:,1, Repeat contribution: ,-1,Dist:,33.2609, Dist contribution: ,-166.305, New scanned ratio: ,0.00965139, New Scanned Cells Contribution: ,0,Area ratio: ,0.950338, Area ratio Contribution: ,0,Perim diff: ,1.05238, Perim diff Contribution: ,0,Frontier diff: ,0, Frontier diff Contribution ,0,Inverse Area ratio: ,0.854683, Inv Area Ratio Contribution: ,0,Inverse Perim ratio: ,1.09253, Inv Perim Contribution: ,0, Final Score: ,-167.305
Point: ,83,255,Repeat score:,1, Repeat contribution: ,-1,Dist:,32.8024, Dist contribution: ,-164.012, New scanned ratio: ,0.00911444, New Scanned Cells Contribution: ,0,Area ratio: ,0.951812, Area ratio Contribution: ,0,Perim diff: ,1.04839, Perim diff Contribution: ,0,Frontier diff: ,0, Frontier diff Contribution ,0,Inverse Area ratio: ,0.856835, Inv Area Ratio Contribution: ,0,Inverse Perim ratio: ,1.08583, Inv Perim Contribution: ,0, Final Score: ,-165.012
Point: ,78,255,Repeat score:,1, Repeat contribution: ,-1,Dist:,36.0694, Dist contribution: ,-180.347, New scanned ratio: ,0.00912821, New Scanned Cells Contribution: ,0,Area ratio: ,0.952404, Area ratio Contribution: ,0,Perim diff: ,1.05089, Perim diff Contribution: ,0,Frontier diff: ,0, Frontier diff Contribution ,0,Inverse Area ratio: ,0.856757, Inv Area Ratio Contribution: ,0,Inverse Perim ratio: ,1.08982, Inv Perim Contribution: ,0, Final Score: ,-181.347
Point: ,74,253,Repeat score:,1, Repeat contribution: ,-1,Dist:,37.2634, Dist contribution: ,-186.317, New scanned ratio: ,0.00808184, New Scanned Cells Contribution: ,0,Area ratio: ,0.9556, Area ratio Contribution: ,0,Perim diff: ,1.04933, Perim diff Contribution: ,0,Frontier diff: ,0, Frontier diff Contribution ,0,Inverse Area ratio: ,0.860773, Inv Area Ratio Contribution: ,0,Inverse Perim ratio: ,1.08614, Inv Perim Contribution: ,0, Final Score: ,-187.317
Point: ,71,255,Repeat score:,1, Repeat contribution: ,-1,Dist:,41.2311, Dist contribution: ,-206.155, New scanned ratio: ,0.00916951, New Scanned Cells Contribution: ,0,Area ratio: ,0.95326, Area ratio Contribution: ,0,Perim diff: ,1.05305, Perim diff Contribution: ,0,Frontier diff: ,0, Frontier diff Contribution ,0,Inverse Area ratio: ,0.85652, Inv Area Ratio Contribution: ,0,Inverse Perim ratio: ,1.09333, Inv Perim Contribution: ,0, Final Score: ,-207.155
BEST Point:,123,236, Score: ,-101.211
COUNT COMMAND: 1
Total frontiers: ,103, Prioritised frontiers: ,24
At: ,122,235,
Point: ,161,236,Repeat score:,1, Repeat contribution: ,-1,Dist:,39.0217, Dist contribution: ,-195.108, New scanned ratio: ,0.00926091, New Scanned Cells Contribution: ,0,Area ratio: ,0.980665, Area ratio Contribution: ,0,Perim diff: ,1.04603, Perim diff Contribution: ,0,Frontier diff: ,0, Frontier diff Contribution ,0,Inverse Area ratio: ,0.867294, Inv Area Ratio Contribution: ,0,Inverse Perim ratio: ,1.07492, Inv Perim Contribution: ,0, Final Score: ,-196.108
Point: ,160,237,Repeat score:,1, Repeat contribution: ,-1,Dist:,38.0888, Dist contribution: ,-190.444, New scanned ratio: ,0.00971299, New Scanned Cells Contribution: ,0,Area ratio: ,0.979781, Area ratio Contribution: ,0,Perim diff: ,1.04455, Perim diff Contribution: ,0,Frontier diff: ,0, Frontier diff Contribution ,0,Inverse Area ratio: ,0.865608, Inv Area Ratio Contribution: ,0,Inverse Perim ratio: ,1.07335, Inv Perim Contribution: ,0, Final Score: ,-191.444
Point: ,159,236,Repeat score:,1, Repeat contribution: ,-1,Dist:,37.0228, Dist contribution: ,-185.114, New scanned ratio: ,0.00906911, New Scanned Cells Contribution: ,0,Area ratio: ,0.980814, Area ratio Contribution: ,0,Perim diff: ,1.04193, Perim diff Contribution: ,0,Frontier diff: ,0, Frontier diff Contribution ,0,Inverse Area ratio: ,0.868137, Inv Area Ratio Contribution: ,0,Inverse Perim ratio: ,1.07266, Inv Perim Contribution: ,0, Final Score: ,-186.114
Point: ,154,236,Repeat score:,1, Repeat contribution: ,-1,Dist:,32.0264, Dist contribution: ,-160.132, New scanned ratio: ,0.00831564, New Scanned Cells Contribution: ,0,Area ratio: ,0.980819, Area ratio Contribution: ,0,Perim diff: ,1.03917, Perim diff Contribution: ,0,Frontier diff: ,0, Frontier diff Contribution ,0,Inverse Area ratio: ,0.871291, Inv Area Ratio Contribution: ,0,Inverse Perim ratio: ,1.0645, Inv Perim Contribution: ,0, Final Score: ,-161.132
Point: ,151,234,Repeat score:,1, Repeat contribution: ,-1,Dist:,29.0291, Dist contribution: ,-145.146, New scanned ratio: ,0.00674019, New Scanned Cells Contribution: ,0,Area ratio: ,0.982262, Area ratio Contribution: ,0,Perim diff: ,1.03673, Perim diff Contribution: ,0,Frontier diff: ,0, Frontier diff Contribution ,0,Inverse Area ratio: ,0.866099, Inv Area Ratio Contribution: ,0,Inverse Perim ratio: ,1.06411, Inv Perim Contribution: ,0, Final Score: ,-146.146
Point: ,149,234,Repeat score:,1, Repeat contribution: ,-1,Dist:,27.0313, Dist contribution: ,-135.156, New scanned ratio: ,0.0063155, New Scanned Cells Contribution: ,0,Area ratio: ,0.982082, Area ratio Contribution: ,0,Perim diff: ,1.03665, Perim diff Contribution: ,0,Frontier diff: ,0, Frontier diff Contribution ,0,Inverse Area ratio: ,0.867898, Inv Area Ratio Contribution: ,0,Inverse Perim ratio: ,1.0601, Inv Perim Contribution: ,0, Final Score: ,-136.156
Point: ,146,236,Repeat score:,1, Repeat contribution: ,-1,Dist:,24.0352, Dist contribution: ,-120.176, New scanned ratio: ,0.00654839, New Scanned Cells Contribution: ,0,Area ratio: ,0.980231, Area ratio Contribution: ,0,Perim diff: ,1.03651, Perim diff Contribution: ,0,Frontier diff: ,0, Frontier diff Contribution ,0,Inverse Area ratio: ,0.867119, Inv Area Ratio Contribution: ,0,Inverse Perim ratio: ,1.06034, Inv Perim Contribution: ,0, Final Score: ,-121.176
Point: ,142,236,Repeat score:,1, Repeat contribution: ,-1,Dist:,20.0422, Dist contribution: ,-100.211, New scanned ratio: ,0.00563052, New Scanned Cells Contribution: ,0,Area ratio: ,0.979897, Area ratio Contribution: ,0,Perim diff: ,1.03575, Perim diff Contribution: ,0,Frontier diff: ,0, Frontier diff Contribution ,0,Inverse Area ratio: ,0.870662, Inv Area Ratio Contribution: ,0,Inverse Perim ratio: ,1.05906, Inv Perim Contribution: ,0, Final Score: ,-101.211
Point: ,142,241,Repeat score:,1, Repeat contribution: ,-1,Dist:,21.4672, Dist contribution: ,-107.336, New scanned ratio: ,0.00786355, New Scanned Cells Contribution: ,0,Area ratio: ,0.973612, Area ratio Contribution: ,0,Perim diff: ,1.04115, Perim diff Contribution: ,0,Frontier diff: ,0, Frontier diff Contribution ,0,Inverse Area ratio: ,0.861671, Inv Area Ratio Contribution: ,0,Inverse Perim ratio: ,1.06868, Inv Perim Contribution: ,0, Final Score: ,-108.336
Point: ,139,247,Repeat score:,1, Repeat contribution: ,-1,Dist:,23.0729, Dist contribution: ,-115.365, New scanned ratio: ,0.00995959, New Scanned Cells Contribution: ,0,Area ratio: ,0.965023, Area ratio Contribution: ,0,Perim diff: ,1.05176, Perim diff Contribution: ,0,Frontier diff: ,0, Frontier diff Contribution ,0,Inverse Area ratio: ,0.853109, Inv Area Ratio Contribution: ,0,Inverse Perim ratio: ,1.08691, Inv Perim Contribution: ,0, Final Score: ,-116.365
Point: ,134,252,Repeat score:,1, Repeat contribution: ,-1,Dist:,25.1478, Dist contribution: ,-125.739, New scanned ratio: ,0.0108501, New Scanned Cells Contribution: ,0,Area ratio: ,0.957519, Area ratio Contribution: ,0,Perim diff: ,1.06603, Perim diff Contribution: ,0,Frontier diff: ,0, Frontier diff Contribution ,0,Inverse Area ratio: ,0.842422, Inv Area Ratio Contribution: ,0,Inverse Perim ratio: ,1.11102, Inv Perim Contribution: ,0, Final Score: ,-126.739
Point: ,128,255,Repeat score:,1, Repeat contribution: ,-1,Dist:,26.6833, Dist contribution: ,-133.417, New scanned ratio: ,0.0107679, New Scanned Cells Contribution: ,0,Area ratio: ,0.952743, Area ratio Contribution: ,0,Perim diff: ,1.06631, Perim diff Contribution: ,0,Frontier diff: ,0, Frontier diff Contribution ,0,Inverse Area ratio: ,0.842715, Inv Area Ratio Contribution: ,0,Inverse Perim ratio: ,1.11308, Inv Perim Contribution: ,0, Final Score: ,-134.417
Point: ,123,255,Repeat score:,1, Repeat contribution: ,-1,Dist:,26.0192, Dist contribution: ,-130.096, New scanned ratio: ,0.00989109, New Scanned Cells Contribution: ,0,Area ratio: ,0.952512, Area ratio Contribution: ,0,Perim diff: ,1.06054, Perim diff Contribution: ,0,Frontier diff: ,0, Frontier diff Contribution ,0,Inverse Area ratio: ,0.846336, Inv Area Ratio Contribution: ,0,Inverse Perim ratio: ,1.10427, Inv Perim Contribution: ,0, Final Score: ,-131.096
Point: ,122,256,Repeat score:,1, Repeat contribution: ,-1,Dist:,27.3, Dist contribution: ,-136.5, New scanned ratio: ,0.010261, New Scanned Cells Contribution: ,0,Area ratio: ,0.951136, Area ratio Contribution: ,0,Perim diff: ,1.06213, Perim diff Contribution: ,0,Frontier diff: ,0, Frontier diff Contribution ,0,Inverse Area ratio: ,0.844845, Inv Area Ratio Contribution: ,0,Inverse Perim ratio: ,1.10731, Inv Perim Contribution: ,0, Final Score: ,-137.5
Point: ,121,255,Repeat score:,1, Repeat contribution: ,-1,Dist:,26.0192, Dist contribution: ,-130.096, New scanned ratio: ,0.0096308, New Scanned Cells Contribution: ,0,Area ratio: ,0.952514, Area ratio Contribution: ,0,Perim diff: ,1.05872, Perim diff Contribution: ,0,Frontier diff: ,0, Frontier diff Contribution ,0,Inverse Area ratio: ,0.847401, Inv Area Ratio Contribution: ,0,Inverse Perim ratio: ,1.10149, Inv Perim Contribution: ,0, Final Score: ,-131.096
Point: ,116,255,Repeat score:,1, Repeat contribution: ,-1,Dist:,26.6833, Dist contribution: ,-133.417, New scanned ratio: ,0.00919241, New Scanned Cells Contribution: ,0,Area ratio: ,0.952725, Area ratio Contribution: ,0,Perim diff: ,1.05648, Perim diff Contribution: ,0,Frontier diff: ,0, Frontier diff Contribution ,0,Inverse Area ratio: ,0.849132, Inv Area Ratio Contribution: ,0,Inverse Perim ratio: ,1.09811, Inv Perim Contribution: ,0, Final Score: ,-134.417
Point: ,113,253,Repeat score:,1, Repeat contribution: ,-1,Dist:,25.0711, Dist contribution: ,-125.355, New scanned ratio: ,0.00804165, New Scanned Cells Contribution: ,0,Area ratio: ,0.955704, Area ratio Contribution: ,0,Perim diff: ,1.05141, Perim diff Contribution: ,0,Frontier diff: ,0, Frontier diff Contribution ,0,Inverse Area ratio: ,0.853792, Inv Area Ratio Contribution: ,0,Inverse Perim ratio: ,1.08937, Inv Perim Contribution: ,0, Final Score: ,-126.355
Point: ,109,255,Repeat score:,1, Repeat contribution: ,-1,Dist:,29.0689, Dist contribution: ,-145.344, New scanned ratio: ,0.00908281, New Scanned Cells Contribution: ,0,Area ratio: ,0.953493, Area ratio Contribution: ,0,Perim diff: ,1.05104, Perim diff Contribution: ,0,Frontier diff: ,0, Frontier diff Contribution ,0,Inverse Area ratio: ,0.849744, Inv Area Ratio Contribution: ,0,Inverse Perim ratio: ,1.0899, Inv Perim Contribution: ,0, Final Score: ,-146.344
Point: ,104,255,Repeat score:,1, Repeat contribution: ,-1,Dist:,31.6228, Dist contribution: ,-158.114, New scanned ratio: ,0.00906911, New Scanned Cells Contribution: ,0,Area ratio: ,0.954084, Area ratio Contribution: ,0,Perim diff: ,1.04844, Perim diff Contribution: ,0,Frontier diff: ,0, Frontier diff Contribution ,0,Inverse Area ratio: ,0.849771, Inv Area Ratio Contribution: ,0,Inverse Perim ratio: ,1.08585, Inv Perim Contribution: ,0, Final Score: ,-159.114
Point: ,103,256,Repeat score:,1, Repeat contribution: ,-1,Dist:,33.2609, Dist contribution: ,-166.305, New scanned ratio: ,0.0096034, New Scanned Cells Contribution: ,0,Area ratio: ,0.952845, Area ratio Contribution: ,0,Perim diff: ,1.05245, Perim diff Contribution: ,0,Frontier diff: ,0, Frontier diff Contribution ,0,Inverse Area ratio: ,0.847588, Inv Area Ratio Contribution: ,0,Inverse Perim ratio: ,1.09255, Inv Perim Contribution: ,0, Final Score: ,-167.305
Point: ,102,255,Repeat score:,1, Repeat contribution: ,-1,Dist:,32.8024, Dist contribution: ,-164.012, New scanned ratio: ,0.00906911, New Scanned Cells Contribution: ,0,Area ratio: ,0.95432, Area ratio Contribution: ,0,Perim diff: ,1.04844, Perim diff Contribution: ,0,Frontier diff: ,0, Frontier diff Contribution ,0,Inverse Area ratio: ,0.849771, Inv Area Ratio Contribution: ,0,Inverse Perim ratio: ,1.08585, Inv Perim Contribution: ,0, Final Score: ,-165.012
Point: ,97,255,Repeat score:,1, Repeat contribution: ,-1,Dist:,36.0694, Dist contribution: ,-180.347, New scanned ratio: ,0.00908281, New Scanned Cells Contribution: ,0,Area ratio: ,0.954912, Area ratio Contribution: ,0,Perim diff: ,1.05104, Perim diff Contribution: ,0,Frontier diff: ,0, Frontier diff Contribution ,0,Inverse Area ratio: ,0.849691, Inv Area Ratio Contribution: ,0,Inverse Perim ratio: ,1.08984, Inv Perim Contribution: ,0, Final Score: ,-181.347
Point: ,94,253,Repeat score:,1, Repeat contribution: ,-1,Dist:,36.4905, Dist contribution: ,-182.453, New scanned ratio: ,0.00802795, New Scanned Cells Contribution: ,0,Area ratio: ,0.957973, Area ratio Contribution: ,0,Perim diff: ,1.04888, Perim diff Contribution: ,0,Frontier diff: ,0, Frontier diff Contribution ,0,Inverse Area ratio: ,0.853845, Inv Area Ratio Contribution: ,0,Inverse Perim ratio: ,1.08526, Inv Perim Contribution: ,0, Final Score: ,-183.453
Point: ,90,255,Repeat score:,1, Repeat contribution: ,-1,Dist:,41.2311, Dist contribution: ,-206.155, New scanned ratio: ,0.00908281, New Scanned Cells Contribution: ,0,Area ratio: ,0.955729, Area ratio Contribution: ,0,Perim diff: ,1.05108, Perim diff Contribution: ,0,Frontier diff: ,0, Frontier diff Contribution ,0,Inverse Area ratio: ,0.849718, Inv Area Ratio Contribution: ,0,Inverse Perim ratio: ,1.08992, Inv Perim Contribution: ,0, Final Score: ,-207.155
BEST Point:,142,236, Score: ,-101.211
COUNT COMMAND: 1
Total frontiers: ,102, Prioritised frontiers: ,23
At: ,141,235,
Point: ,181,235,Repeat score:,1, Repeat contribution: ,-1,Dist:,40, Dist contribution: ,-200, New scanned ratio: ,0.00895608, New Scanned Cells Contribution: ,0,Area ratio: ,0.983721, Area ratio Contribution: ,0,Perim diff: ,1.05306, Perim diff Contribution: ,0,Frontier diff: ,0, Frontier diff Contribution ,0,Inverse Area ratio: ,0.851357, Inv Area Ratio Contribution: ,0,Inverse Perim ratio: ,1.08574, Inv Perim Contribution: ,0, Final Score: ,-201
Point: ,180,236,Repeat score:,1, Repeat contribution: ,-1,Dist:,39.0217, Dist contribution: ,-195.108, New scanned ratio: ,0.00948772, New Scanned Cells Contribution: ,0,Area ratio: ,0.982941, Area ratio Contribution: ,0,Perim diff: ,1.04403, Perim diff Contribution: ,0,Frontier diff: ,0, Frontier diff Contribution ,0,Inverse Area ratio: ,0.859079, Inv Area Ratio Contribution: ,0,Inverse Perim ratio: ,1.07256, Inv Perim Contribution: ,0, Final Score: ,-196.108
Point: ,179,235,Repeat score:,1, Repeat contribution: ,-1,Dist:,38, Dist contribution: ,-190, New scanned ratio: ,0.00886066, New Scanned Cells Contribution: ,0,Area ratio: ,0.983997, Area ratio Contribution: ,0,Perim diff: ,1.04286, Perim diff Contribution: ,0,Frontier diff: ,0, Frontier diff Contribution ,0,Inverse Area ratio: ,0.861728, Inv Area Ratio Contribution: ,0,Inverse Perim ratio: ,1.07073, Inv Perim Contribution: ,0, Final Score: ,-191
Point: ,174,235,Repeat score:,1, Repeat contribution: ,-1,Dist:,33, Dist contribution: ,-165, New scanned ratio: ,0.00821996, New Scanned Cells Contribution: ,0,Area ratio: ,0.984126, Area ratio Contribution: ,0,Perim diff: ,1.03705, Perim diff Contribution: ,0,Frontier diff: ,0, Frontier diff Contribution ,0,Inverse Area ratio: ,0.864461, Inv Area Ratio Contribution: ,0,Inverse Perim ratio: ,1.06157, Inv Perim Contribution: ,0, Final Score: ,-166
Point: ,171,233,Repeat score:,1, Repeat contribution: ,-1,Dist:,30.1125, Dist contribution: ,-150.562, New scanned ratio: ,0.0066932, New Scanned Cells Contribution: ,0,Area ratio: ,0.985074, Area ratio Contribution: ,0,Perim diff: ,1.03662, Perim diff Contribution: ,0,Frontier diff: ,0, Frontier diff Contribution ,0,Inverse Area ratio: ,0.866125, Inv Area Ratio Contribution: ,0,Inverse Perim ratio: ,1.06042, Inv Perim Contribution: ,0, Final Score: ,-151.562
Point: ,166,236,Repeat score:,1, Repeat contribution: ,-1,Dist:,25.0338, Dist contribution: ,-125.169, New scanned ratio: ,0.00693858, New Scanned Cells Contribution: ,0,Area ratio: ,0.982556, Area ratio Contribution: ,0,Perim diff: ,1.03761, Perim diff Contribution: ,0,Frontier diff: ,0, Frontier diff Contribution ,0,Inverse Area ratio: ,0.856906, Inv Area Ratio Contribution: ,0,Inverse Perim ratio: ,1.06246, Inv Perim Contribution: ,0, Final Score: ,-126.169
Point: ,161,236,Repeat score:,1, Repeat contribution: ,-1,Dist:,20.0422, Dist contribution: ,-100.211, New scanned ratio: ,0.00573898, New Scanned Cells Contribution: ,0,Area ratio: ,0.982107, Area ratio Contribution: ,0,Perim diff: ,1.0374, Perim diff Contribution: ,0,Frontier diff: ,0, Frontier diff Contribution ,0,Inverse Area ratio: ,0.861774, Inv Area Ratio Contribution: ,0,Inverse Perim ratio: ,1.062, Inv Perim Contribution: ,0, Final Score: ,-101.211
Point: ,161,241,Repeat score:,1, Repeat contribution: ,-1,Dist:,21.4672, Dist contribution: ,-107.336, New scanned ratio: ,0.00796096, New Scanned Cells Contribution: ,0,Area ratio: ,0.975989, Area ratio Contribution: ,0,Perim diff: ,1.04138, Perim diff Contribution: ,0,Frontier diff: ,0, Frontier diff Contribution ,0,Inverse Area ratio: ,0.852691, Inv Area Ratio Contribution: ,0,Inverse Perim ratio: ,1.06965, Inv Perim Contribution: ,0, Final Score: ,-108.336
Point: ,158,247,Repeat score:,1, Repeat contribution: ,-1,Dist:,23.0729, Dist contribution: ,-115.365, New scanned ratio: ,0.00996483, New Scanned Cells Contribution: ,0,Area ratio: ,0.967331, Area ratio Contribution: ,0,Perim diff: ,1.05172, Perim diff Contribution: ,0,Frontier diff: ,0, Frontier diff Contribution ,0,Inverse Area ratio: ,0.844261, Inv Area Ratio Contribution: ,0,Inverse Perim ratio: ,1.08772, Inv Perim Contribution: ,0, Final Score: ,-116.365
Point: ,153,252,Repeat score:,1, Repeat contribution: ,-1,Dist:,25.1478, Dist contribution: ,-125.739, New scanned ratio: ,0.0107964, New Scanned Cells Contribution: ,0,Area ratio: ,0.959768, Area ratio Contribution: ,0,Perim diff: ,1.06491, Perim diff Contribution: ,0,Frontier diff: ,0, Frontier diff Contribution ,0,Inverse Area ratio: ,0.829598, Inv Area Ratio Contribution: ,0,Inverse Perim ratio: ,1.11003, Inv Perim Contribution: ,0, Final Score: ,-126.739
Point: ,147,255,Repeat score:,1, Repeat contribution: ,-1,Dist:,26.6833, Dist contribution: ,-133.417, New scanned ratio: ,0.0107146, New Scanned Cells Contribution: ,0,Area ratio: ,0.955149, Area ratio Contribution: ,0,Perim diff: ,1.06572, Perim diff Contribution: ,0,Frontier diff: ,0, Frontier diff Contribution ,0,Inverse Area ratio: ,0.829893, Inv Area Ratio Contribution: ,0,Inverse Perim ratio: ,1.11297, Inv Perim Contribution: ,0, Final Score: ,-134.417
Point: ,142,255,Repeat score:,1, Repeat contribution: ,-1,Dist:,26.0192, Dist contribution: ,-130.096, New scanned ratio: ,0.00984214, New Scanned Cells Contribution: ,0,Area ratio: ,0.954982, Area ratio Contribution: ,0,Perim diff: ,1.06002, Perim diff Contribution: ,0,Frontier diff: ,0, Frontier diff Contribution ,0,Inverse Area ratio: ,0.833544, Inv Area Ratio Contribution: ,0,Inverse Perim ratio: ,1.10416, Inv Perim Contribution: ,0, Final Score: ,-131.096
Point: ,141,256,Repeat score:,1, Repeat contribution: ,-1,Dist:,27.3, Dist contribution: ,-136.5, New scanned ratio: ,0.0102102, New Scanned Cells Contribution: ,0,Area ratio: ,0.953629, Area ratio Contribution: ,0,Perim diff: ,1.06162, Perim diff Contribution: ,0,Frontier diff: ,0, Frontier diff Contribution ,0,Inverse Area ratio: ,0.832041, Inv Area Ratio Contribution: ,0,Inverse Perim ratio: ,1.1072, Inv Perim Contribution: ,0, Final Score: ,-137.5
Point: ,140,255,Repeat score:,1, Repeat contribution: ,-1,Dist:,26.0192, Dist contribution: ,-130.096, New scanned ratio: ,0.00958314, New Scanned Cells Contribution: ,0,Area ratio: ,0.955009, Area ratio Contribution: ,0,Perim diff: ,1.05823, Perim diff Contribution: ,0,Frontier diff: ,0, Frontier diff Contribution ,0,Inverse Area ratio: ,0.834617, Inv Area Ratio Contribution: ,0,Inverse Perim ratio: ,1.10139, Inv Perim Contribution: ,0, Final Score: ,-131.096
Point: ,135,255,Repeat score:,1, Repeat contribution: ,-1,Dist:,26.6833, Dist contribution: ,-133.417, New scanned ratio: ,0.00914692, New Scanned Cells Contribution: ,0,Area ratio: ,0.955221, Area ratio Contribution: ,0,Perim diff: ,1.05606, Perim diff Contribution: ,0,Frontier diff: ,0, Frontier diff Contribution ,0,Inverse Area ratio: ,0.836362, Inv Area Ratio Contribution: ,0,Inverse Perim ratio: ,1.098, Inv Perim Contribution: ,0, Final Score: ,-134.417
Point: ,132,253,Repeat score:,1, Repeat contribution: ,-1,Dist:,25.0711, Dist contribution: ,-125.355, New scanned ratio: ,0.00800185, New Scanned Cells Contribution: ,0,Area ratio: ,0.958154, Area ratio Contribution: ,0,Perim diff: ,1.05102, Perim diff Contribution: ,0,Frontier diff: ,0, Frontier diff Contribution ,0,Inverse Area ratio: ,0.841059, Inv Area Ratio Contribution: ,0,Inverse Perim ratio: ,1.08926, Inv Perim Contribution: ,0, Final Score: ,-126.355
Point: ,128,255,Repeat score:,1, Repeat contribution: ,-1,Dist:,29.0689, Dist contribution: ,-145.344, New scanned ratio: ,0.00903787, New Scanned Cells Contribution: ,0,Area ratio: ,0.955989, Area ratio Contribution: ,0,Perim diff: ,1.0507, Perim diff Contribution: ,0,Frontier diff: ,0, Frontier diff Contribution ,0,Inverse Area ratio: ,0.836979, Inv Area Ratio Contribution: ,0,Inverse Perim ratio: ,1.08979, Inv Perim Contribution: ,0, Final Score: ,-146.344
Point: ,123,255,Repeat score:,1, Repeat contribution: ,-1,Dist:,31.6228, Dist contribution: ,-158.114, New scanned ratio: ,0.00902424, New Scanned Cells Contribution: ,0,Area ratio: ,0.95658, Area ratio Contribution: ,0,Perim diff: ,1.04817, Perim diff Contribution: ,0,Frontier diff: ,0, Frontier diff Contribution ,0,Inverse Area ratio: ,0.837006, Inv Area Ratio Contribution: ,0,Inverse Perim ratio: ,1.08574, Inv Perim Contribution: ,0, Final Score: ,-159.114
Point: ,122,256,Repeat score:,1, Repeat contribution: ,-1,Dist:,33.2609, Dist contribution: ,-166.305, New scanned ratio: ,0.00955588, New Scanned Cells Contribution: ,0,Area ratio: ,0.95534, Area ratio Contribution: ,0,Perim diff: ,1.05221, Perim diff Contribution: ,0,Frontier diff: ,0, Frontier diff Contribution ,0,Inverse Area ratio: ,0.834805, Inv Area Ratio Contribution: ,0,Inverse Perim ratio: ,1.09244, Inv Perim Contribution: ,0, Final Score: ,-167.305
Point: ,121,255,Repeat score:,1, Repeat contribution: ,-1,Dist:,32.8024, Dist contribution: ,-164.012, New scanned ratio: ,0.00902424, New Scanned Cells Contribution: ,0,Area ratio: ,0.956817, Area ratio Contribution: ,0,Perim diff: ,1.0482, Perim diff Contribution: ,0,Frontier diff: ,0, Frontier diff Contribution ,0,Inverse Area ratio: ,0.837006, Inv Area Ratio Contribution: ,0,Inverse Perim ratio: ,1.08574, Inv Perim Contribution: ,0, Final Score: ,-165.012
Point: ,116,255,Repeat score:,1, Repeat contribution: ,-1,Dist:,36.0694, Dist contribution: ,-180.347, New scanned ratio: ,0.00903787, New Scanned Cells Contribution: ,0,Area ratio: ,0.957409, Area ratio Contribution: ,0,Perim diff: ,1.05086, Perim diff Contribution: ,0,Frontier diff: ,0, Frontier diff Contribution ,0,Inverse Area ratio: ,0.836925, Inv Area Ratio Contribution: ,0,Inverse Perim ratio: ,1.08973, Inv Perim Contribution: ,0, Final Score: ,-181.347
Point: ,113,253,Repeat score:,1, Repeat contribution: ,-1,Dist:,36.4905, Dist contribution: ,-182.453, New scanned ratio: ,0.00798822, New Scanned Cells Contribution: ,0,Area ratio: ,0.960473, Area ratio Contribution: ,0,Perim diff: ,1.04872, Perim diff Contribution: ,0,Frontier diff: ,0, Frontier diff Contribution ,0,Inverse Area ratio: ,0.841112, Inv Area Ratio Contribution: ,0,Inverse Perim ratio: ,1.08515, Inv Perim Contribution: ,0, Final Score: ,-183.453
Point: ,109,255,Repeat score:,1, Repeat contribution: ,-1,Dist:,41.2311, Dist contribution: ,-206.155, New scanned ratio: ,0.00903787, New Scanned Cells Contribution: ,0,Area ratio: ,0.958226, Area ratio Contribution: ,0,Perim diff: ,1.05101, Perim diff Contribution: ,0,Frontier diff: ,0, Frontier diff Contribution ,0,Inverse Area ratio: ,0.836952, Inv Area Ratio Contribution: ,0,Inverse Perim ratio: ,1.08981, Inv Perim Contribution: ,0, Final Score: ,-207.155
BEST Point:,161,236, Score: ,-101.211
COUNT COMMAND: 1
Total frontiers: ,103, Prioritised frontiers: ,23
At: ,160,235,
Point: ,199,235,Repeat score:,1, Repeat contribution: ,-1,Dist:,39, Dist contribution: ,-195, New scanned ratio: ,0.00903284, New Scanned Cells Contribution: ,0,Area ratio: ,0.986169, Area ratio Contribution: ,0,Perim diff: ,1.04215, Perim diff Contribution: ,0,Frontier diff: ,0, Frontier diff Contribution ,0,Inverse Area ratio: ,0.840201, Inv Area Ratio Contribution: ,0,Inverse Perim ratio: ,1.07054, Inv Perim Contribution: ,0, Final Score: ,-196
Point: ,194,235,Repeat score:,1, Repeat contribution: ,-1,Dist:,34, Dist contribution: ,-170, New scanned ratio: ,0.00844963, New Scanned Cells Contribution: ,0,Area ratio: ,0.986366, Area ratio Contribution: ,0,Perim diff: ,1.03877, Perim diff Contribution: ,0,Frontier diff: ,0, Frontier diff Contribution ,0,Inverse Area ratio: ,0.842657, Inv Area Ratio Contribution: ,0,Inverse Perim ratio: ,1.06532, Inv Perim Contribution: ,0, Final Score: ,-171
Point: ,191,233,Repeat score:,1, Repeat contribution: ,-1,Dist:,31.1088, Dist contribution: ,-155.544, New scanned ratio: ,0.00695772, New Scanned Cells Contribution: ,0,Area ratio: ,0.987092, Area ratio Contribution: ,0,Perim diff: ,1.03615, Perim diff Contribution: ,0,Frontier diff: ,0, Frontier diff Contribution ,0,Inverse Area ratio: ,0.848784, Inv Area Ratio Contribution: ,0,Inverse Perim ratio: ,1.06024, Inv Perim Contribution: ,0, Final Score: ,-156.544
Point: ,189,233,Repeat score:,1, Repeat contribution: ,-1,Dist:,29.1163, Dist contribution: ,-145.582, New scanned ratio: ,0.00655084, New Scanned Cells Contribution: ,0,Area ratio: ,0.986987, Area ratio Contribution: ,0,Perim diff: ,1.0358, Perim diff Contribution: ,0,Frontier diff: ,0, Frontier diff Contribution ,0,Inverse Area ratio: ,0.850468, Inv Area Ratio Contribution: ,0,Inverse Perim ratio: ,1.05966, Inv Perim Contribution: ,0, Final Score: ,-146.582
Point: ,186,235,Repeat score:,1, Repeat contribution: ,-1,Dist:,26, Dist contribution: ,-130, New scanned ratio: ,0.00680853, New Scanned Cells Contribution: ,0,Area ratio: ,0.985907, Area ratio Contribution: ,0,Perim diff: ,1.03577, Perim diff Contribution: ,0,Frontier diff: ,0, Frontier diff Contribution ,0,Inverse Area ratio: ,0.849585, Inv Area Ratio Contribution: ,0,Inverse Perim ratio: ,1.06008, Inv Perim Contribution: ,0, Final Score: ,-131
Point: ,181,235,Repeat score:,1, Repeat contribution: ,-1,Dist:,21, Dist contribution: ,-105, New scanned ratio: ,0.00566926, New Scanned Cells Contribution: ,0,Area ratio: ,0.985555, Area ratio Contribution: ,0,Perim diff: ,1.03465, Perim diff Contribution: ,0,Frontier diff: ,0, Frontier diff Contribution ,0,Inverse Area ratio: ,0.854194, Inv Area Ratio Contribution: ,0,Inverse Perim ratio: ,1.05818, Inv Perim Contribution: ,0, Final Score: ,-106
Point: ,180,236,Repeat score:,1, Repeat contribution: ,-1,Dist:,20.0422, Dist contribution: ,-100.211, New scanned ratio: ,0.00584557, New Scanned Cells Contribution: ,0,Area ratio: ,0.984378, Area ratio Contribution: ,0,Perim diff: ,1.0354, Perim diff Contribution: ,0,Frontier diff: ,0, Frontier diff Contribution ,0,Inverse Area ratio: ,0.853476, Inv Area Ratio Contribution: ,0,Inverse Perim ratio: ,1.05964, Inv Perim Contribution: ,0, Final Score: ,-101.211
Point: ,180,241,Repeat score:,1, Repeat contribution: ,-1,Dist:,21.4672, Dist contribution: ,-107.336, New scanned ratio: ,0.00805631, New Scanned Cells Contribution: ,0,Area ratio: ,0.978382, Area ratio Contribution: ,0,Perim diff: ,1.0402, Perim diff Contribution: ,0,Frontier diff: ,0, Frontier diff Contribution ,0,Inverse Area ratio: ,0.84423, Inv Area Ratio Contribution: ,0,Inverse Perim ratio: ,1.06869, Inv Perim Contribution: ,0, Final Score: ,-108.336
Point: ,177,247,Repeat score:,1, Repeat contribution: ,-1,Dist:,23.0729, Dist contribution: ,-115.365, New scanned ratio: ,0.0100229, New Scanned Cells Contribution: ,0,Area ratio: ,0.969823, Area ratio Contribution: ,0,Perim diff: ,1.05091, Perim diff Contribution: ,0,Frontier diff: ,0, Frontier diff Contribution ,0,Inverse Area ratio: ,0.832683, Inv Area Ratio Contribution: ,0,Inverse Perim ratio: ,1.09141, Inv Perim Contribution: ,0, Final Score: ,-116.365
Point: ,172,252,Repeat score:,1, Repeat contribution: ,-1,Dist:,25.1478, Dist contribution: ,-125.739, New scanned ratio: ,0.0107689, New Scanned Cells Contribution: ,0,Area ratio: ,0.962161, Area ratio Contribution: ,0,Perim diff: ,1.06766, Perim diff Contribution: ,0,Frontier diff: ,0, Frontier diff Contribution ,0,Inverse Area ratio: ,0.820004, Inv Area Ratio Contribution: ,0,Inverse Perim ratio: ,1.11575, Inv Perim Contribution: ,0, Final Score: ,-126.739
Point: ,166,255,Repeat score:,1, Repeat contribution: ,-1,Dist:,26.6833, Dist contribution: ,-133.417, New scanned ratio: ,0.0106604, New Scanned Cells Contribution: ,0,Area ratio: ,0.957524, Area ratio Contribution: ,0,Perim diff: ,1.06502, Perim diff Contribution: ,0,Frontier diff: ,0, Frontier diff Contribution ,0,Inverse Area ratio: ,0.82052, Inv Area Ratio Contribution: ,0,Inverse Perim ratio: ,1.11313, Inv Perim Contribution: ,0, Final Score: ,-134.417
Point: ,161,255,Repeat score:,1, Repeat contribution: ,-1,Dist:,26.0192, Dist contribution: ,-130.096, New scanned ratio: ,0.00979235, New Scanned Cells Contribution: ,0,Area ratio: ,0.957359, Area ratio Contribution: ,0,Perim diff: ,1.0594, Perim diff Contribution: ,0,Frontier diff: ,0, Frontier diff Contribution ,0,Inverse Area ratio: ,0.824219, Inv Area Ratio Contribution: ,0,Inverse Perim ratio: ,1.10433, Inv Perim Contribution: ,0, Final Score: ,-131.096
Point: ,160,256,Repeat score:,1, Repeat contribution: ,-1,Dist:,27.3, Dist contribution: ,-136.5, New scanned ratio: ,0.0101585, New Scanned Cells Contribution: ,0,Area ratio: ,0.956067, Area ratio Contribution: ,0,Perim diff: ,1.061, Perim diff Contribution: ,0,Frontier diff: ,0, Frontier diff Contribution ,0,Inverse Area ratio: ,0.822696, Inv Area Ratio Contribution: ,0,Inverse Perim ratio: ,1.10737, Inv Perim Contribution: ,0, Final Score: ,-137.5
Point: ,159,255,Repeat score:,1, Repeat contribution: ,-1,Dist:,26.0192, Dist contribution: ,-130.096, New scanned ratio: ,0.00953466, New Scanned Cells Contribution: ,0,Area ratio: ,0.957386, Area ratio Contribution: ,0,Perim diff: ,1.05764, Perim diff Contribution: ,0,Frontier diff: ,0, Frontier diff Contribution ,0,Inverse Area ratio: ,0.825307, Inv Area Ratio Contribution: ,0,Inverse Perim ratio: ,1.10155, Inv Perim Contribution: ,0, Final Score: ,-131.096
Point: ,154,255,Repeat score:,1, Repeat contribution: ,-1,Dist:,26.6833, Dist contribution: ,-133.417, New scanned ratio: ,0.00910065, New Scanned Cells Contribution: ,0,Area ratio: ,0.957662, Area ratio Contribution: ,0,Perim diff: ,1.05555, Perim diff Contribution: ,0,Frontier diff: ,0, Frontier diff Contribution ,0,Inverse Area ratio: ,0.827074, Inv Area Ratio Contribution: ,0,Inverse Perim ratio: ,1.09816, Inv Perim Contribution: ,0, Final Score: ,-134.417
Point: ,151,253,Repeat score:,1, Repeat contribution: ,-1,Dist:,25.0711, Dist contribution: ,-125.355, New scanned ratio: ,0.00796137, New Scanned Cells Contribution: ,0,Area ratio: ,0.960534, Area ratio Contribution: ,0,Perim diff: ,1.05058, Perim diff Contribution: ,0,Frontier diff: ,0, Frontier diff Contribution ,0,Inverse Area ratio: ,0.831833, Inv Area Ratio Contribution: ,0,Inverse Perim ratio: ,1.08942, Inv Perim Contribution: ,0, Final Score: ,-126.355
Point: ,147,255,Repeat score:,1, Repeat contribution: ,-1,Dist:,29.0689, Dist contribution: ,-145.344, New scanned ratio: ,0.00899215, New Scanned Cells Contribution: ,0,Area ratio: ,0.958517, Area ratio Contribution: ,0,Perim diff: ,1.05029, Perim diff Contribution: ,0,Frontier diff: ,0, Frontier diff Contribution ,0,Inverse Area ratio: ,0.8277, Inv Area Ratio Contribution: ,0,Inverse Perim ratio: ,1.08996, Inv Perim Contribution: ,0, Final Score: ,-146.344
Point: ,142,255,Repeat score:,1, Repeat contribution: ,-1,Dist:,31.6228, Dist contribution: ,-158.114, New scanned ratio: ,0.00897858, New Scanned Cells Contribution: ,0,Area ratio: ,0.95917, Area ratio Contribution: ,0,Perim diff: ,1.04783, Perim diff Contribution: ,0,Frontier diff: ,0, Frontier diff Contribution ,0,Inverse Area ratio: ,0.827727, Inv Area Ratio Contribution: ,0,Inverse Perim ratio: ,1.0859, Inv Perim Contribution: ,0, Final Score: ,-159.114
Point: ,141,256,Repeat score:,1, Repeat contribution: ,-1,Dist:,33.2609, Dist contribution: ,-166.305, New scanned ratio: ,0.00950753, New Scanned Cells Contribution: ,0,Area ratio: ,0.957953, Area ratio Contribution: ,0,Perim diff: ,1.05187, Perim diff Contribution: ,0,Frontier diff: ,0, Frontier diff Contribution ,0,Inverse Area ratio: ,0.825497, Inv Area Ratio Contribution: ,0,Inverse Perim ratio: ,1.09261, Inv Perim Contribution: ,0, Final Score: ,-167.305
Point: ,140,255,Repeat score:,1, Repeat contribution: ,-1,Dist:,32.8024, Dist contribution: ,-164.012, New scanned ratio: ,0.00897858, New Scanned Cells Contribution: ,0,Area ratio: ,0.959432, Area ratio Contribution: ,0,Perim diff: ,1.04788, Perim diff Contribution: ,0,Frontier diff: ,0, Frontier diff Contribution ,0,Inverse Area ratio: ,0.827727, Inv Area Ratio Contribution: ,0,Inverse Perim ratio: ,1.0859, Inv Perim Contribution: ,0, Final Score: ,-165.012
Point: ,135,255,Repeat score:,1, Repeat contribution: ,-1,Dist:,36.0694, Dist contribution: ,-180.347, New scanned ratio: ,0.00899215, New Scanned Cells Contribution: ,0,Area ratio: ,0.960024, Area ratio Contribution: ,0,Perim diff: ,1.05061, Perim diff Contribution: ,0,Frontier diff: ,0, Frontier diff Contribution ,0,Inverse Area ratio: ,0.827645, Inv Area Ratio Contribution: ,0,Inverse Perim ratio: ,1.08989, Inv Perim Contribution: ,0, Final Score: ,-181.347
Point: ,132,253,Repeat score:,1, Repeat contribution: ,-1,Dist:,36.4905, Dist contribution: ,-182.453, New scanned ratio: ,0.00794781, New Scanned Cells Contribution: ,0,Area ratio: ,0.963042, Area ratio Contribution: ,0,Perim diff: ,1.0485, Perim diff Contribution: ,0,Frontier diff: ,0, Frontier diff Contribution ,0,Inverse Area ratio: ,0.831888, Inv Area Ratio Contribution: ,0,Inverse Perim ratio: ,1.08531, Inv Perim Contribution: ,0, Final Score: ,-183.453
Point: ,128,255,Repeat score:,1, Repeat contribution: ,-1,Dist:,41.2311, Dist contribution: ,-206.155, New scanned ratio: ,0.00899215, New Scanned Cells Contribution: ,0,Area ratio: ,0.960842, Area ratio Contribution: ,0,Perim diff: ,1.05085, Perim diff Contribution: ,0,Frontier diff: ,0, Frontier diff Contribution ,0,Inverse Area ratio: ,0.827672, Inv Area Ratio Contribution: ,0,Inverse Perim ratio: ,1.08998, Inv Perim Contribution: ,0, Final Score: ,-207.155
BEST Point:,180,236, Score: ,-101.211
COUNT COMMAND: 1
Total frontiers: ,102, Prioritised frontiers: ,23
At: ,179,235,
Point: ,219,235,Repeat score:,1, Repeat contribution: ,-1,Dist:,40, Dist contribution: ,-200, New scanned ratio: ,0.0090941, New Scanned Cells Contribution: ,0,Area ratio: ,0.988328, Area ratio Contribution: ,0,Perim diff: ,1.05171, Perim diff Contribution: ,0,Frontier diff: ,0, Frontier diff Contribution ,0,Inverse Area ratio: ,0.818039, Inv Area Ratio Contribution: ,0,Inverse Perim ratio: ,1.08957, Inv Perim Contribution: ,0, Final Score: ,-201
Point: ,214,235,Repeat score:,1, Repeat contribution: ,-1,Dist:,35, Dist contribution: ,-175, New scanned ratio: ,0.00858137, New Scanned Cells Contribution: ,0,Area ratio: ,0.988618, Area ratio Contribution: ,0,Perim diff: ,1.03997, Perim diff Contribution: ,0,Frontier diff: ,0, Frontier diff Contribution ,0,Inverse Area ratio: ,0.820688, Inv Area Ratio Contribution: ,0,Inverse Perim ratio: ,1.06817, Inv Perim Contribution: ,0, Final Score: ,-176
Point: ,211,233,Repeat score:,1, Repeat contribution: ,-1,Dist:,32.1055, Dist contribution: ,-160.527, New scanned ratio: ,0.00707019, New Scanned Cells Contribution: ,0,Area ratio: ,0.989103, Area ratio Contribution: ,0,Perim diff: ,1.03627, Perim diff Contribution: ,0,Frontier diff: ,0, Frontier diff Contribution ,0,Inverse Area ratio: ,0.826926, Inv Area Ratio Contribution: ,0,Inverse Perim ratio: ,1.06508, Inv Perim Contribution: ,0, Final Score: ,-161.527
Point: ,209,233,Repeat score:,1, Repeat contribution: ,-1,Dist:,30.1125, Dist contribution: ,-150.562, New scanned ratio: ,0.0066789, New Scanned Cells Contribution: ,0,Area ratio: ,0.989, Area ratio Contribution: ,0,Perim diff: ,1.03629, Perim diff Contribution: ,0,Frontier diff: ,0, Frontier diff Contribution ,0,Inverse Area ratio: ,0.828582, Inv Area Ratio Contribution: ,0,Inverse Perim ratio: ,1.06116, Inv Perim Contribution: ,0, Final Score: ,-151.562
Point: ,206,235,Repeat score:,1, Repeat contribution: ,-1,Dist:,27, Dist contribution: ,-135, New scanned ratio: ,0.00697574, New Scanned Cells Contribution: ,0,Area ratio: ,0.988231, Area ratio Contribution: ,0,Perim diff: ,1.03495, Perim diff Contribution: ,0,Frontier diff: ,0, Frontier diff Contribution ,0,Inverse Area ratio: ,0.827478, Inv Area Ratio Contribution: ,0,Inverse Perim ratio: ,1.05975, Inv Perim Contribution: ,0, Final Score: ,-136
Point: ,201,235,Repeat score:,1, Repeat contribution: ,-1,Dist:,22, Dist contribution: ,-110, New scanned ratio: ,0.00585584, New Scanned Cells Contribution: ,0,Area ratio: ,0.987868, Area ratio Contribution: ,0,Perim diff: ,1.03443, Perim diff Contribution: ,0,Frontier diff: ,0, Frontier diff Contribution ,0,Inverse Area ratio: ,0.832114, Inv Area Ratio Contribution: ,0,Inverse Perim ratio: ,1.05862, Inv Perim Contribution: ,0, Final Score: ,-111
Point: ,199,236,Repeat score:,1, Repeat contribution: ,-1,Dist:,20.0422, Dist contribution: ,-100.211, New scanned ratio: ,0.00580187, New Scanned Cells Contribution: ,0,Area ratio: ,0.986637, Area ratio Contribution: ,0,Perim diff: ,1.03442, Perim diff Contribution: ,0,Frontier diff: ,0, Frontier diff Contribution ,0,Inverse Area ratio: ,0.83228, Inv Area Ratio Contribution: ,0,Inverse Perim ratio: ,1.06281, Inv Perim Contribution: ,0, Final Score: ,-101.211
Point: ,199,241,Repeat score:,1, Repeat contribution: ,-1,Dist:,21.4672, Dist contribution: ,-107.336, New scanned ratio: ,0.00800119, New Scanned Cells Contribution: ,0,Area ratio: ,0.980736, Area ratio Contribution: ,0,Perim diff: ,1.04063, Perim diff Contribution: ,0,Frontier diff: ,0, Frontier diff Contribution ,0,Inverse Area ratio: ,0.823062, Inv Area Ratio Contribution: ,0,Inverse Perim ratio: ,1.07047, Inv Perim Contribution: ,0, Final Score: ,-108.336
Point: ,196,247,Repeat score:,1, Repeat contribution: ,-1,Dist:,23.0729, Dist contribution: ,-115.365, New scanned ratio: ,0.00993065, New Scanned Cells Contribution: ,0,Area ratio: ,0.972263, Area ratio Contribution: ,0,Perim diff: ,1.05223, Perim diff Contribution: ,0,Frontier diff: ,0, Frontier diff Contribution ,0,Inverse Area ratio: ,0.814617, Inv Area Ratio Contribution: ,0,Inverse Perim ratio: ,1.09493, Inv Perim Contribution: ,0, Final Score: ,-116.365
Point: ,191,252,Repeat score:,1, Repeat contribution: ,-1,Dist:,25.1478, Dist contribution: ,-125.739, New scanned ratio: ,0.0106997, New Scanned Cells Contribution: ,0,Area ratio: ,0.964639, Area ratio Contribution: ,0,Perim diff: ,1.06639, Perim diff Contribution: ,0,Frontier diff: ,0, Frontier diff Contribution ,0,Inverse Area ratio: ,0.811084, Inv Area Ratio Contribution: ,0,Inverse Perim ratio: ,1.1156, Inv Perim Contribution: ,0, Final Score: ,-126.739
Point: ,185,255,Repeat score:,1, Repeat contribution: ,-1,Dist:,26.6833, Dist contribution: ,-133.417, New scanned ratio: ,0.0106053, New Scanned Cells Contribution: ,0,Area ratio: ,0.960015, Area ratio Contribution: ,0,Perim diff: ,1.06356, Perim diff Contribution: ,0,Frontier diff: ,0, Frontier diff Contribution ,0,Inverse Area ratio: ,0.811581, Inv Area Ratio Contribution: ,0,Inverse Perim ratio: ,1.11274, Inv Perim Contribution: ,0, Final Score: ,-134.417
Point: ,180,255,Repeat score:,1, Repeat contribution: ,-1,Dist:,26.0192, Dist contribution: ,-130.096, New scanned ratio: ,0.00974175, New Scanned Cells Contribution: ,0,Area ratio: ,0.959852, Area ratio Contribution: ,0,Perim diff: ,1.05806, Perim diff Contribution: ,0,Frontier diff: ,0, Frontier diff Contribution ,0,Inverse Area ratio: ,0.815334, Inv Area Ratio Contribution: ,0,Inverse Perim ratio: ,1.10393, Inv Perim Contribution: ,0, Final Score: ,-131.096
Point: ,179,256,Repeat score:,1, Repeat contribution: ,-1,Dist:,27.3, Dist contribution: ,-136.5, New scanned ratio: ,0.0101061, New Scanned Cells Contribution: ,0,Area ratio: ,0.95856, Area ratio Contribution: ,0,Perim diff: ,1.05964, Perim diff Contribution: ,0,Frontier diff: ,0, Frontier diff Contribution ,0,Inverse Area ratio: ,0.813789, Inv Area Ratio Contribution: ,0,Inverse Perim ratio: ,1.10697, Inv Perim Contribution: ,0, Final Score: ,-137.5
Point: ,178,255,Repeat score:,1, Repeat contribution: ,-1,Dist:,26.0192, Dist contribution: ,-130.096, New scanned ratio: ,0.00948539, New Scanned Cells Contribution: ,0,Area ratio: ,0.95988, Area ratio Contribution: ,0,Perim diff: ,1.05634, Perim diff Contribution: ,0,Frontier diff: ,0, Frontier diff Contribution ,0,Inverse Area ratio: ,0.816438, Inv Area Ratio Contribution: ,0,Inverse Perim ratio: ,1.10115, Inv Perim Contribution: ,0, Final Score: ,-131.096
Point: ,173,255,Repeat score:,1, Repeat contribution: ,-1,Dist:,26.6833, Dist contribution: ,-133.417, New scanned ratio: ,0.00905362, New Scanned Cells Contribution: ,0,Area ratio: ,0.960157, Area ratio Contribution: ,0,Perim diff: ,1.05435, Perim diff Contribution: ,0,Frontier diff: ,0, Frontier diff Contribution ,0,Inverse Area ratio: ,0.818232, Inv Area Ratio Contribution: ,0,Inverse Perim ratio: ,1.09777, Inv Perim Contribution: ,0, Final Score: ,-134.417
Point: ,170,253,Repeat score:,1, Repeat contribution: ,-1,Dist:,25.0711, Dist contribution: ,-125.355, New scanned ratio: ,0.00792023, New Scanned Cells Contribution: ,0,Area ratio: ,0.963032, Area ratio Contribution: ,0,Perim diff: ,1.0495, Perim diff Contribution: ,0,Frontier diff: ,0, Frontier diff Contribution ,0,Inverse Area ratio: ,0.823062, Inv Area Ratio Contribution: ,0,Inverse Perim ratio: ,1.08903, Inv Perim Contribution: ,0, Final Score: ,-126.355
Point: ,166,255,Repeat score:,1, Repeat contribution: ,-1,Dist:,29.0689, Dist contribution: ,-145.344, New scanned ratio: ,0.00894568, New Scanned Cells Contribution: ,0,Area ratio: ,0.961012, Area ratio Contribution: ,0,Perim diff: ,1.04922, Perim diff Contribution: ,0,Frontier diff: ,0, Frontier diff Contribution ,0,Inverse Area ratio: ,0.818867, Inv Area Ratio Contribution: ,0,Inverse Perim ratio: ,1.08956, Inv Perim Contribution: ,0, Final Score: ,-146.344
Point: ,161,255,Repeat score:,1, Repeat contribution: ,-1,Dist:,31.6228, Dist contribution: ,-158.114, New scanned ratio: ,0.00893219, New Scanned Cells Contribution: ,0,Area ratio: ,0.961666, Area ratio Contribution: ,0,Perim diff: ,1.04684, Perim diff Contribution: ,0,Frontier diff: ,0, Frontier diff Contribution ,0,Inverse Area ratio: ,0.818894, Inv Area Ratio Contribution: ,0,Inverse Perim ratio: ,1.08551, Inv Perim Contribution: ,0, Final Score: ,-159.114
Point: ,160,256,Repeat score:,1, Repeat contribution: ,-1,Dist:,33.2609, Dist contribution: ,-166.305, New scanned ratio: ,0.0094584, New Scanned Cells Contribution: ,0,Area ratio: ,0.960509, Area ratio Contribution: ,0,Perim diff: ,1.05088, Perim diff Contribution: ,0,Frontier diff: ,0, Frontier diff Contribution ,0,Inverse Area ratio: ,0.816631, Inv Area Ratio Contribution: ,0,Inverse Perim ratio: ,1.09221, Inv Perim Contribution: ,0, Final Score: ,-167.305
Point: ,159,255,Repeat score:,1, Repeat contribution: ,-1,Dist:,32.8024, Dist contribution: ,-164.012, New scanned ratio: ,0.00893219, New Scanned Cells Contribution: ,0,Area ratio: ,0.961927, Area ratio Contribution: ,0,Perim diff: ,1.04693, Perim diff Contribution: ,0,Frontier diff: ,0, Frontier diff Contribution ,0,Inverse Area ratio: ,0.818894, Inv Area Ratio Contribution: ,0,Inverse Perim ratio: ,1.08551, Inv Perim Contribution: ,0, Final Score: ,-165.012
Point: ,154,255,Repeat score:,1, Repeat contribution: ,-1,Dist:,36.0694, Dist contribution: ,-180.347, New scanned ratio: ,0.00894568, New Scanned Cells Contribution: ,0,Area ratio: ,0.962582, Area ratio Contribution: ,0,Perim diff: ,1.04973, Perim diff Contribution: ,0,Frontier diff: ,0, Frontier diff Contribution ,0,Inverse Area ratio: ,0.818812, Inv Area Ratio Contribution: ,0,Inverse Perim ratio: ,1.0895, Inv Perim Contribution: ,0, Final Score: ,-181.347
Point: ,151,253,Repeat score:,1, Repeat contribution: ,-1,Dist:,36.4905, Dist contribution: ,-182.453, New scanned ratio: ,0.00790674, New Scanned Cells Contribution: ,0,Area ratio: ,0.96554, Area ratio Contribution: ,0,Perim diff: ,1.04769, Perim diff Contribution: ,0,Frontier diff: ,0, Frontier diff Contribution ,0,Inverse Area ratio: ,0.823117, Inv Area Ratio Contribution: ,0,Inverse Perim ratio: ,1.08491, Inv Perim Contribution: ,0, Final Score: ,-183.453
Point: ,147,255,Repeat score:,1, Repeat contribution: ,-1,Dist:,41.2311, Dist contribution: ,-206.155, New scanned ratio: ,0.00894568, New Scanned Cells Contribution: ,0,Area ratio: ,0.963487, Area ratio Contribution: ,0,Perim diff: ,1.05006, Perim diff Contribution: ,0,Frontier diff: ,0, Frontier diff Contribution ,0,Inverse Area ratio: ,0.818839, Inv Area Ratio Contribution: ,0,Inverse Perim ratio: ,1.08958, Inv Perim Contribution: ,0, Final Score: ,-207.155
BEST Point:,199,236, Score: ,-101.211
COUNT COMMAND: 1
Total frontiers: ,103, Prioritised frontiers: ,23
At: ,198,235,
Point: ,234,234,Repeat score:,1, Repeat contribution: ,-1,Dist:,36.0235, Dist contribution: ,-180.117, New scanned ratio: ,0.00842998, New Scanned Cells Contribution: ,0,Area ratio: ,0.991191, Area ratio Contribution: ,0,Perim diff: ,1.03818, Perim diff Contribution: ,0,Frontier diff: ,0, Frontier diff Contribution ,0,Inverse Area ratio: ,0.799989, Inv Area Ratio Contribution: ,0,Inverse Perim ratio: ,1.06657, Inv Perim Contribution: ,0, Final Score: ,-181.117
Point: ,231,232,Repeat score:,1, Repeat contribution: ,-1,Dist:,33.2297, Dist contribution: ,-166.148, New scanned ratio: ,0.00698024, New Scanned Cells Contribution: ,0,Area ratio: ,0.991468, Area ratio Contribution: ,0,Perim diff: ,1.03601, Perim diff Contribution: ,0,Frontier diff: ,0, Frontier diff Contribution ,0,Inverse Area ratio: ,0.806033, Inv Area Ratio Contribution: ,0,Inverse Perim ratio: ,1.06209, Inv Perim Contribution: ,0, Final Score: ,-167.148
Point: ,226,235,Repeat score:,1, Repeat contribution: ,-1,Dist:,28, Dist contribution: ,-140, New scanned ratio: ,0.00734268, New Scanned Cells Contribution: ,0,Area ratio: ,0.99072, Area ratio Contribution: ,0,Perim diff: ,1.03647, Perim diff Contribution: ,0,Frontier diff: ,0, Frontier diff Contribution ,0,Inverse Area ratio: ,0.804515, Inv Area Ratio Contribution: ,0,Inverse Perim ratio: ,1.06344, Inv Perim Contribution: ,0, Final Score: ,-141
Point: ,221,235,Repeat score:,1, Repeat contribution: ,-1,Dist:,23, Dist contribution: ,-115, New scanned ratio: ,0.00618825, New Scanned Cells Contribution: ,0,Area ratio: ,0.990307, Area ratio Contribution: ,0,Perim diff: ,1.03537, Perim diff Contribution: ,0,Frontier diff: ,0, Frontier diff Contribution ,0,Inverse Area ratio: ,0.809345, Inv Area Ratio Contribution: ,0,Inverse Perim ratio: ,1.06131, Inv Perim Contribution: ,0, Final Score: ,-116
Point: ,220,236,Repeat score:,1, Repeat contribution: ,-1,Dist:,22.0384, Dist contribution: ,-110.192, New scanned ratio: ,0.00637618, New Scanned Cells Contribution: ,0,Area ratio: ,0.989131, Area ratio Contribution: ,0,Perim diff: ,1.03539, Perim diff Contribution: ,0,Frontier diff: ,0, Frontier diff Contribution ,0,Inverse Area ratio: ,0.808655, Inv Area Ratio Contribution: ,0,Inverse Perim ratio: ,1.06174, Inv Perim Contribution: ,0, Final Score: ,-111.192
Point: ,219,235,Repeat score:,1, Repeat contribution: ,-1,Dist:,21, Dist contribution: ,-105, New scanned ratio: ,0.00571843, New Scanned Cells Contribution: ,0,Area ratio: ,0.990151, Area ratio Contribution: ,0,Perim diff: ,1.03332, Perim diff Contribution: ,0,Frontier diff: ,0, Frontier diff Contribution ,0,Inverse Area ratio: ,0.81136, Inv Area Ratio Contribution: ,0,Inverse Perim ratio: ,1.062, Inv Perim Contribution: ,0, Final Score: ,-106
Point: ,218,236,Repeat score:,1, Repeat contribution: ,-1,Dist:,20.0422, Dist contribution: ,-100.211, New scanned ratio: ,0.00586609, New Scanned Cells Contribution: ,0,Area ratio: ,0.988935, Area ratio Contribution: ,0,Perim diff: ,1.03648, Perim diff Contribution: ,0,Frontier diff: ,0, Frontier diff Contribution ,0,Inverse Area ratio: ,0.81067, Inv Area Ratio Contribution: ,0,Inverse Perim ratio: ,1.06321, Inv Perim Contribution: ,0, Final Score: ,-101.211
Point: ,218,241,Repeat score:,1, Repeat contribution: ,-1,Dist:,21.4672, Dist contribution: ,-107.336, New scanned ratio: ,0.0080407, New Scanned Cells Contribution: ,0,Area ratio: ,0.983149, Area ratio Contribution: ,0,Perim diff: ,1.04135, Perim diff Contribution: ,0,Frontier diff: ,0, Frontier diff Contribution ,0,Inverse Area ratio: ,0.801535, Inv Area Ratio Contribution: ,0,Inverse Perim ratio: ,1.07332, Inv Perim Contribution: ,0, Final Score: ,-108.336
Point: ,215,247,Repeat score:,1, Repeat contribution: ,-1,Dist:,23.0729, Dist contribution: ,-115.365, New scanned ratio: ,0.00985288, New Scanned Cells Contribution: ,0,Area ratio: ,0.974653, Area ratio Contribution: ,0,Perim diff: ,1.05335, Perim diff Contribution: ,0,Frontier diff: ,0, Frontier diff Contribution ,0,Inverse Area ratio: ,0.793586, Inv Area Ratio Contribution: ,0,Inverse Perim ratio: ,1.095, Inv Perim Contribution: ,0, Final Score: ,-116.365
Point: ,210,252,Repeat score:,1, Repeat contribution: ,-1,Dist:,25.1478, Dist contribution: ,-125.739, New scanned ratio: ,0.0106449, New Scanned Cells Contribution: ,0,Area ratio: ,0.966879, Area ratio Contribution: ,0,Perim diff: ,1.06452, Perim diff Contribution: ,0,Frontier diff: ,0, Frontier diff Contribution ,0,Inverse Area ratio: ,0.789943, Inv Area Ratio Contribution: ,0,Inverse Perim ratio: ,1.11542, Inv Perim Contribution: ,0, Final Score: ,-126.739
Point: ,204,255,Repeat score:,1, Repeat contribution: ,-1,Dist:,26.6833, Dist contribution: ,-133.417, New scanned ratio: ,0.0105509, New Scanned Cells Contribution: ,0,Area ratio: ,0.962258, Area ratio Contribution: ,0,Perim diff: ,1.06269, Perim diff Contribution: ,0,Frontier diff: ,0, Frontier diff Contribution ,0,Inverse Area ratio: ,0.790412, Inv Area Ratio Contribution: ,0,Inverse Perim ratio: ,1.11395, Inv Perim Contribution: ,0, Final Score: ,-134.417
Point: ,199,255,Repeat score:,1, Repeat contribution: ,-1,Dist:,26.0192, Dist contribution: ,-130.096, New scanned ratio: ,0.0096918, New Scanned Cells Contribution: ,0,Area ratio: ,0.962283, Area ratio Contribution: ,0,Perim diff: ,1.05738, Perim diff Contribution: ,0,Frontier diff: ,0, Frontier diff Contribution ,0,Inverse Area ratio: ,0.794166, Inv Area Ratio Contribution: ,0,Inverse Perim ratio: ,1.10514, Inv Perim Contribution: ,0, Final Score: ,-131.096
Point: ,198,256,Repeat score:,1, Repeat contribution: ,-1,Dist:,27.3, Dist contribution: ,-136.5, New scanned ratio: ,0.0100542, New Scanned Cells Contribution: ,0,Area ratio: ,0.960952, Area ratio Contribution: ,0,Perim diff: ,1.05893, Perim diff Contribution: ,0,Frontier diff: ,0, Frontier diff Contribution ,0,Inverse Area ratio: ,0.79262, Inv Area Ratio Contribution: ,0,Inverse Perim ratio: ,1.10818, Inv Perim Contribution: ,0, Final Score: ,-137.5
Point: ,197,255,Repeat score:,1, Repeat contribution: ,-1,Dist:,26.0192, Dist contribution: ,-130.096, New scanned ratio: ,0.00943675, New Scanned Cells Contribution: ,0,Area ratio: ,0.962349, Area ratio Contribution: ,0,Perim diff: ,1.05573, Perim diff Contribution: ,0,Frontier diff: ,0, Frontier diff Contribution ,0,Inverse Area ratio: ,0.79527, Inv Area Ratio Contribution: ,0,Inverse Perim ratio: ,1.10237, Inv Perim Contribution: ,0, Final Score: ,-131.096
Point: ,192,255,Repeat score:,1, Repeat contribution: ,-1,Dist:,26.6833, Dist contribution: ,-133.417, New scanned ratio: ,0.0090072, New Scanned Cells Contribution: ,0,Area ratio: ,0.962626, Area ratio Contribution: ,0,Perim diff: ,1.05389, Perim diff Contribution: ,0,Frontier diff: ,0, Frontier diff Contribution ,0,Inverse Area ratio: ,0.797063, Inv Area Ratio Contribution: ,0,Inverse Perim ratio: ,1.09898, Inv Perim Contribution: ,0, Final Score: ,-134.417
Point: ,189,253,Repeat score:,1, Repeat contribution: ,-1,Dist:,25.0711, Dist contribution: ,-125.355, New scanned ratio: ,0.00787962, New Scanned Cells Contribution: ,0,Area ratio: ,0.965504, Area ratio Contribution: ,0,Perim diff: ,1.04921, Perim diff Contribution: ,0,Frontier diff: ,0, Frontier diff Contribution ,0,Inverse Area ratio: ,0.801893, Inv Area Ratio Contribution: ,0,Inverse Perim ratio: ,1.09024, Inv Perim Contribution: ,0, Final Score: ,-126.355
Point: ,185,255,Repeat score:,1, Repeat contribution: ,-1,Dist:,29.0689, Dist contribution: ,-145.344, New scanned ratio: ,0.00889981, New Scanned Cells Contribution: ,0,Area ratio: ,0.963482, Area ratio Contribution: ,0,Perim diff: ,1.04895, Perim diff Contribution: ,0,Frontier diff: ,0, Frontier diff Contribution ,0,Inverse Area ratio: ,0.797698, Inv Area Ratio Contribution: ,0,Inverse Perim ratio: ,1.09077, Inv Perim Contribution: ,0, Final Score: ,-146.344
Point: ,180,255,Repeat score:,1, Repeat contribution: ,-1,Dist:,31.6228, Dist contribution: ,-158.114, New scanned ratio: ,0.00888638, New Scanned Cells Contribution: ,0,Area ratio: ,0.964135, Area ratio Contribution: ,0,Perim diff: ,1.04668, Perim diff Contribution: ,0,Frontier diff: ,0, Frontier diff Contribution ,0,Inverse Area ratio: ,0.797726, Inv Area Ratio Contribution: ,0,Inverse Perim ratio: ,1.08672, Inv Perim Contribution: ,0, Final Score: ,-159.114
Point: ,179,256,Repeat score:,1, Repeat contribution: ,-1,Dist:,33.2609, Dist contribution: ,-166.305, New scanned ratio: ,0.0094099, New Scanned Cells Contribution: ,0,Area ratio: ,0.962977, Area ratio Contribution: ,0,Perim diff: ,1.0507, Perim diff Contribution: ,0,Frontier diff: ,0, Frontier diff Contribution ,0,Inverse Area ratio: ,0.795463, Inv Area Ratio Contribution: ,0,Inverse Perim ratio: ,1.09342, Inv Perim Contribution: ,0, Final Score: ,-167.305
Point: ,178,255,Repeat score:,1, Repeat contribution: ,-1,Dist:,32.8024, Dist contribution: ,-164.012, New scanned ratio: ,0.00888638, New Scanned Cells Contribution: ,0,Area ratio: ,0.964397, Area ratio Contribution: ,0,Perim diff: ,1.04681, Perim diff Contribution: ,0,Frontier diff: ,0, Frontier diff Contribution ,0,Inverse Area ratio: ,0.797726, Inv Area Ratio Contribution: ,0,Inverse Perim ratio: ,1.08672, Inv Perim Contribution: ,0, Final Score: ,-165.012
Point: ,173,255,Repeat score:,1, Repeat contribution: ,-1,Dist:,36.0694, Dist contribution: ,-180.347, New scanned ratio: ,0.00889981, New Scanned Cells Contribution: ,0,Area ratio: ,0.965051, Area ratio Contribution: ,0,Perim diff: ,1.04971, Perim diff Contribution: ,0,Frontier diff: ,0, Frontier diff Contribution ,0,Inverse Area ratio: ,0.797643, Inv Area Ratio Contribution: ,0,Inverse Perim ratio: ,1.09071, Inv Perim Contribution: ,0, Final Score: ,-181.347
Point: ,170,253,Repeat score:,1, Repeat contribution: ,-1,Dist:,36.4905, Dist contribution: ,-182.453, New scanned ratio: ,0.00786619, New Scanned Cells Contribution: ,0,Area ratio: ,0.968012, Area ratio Contribution: ,0,Perim diff: ,1.04778, Perim diff Contribution: ,0,Frontier diff: ,0, Frontier diff Contribution ,0,Inverse Area ratio: ,0.801948, Inv Area Ratio Contribution: ,0,Inverse Perim ratio: ,1.08613, Inv Perim Contribution: ,0, Final Score: ,-183.453
Point: ,166,255,Repeat score:,1, Repeat contribution: ,-1,Dist:,41.2311, Dist contribution: ,-206.155, New scanned ratio: ,0.00889981, New Scanned Cells Contribution: ,0,Area ratio: ,0.965957, Area ratio Contribution: ,0,Perim diff: ,1.05017, Perim diff Contribution: ,0,Frontier diff: ,0, Frontier diff Contribution ,0,Inverse Area ratio: ,0.797671, Inv Area Ratio Contribution: ,0,Inverse Perim ratio: ,1.09079, Inv Perim Contribution: ,0, Final Score: ,-207.155
BEST Point:,218,236, Score: ,-101.211
COUNT COMMAND: 1
Signal name: ,0IP8MG, Signal value: ,7.10479
Total frontiers: ,105, Prioritised frontiers: ,31
At: ,217,235,
Point: ,254,234,Repeat score:,1, Repeat contribution: ,-1,Dist:,37.0228, Dist contribution: ,-185.114, New scanned ratio: ,0.00868009, New Scanned Cells Contribution: ,0,Area ratio: ,0.992944, Area ratio Contribution: ,0,Perim diff: ,1.03684, Perim diff Contribution: ,0,Frontier diff: ,0, Frontier diff Contribution ,0,Inverse Area ratio: ,0.777247, Inv Area Ratio Contribution: ,0,Inverse Perim ratio: ,1.0681, Inv Perim Contribution: ,0, Final Score: ,-186.114
Point: ,251,232,Repeat score:,1, Repeat contribution: ,-1,Dist:,34.2229, Dist contribution: ,-171.115, New scanned ratio: ,0.00726457, New Scanned Cells Contribution: ,0,Area ratio: ,0.99325, Area ratio Contribution: ,0,Perim diff: ,1.03472, Perim diff Contribution: ,0,Frontier diff: ,0, Frontier diff Contribution ,0,Inverse Area ratio: ,0.783209, Inv Area Ratio Contribution: ,0,Inverse Perim ratio: ,1.06281, Inv Perim Contribution: ,0, Final Score: ,-172.115
Point: ,249,232,Repeat score:,1, Repeat contribution: ,-1,Dist:,32.2368, Dist contribution: ,-161.184, New scanned ratio: ,0.00690401, New Scanned Cells Contribution: ,0,Area ratio: ,0.993307, Area ratio Contribution: ,0,Perim diff: ,1.03474, Perim diff Contribution: ,0,Frontier diff: ,0, Frontier diff Contribution ,0,Inverse Area ratio: ,0.784671, Inv Area Ratio Contribution: ,0,Inverse Perim ratio: ,1.06256, Inv Perim Contribution: ,0, Final Score: ,-162.184
Point: ,246,234,Repeat score:,1, Repeat contribution: ,-1,Dist:,29.0291, Dist contribution: ,-145.146, New scanned ratio: ,0.00723786, New Scanned Cells Contribution: ,0,Area ratio: ,0.993053, Area ratio Contribution: ,0,Perim diff: ,1.03333, Perim diff Contribution: ,0,Frontier diff: ,0, Frontier diff Contribution ,0,Inverse Area ratio: ,0.783347, Inv Area Ratio Contribution: ,0,Inverse Perim ratio: ,1.06095, Inv Perim Contribution: ,0, Final Score: ,-146.146
Point: ,241,234,Repeat score:,1, Repeat contribution: ,-1,Dist:,24.0352, Dist contribution: ,-120.176, New scanned ratio: ,0.00615619, New Scanned Cells Contribution: ,0,Area ratio: ,0.992893, Area ratio Contribution: ,0,Perim diff: ,1.03217, Perim diff Contribution: ,0,Frontier diff: ,0, Frontier diff Contribution ,0,Inverse Area ratio: ,0.788011, Inv Area Ratio Contribution: ,0,Inverse Perim ratio: ,1.05826, Inv Perim Contribution: ,0, Final Score: ,-121.176
Point: ,240,235,Repeat score:,1, Repeat contribution: ,-1,Dist:,23, Dist contribution: ,-115, New scanned ratio: ,0.00634314, New Scanned Cells Contribution: ,0,Area ratio: ,0.99271, Area ratio Contribution: ,0,Perim diff: ,1.03225, Perim diff Contribution: ,0,Frontier diff: ,0, Frontier diff Contribution ,0,Inverse Area ratio: ,0.787155, Inv Area Ratio Contribution: ,0,Inverse Perim ratio: ,1.05891, Inv Perim Contribution: ,0, Final Score: ,-116
Point: ,239,234,Repeat score:,1, Repeat contribution: ,-1,Dist:,22.0384, Dist contribution: ,-110.192, New scanned ratio: ,0.00570215, New Scanned Cells Contribution: ,0,Area ratio: ,0.992785, Area ratio Contribution: ,0,Perim diff: ,1.03174, Perim diff Contribution: ,0,Frontier diff: ,0, Frontier diff Contribution ,0,Inverse Area ratio: ,0.789915, Inv Area Ratio Contribution: ,0,Inverse Perim ratio: ,1.05738, Inv Perim Contribution: ,0, Final Score: ,-111.192
Point: ,237,234,Repeat score:,1, Repeat contribution: ,-1,Dist:,20.0422, Dist contribution: ,-100.211, New scanned ratio: ,0.00522141, New Scanned Cells Contribution: ,0,Area ratio: ,0.992617, Area ratio Contribution: ,0,Perim diff: ,1.03273, Perim diff Contribution: ,0,Frontier diff: ,0, Frontier diff Contribution ,0,Inverse Area ratio: ,0.791847, Inv Area Ratio Contribution: ,0,Inverse Perim ratio: ,1.05853, Inv Perim Contribution: ,0, Final Score: ,-101.211
Point: ,238,235,Repeat score:,1, Repeat contribution: ,-1,Dist:,21, Dist contribution: ,-105, New scanned ratio: ,0.0058624, New Scanned Cells Contribution: ,0,Area ratio: ,0.992595, Area ratio Contribution: ,0,Perim diff: ,1.03427, Perim diff Contribution: ,0,Frontier diff: ,0, Frontier diff Contribution ,0,Inverse Area ratio: ,0.789142, Inv Area Ratio Contribution: ,0,Inverse Perim ratio: ,1.06157, Inv Perim Contribution: ,0, Final Score: ,-106
Point: ,237,236,Repeat score:,1, Repeat contribution: ,-1,Dist:,20.0422, Dist contribution: ,-100.211, New scanned ratio: ,0.00600929, New Scanned Cells Contribution: ,0,Area ratio: ,0.991353, Area ratio Contribution: ,0,Perim diff: ,1.03507, Perim diff Contribution: ,0,Frontier diff: ,0, Frontier diff Contribution ,0,Inverse Area ratio: ,0.788508, Inv Area Ratio Contribution: ,0,Inverse Perim ratio: ,1.06327, Inv Perim Contribution: ,0, Final Score: ,-101.211
Point: ,237,241,Repeat score:,1, Repeat contribution: ,-1,Dist:,21.4672, Dist contribution: ,-107.336, New scanned ratio: ,0.00817264, New Scanned Cells Contribution: ,0,Area ratio: ,0.985306, Area ratio Contribution: ,0,Perim diff: ,1.03917, Perim diff Contribution: ,0,Frontier diff: ,0, Frontier diff Contribution ,0,Inverse Area ratio: ,0.779345, Inv Area Ratio Contribution: ,0,Inverse Perim ratio: ,1.07314, Inv Perim Contribution: ,0, Final Score: ,-108.336
Point: ,234,247,Repeat score:,1, Repeat contribution: ,-1,Dist:,23.0729, Dist contribution: ,-115.365, New scanned ratio: ,0.00993537, New Scanned Cells Contribution: ,0,Area ratio: ,0.976591, Area ratio Contribution: ,0,Perim diff: ,1.05101, Perim diff Contribution: ,0,Frontier diff: ,0, Frontier diff Contribution ,0,Inverse Area ratio: ,0.771562, Inv Area Ratio Contribution: ,0,Inverse Perim ratio: ,1.0953, Inv Perim Contribution: ,0, Final Score: ,-116.365
Point: ,229,252,Repeat score:,1, Repeat contribution: ,-1,Dist:,25.1478, Dist contribution: ,-125.739, New scanned ratio: ,0.0106164, New Scanned Cells Contribution: ,0,Area ratio: ,0.968749, Area ratio Contribution: ,0,Perim diff: ,1.06176, Perim diff Contribution: ,0,Frontier diff: ,0, Frontier diff Contribution ,0,Inverse Area ratio: ,0.768222, Inv Area Ratio Contribution: ,0,Inverse Perim ratio: ,1.1216, Inv Perim Contribution: ,0, Final Score: ,-126.739
Point: ,223,255,Repeat score:,1, Repeat contribution: ,-1,Dist:,26.6833, Dist contribution: ,-133.417, New scanned ratio: ,0.0104962, New Scanned Cells Contribution: ,0,Area ratio: ,0.964069, Area ratio Contribution: ,0,Perim diff: ,1.06189, Perim diff Contribution: ,0,Frontier diff: ,0, Frontier diff Contribution ,0,Inverse Area ratio: ,0.768885, Inv Area Ratio Contribution: ,0,Inverse Perim ratio: ,1.1168, Inv Perim Contribution: ,0, Final Score: ,-134.417
Point: ,218,255,Repeat score:,1, Repeat contribution: ,-1,Dist:,26.0192, Dist contribution: ,-130.096, New scanned ratio: ,0.00964158, New Scanned Cells Contribution: ,0,Area ratio: ,0.964096, Area ratio Contribution: ,0,Perim diff: ,1.0569, Perim diff Contribution: ,0,Frontier diff: ,0, Frontier diff Contribution ,0,Inverse Area ratio: ,0.772638, Inv Area Ratio Contribution: ,0,Inverse Perim ratio: ,1.108, Inv Perim Contribution: ,0, Final Score: ,-131.096
Point: ,217,256,Repeat score:,1, Repeat contribution: ,-1,Dist:,27.3, Dist contribution: ,-136.5, New scanned ratio: ,0.0100021, New Scanned Cells Contribution: ,0,Area ratio: ,0.962767, Area ratio Contribution: ,0,Perim diff: ,1.05843, Perim diff Contribution: ,0,Frontier diff: ,0, Frontier diff Contribution ,0,Inverse Area ratio: ,0.771093, Inv Area Ratio Contribution: ,0,Inverse Perim ratio: ,1.11104, Inv Perim Contribution: ,0, Final Score: ,-137.5
Point: ,216,255,Repeat score:,1, Repeat contribution: ,-1,Dist:,26.0192, Dist contribution: ,-130.096, New scanned ratio: ,0.00938785, New Scanned Cells Contribution: ,0,Area ratio: ,0.964199, Area ratio Contribution: ,0,Perim diff: ,1.05537, Perim diff Contribution: ,0,Frontier diff: ,0, Frontier diff Contribution ,0,Inverse Area ratio: ,0.773742, Inv Area Ratio Contribution: ,0,Inverse Perim ratio: ,1.10522, Inv Perim Contribution: ,0, Final Score: ,-131.096
Point: ,211,255,Repeat score:,1, Repeat contribution: ,-1,Dist:,26.6833, Dist contribution: ,-133.417, New scanned ratio: ,0.00896053, New Scanned Cells Contribution: ,0,Area ratio: ,0.964663, Area ratio Contribution: ,0,Perim diff: ,1.05378, Perim diff Contribution: ,0,Frontier diff: ,0, Frontier diff Contribution ,0,Inverse Area ratio: ,0.775536, Inv Area Ratio Contribution: ,0,Inverse Perim ratio: ,1.10183, Inv Perim Contribution: ,0, Final Score: ,-134.417
Point: ,208,253,Repeat score:,1, Repeat contribution: ,-1,Dist:,25.0711, Dist contribution: ,-125.355, New scanned ratio: ,0.00783879, New Scanned Cells Contribution: ,0,Area ratio: ,0.967803, Area ratio Contribution: ,0,Perim diff: ,1.04939, Perim diff Contribution: ,0,Frontier diff: ,0, Frontier diff Contribution ,0,Inverse Area ratio: ,0.780366, Inv Area Ratio Contribution: ,0,Inverse Perim ratio: ,1.09309, Inv Perim Contribution: ,0, Final Score: ,-126.355
Point: ,204,255,Repeat score:,1, Repeat contribution: ,-1,Dist:,29.0689, Dist contribution: ,-145.344, New scanned ratio: ,0.00885369, New Scanned Cells Contribution: ,0,Area ratio: ,0.965779, Area ratio Contribution: ,0,Perim diff: ,1.04915, Perim diff Contribution: ,0,Frontier diff: ,0, Frontier diff Contribution ,0,Inverse Area ratio: ,0.776171, Inv Area Ratio Contribution: ,0,Inverse Perim ratio: ,1.09363, Inv Perim Contribution: ,0, Final Score: ,-146.344
Point: ,199,255,Repeat score:,1, Repeat contribution: ,-1,Dist:,31.6228, Dist contribution: ,-158.114, New scanned ratio: ,0.00884034, New Scanned Cells Contribution: ,0,Area ratio: ,0.966619, Area ratio Contribution: ,0,Perim diff: ,1.04706, Perim diff Contribution: ,0,Frontier diff: ,0, Frontier diff Contribution ,0,Inverse Area ratio: ,0.776198, Inv Area Ratio Contribution: ,0,Inverse Perim ratio: ,1.08957, Inv Perim Contribution: ,0, Final Score: ,-159.114
Point: ,198,256,Repeat score:,1, Repeat contribution: ,-1,Dist:,33.2609, Dist contribution: ,-166.305, New scanned ratio: ,0.00936115, New Scanned Cells Contribution: ,0,Area ratio: ,0.965423, Area ratio Contribution: ,0,Perim diff: ,1.05105, Perim diff Contribution: ,0,Frontier diff: ,0, Frontier diff Contribution ,0,Inverse Area ratio: ,0.773935, Inv Area Ratio Contribution: ,0,Inverse Perim ratio: ,1.09628, Inv Perim Contribution: ,0, Final Score: ,-167.305
Point: ,197,255,Repeat score:,1, Repeat contribution: ,-1,Dist:,32.8024, Dist contribution: ,-164.012, New scanned ratio: ,0.00884034, New Scanned Cells Contribution: ,0,Area ratio: ,0.966918, Area ratio Contribution: ,0,Perim diff: ,1.04726, Perim diff Contribution: ,0,Frontier diff: ,0, Frontier diff Contribution ,0,Inverse Area ratio: ,0.776198, Inv Area Ratio Contribution: ,0,Inverse Perim ratio: ,1.08957, Inv Perim Contribution: ,0, Final Score: ,-165.012
Point: ,192,255,Repeat score:,1, Repeat contribution: ,-1,Dist:,36.0694, Dist contribution: ,-180.347, New scanned ratio: ,0.00885369, New Scanned Cells Contribution: ,0,Area ratio: ,0.967573, Area ratio Contribution: ,0,Perim diff: ,1.0503, Perim diff Contribution: ,0,Frontier diff: ,0, Frontier diff Contribution ,0,Inverse Area ratio: ,0.776116, Inv Area Ratio Contribution: ,0,Inverse Perim ratio: ,1.09356, Inv Perim Contribution: ,0, Final Score: ,-181.347
Point: ,189,253,Repeat score:,1, Repeat contribution: ,-1,Dist:,36.4905, Dist contribution: ,-182.453, New scanned ratio: ,0.00782544, New Scanned Cells Contribution: ,0,Area ratio: ,0.970536, Area ratio Contribution: ,0,Perim diff: ,1.04854, Perim diff Contribution: ,0,Frontier diff: ,0, Frontier diff Contribution ,0,Inverse Area ratio: ,0.780421, Inv Area Ratio Contribution: ,0,Inverse Perim ratio: ,1.08898, Inv Perim Contribution: ,0, Final Score: ,-183.453
Point: ,185,255,Repeat score:,1, Repeat contribution: ,-1,Dist:,41.2311, Dist contribution: ,-206.155, New scanned ratio: ,0.00885369, New Scanned Cells Contribution: ,0,Area ratio: ,0.968478, Area ratio Contribution: ,0,Perim diff: ,1.05094, Perim diff Contribution: ,0,Frontier diff: ,0, Frontier diff Contribution ,0,Inverse Area ratio: ,0.776143, Inv Area Ratio Contribution: ,0,Inverse Perim ratio: ,1.09365, Inv Perim Contribution: ,0, Final Score: ,-207.155
Point: ,237,237,Repeat score:,1, Repeat contribution: ,-1,Dist:,20.1683, Dist contribution: ,-100.841, New scanned ratio: ,0.00642327, New Scanned Cells Contribution: ,0,Area ratio: ,0.990182, Area ratio Contribution: ,0,Perim diff: ,1.03553, Perim diff Contribution: ,0,Frontier diff: ,0, Frontier diff Contribution ,0,Inverse Area ratio: ,0.786797, Inv Area Ratio Contribution: ,0,Inverse Perim ratio: ,1.06464, Inv Perim Contribution: ,0, Final Score: ,-1.84146
Point: ,217,217,Repeat score:,1, Repeat contribution: ,-1,Dist:,23.4, Dist contribution: ,-117, New scanned ratio: ,0, New Scanned Cells Contribution: ,0,Area ratio: ,0.989935, Area ratio Contribution: ,0,Perim diff: ,1.03592, Perim diff Contribution: ,0,Frontier diff: ,0, Frontier diff Contribution ,0,Inverse Area ratio: ,0.813402, Inv Area Ratio Contribution: ,0,Inverse Perim ratio: ,1.06182, Inv Perim Contribution: ,0, Final Score: ,-18
Point: ,218,256,Repeat score:,1, Repeat contribution: ,-1,Dist:,27.3183, Dist contribution: ,-136.592, New scanned ratio: ,0.0101357, New Scanned Cells Contribution: ,0,Area ratio: ,0.962741, Area ratio Contribution: ,0,Perim diff: ,1.05777, Perim diff Contribution: ,0,Frontier diff: ,0, Frontier diff Contribution ,0,Inverse Area ratio: ,0.770513, Inv Area Ratio Contribution: ,0,Inverse Perim ratio: ,1.11034, Inv Perim Contribution: ,0, Final Score: ,-37.5915
Point: ,198,236,Repeat score:,1, Repeat contribution: ,-1,Dist:,19.0444, Dist contribution: ,-95.2221, New scanned ratio: ,0.000280434, New Scanned Cells Contribution: ,0,Area ratio: ,0.989187, Area ratio Contribution: ,0,Perim diff: ,1.03579, Perim diff Contribution: ,0,Frontier diff: ,0, Frontier diff Contribution ,0,Inverse Area ratio: ,0.812353, Inv Area Ratio Contribution: ,0,Inverse Perim ratio: ,1.06166, Inv Perim Contribution: ,0, Final Score: ,3.77789
Point: ,218,237,Repeat score:,1, Repeat contribution: ,-1,Dist:,2.78568, Dist contribution: ,-13.9284, New scanned ratio: ,0.00106832, New Scanned Cells Contribution: ,0,Area ratio: ,0.987843, Area ratio Contribution: ,0,Perim diff: ,1.03706, Perim diff Contribution: ,0,Frontier diff: ,0, Frontier diff Contribution ,0,Inverse Area ratio: ,0.808959, Inv Area Ratio Contribution: ,0,Inverse Perim ratio: ,1.06458, Inv Perim Contribution: ,0, Final Score: ,85.0716
BEST Point:,218,237, Score: ,85.0716
COUNT COMMAND: 1
Signal name: ,0IP8MG, Signal value: ,3.68809
Total frontiers: ,106, Prioritised frontiers: ,32
At: ,218,237,
Point: ,254,234,Repeat score:,1, Repeat contribution: ,-1,Dist:,36.2106, Dist contribution: ,-181.053, New scanned ratio: ,0.00852409, New Scanned Cells Contribution: ,0,Area ratio: ,0.991358, Area ratio Contribution: ,0,Perim diff: ,1.03574, Perim diff Contribution: ,0,Frontier diff: ,0, Frontier diff Contribution ,0,Inverse Area ratio: ,0.773521, Inv Area Ratio Contribution: ,0,Inverse Perim ratio: ,1.06672, Inv Perim Contribution: ,0, Final Score: ,-182.053
Point: ,251,232,Repeat score:,1, Repeat contribution: ,-1,Dist:,33.6341, Dist contribution: ,-168.17, New scanned ratio: ,0.00705672, New Scanned Cells Contribution: ,0,Area ratio: ,0.991653, Area ratio Contribution: ,0,Perim diff: ,1.03509, Perim diff Contribution: ,0,Frontier diff: ,0, Frontier diff Contribution ,0,Inverse Area ratio: ,0.779676, Inv Area Ratio Contribution: ,0,Inverse Perim ratio: ,1.06375, Inv Perim Contribution: ,0, Final Score: ,-169.17
Point: ,249,232,Repeat score:,1, Repeat contribution: ,-1,Dist:,31.6741, Dist contribution: ,-158.371, New scanned ratio: ,0.00666987, New Scanned Cells Contribution: ,0,Area ratio: ,0.991696, Area ratio Contribution: ,0,Perim diff: ,1.0337, Perim diff Contribution: ,0,Frontier diff: ,0, Frontier diff Contribution ,0,Inverse Area ratio: ,0.781222, Inv Area Ratio Contribution: ,0,Inverse Perim ratio: ,1.0614, Inv Perim Contribution: ,0, Final Score: ,-159.371
Point: ,246,234,Repeat score:,1, Repeat contribution: ,-1,Dist:,28.2703, Dist contribution: ,-141.352, New scanned ratio: ,0.00690998, New Scanned Cells Contribution: ,0,Area ratio: ,0.991376, Area ratio Contribution: ,0,Perim diff: ,1.03269, Perim diff Contribution: ,0,Frontier diff: ,0, Frontier diff Contribution ,0,Inverse Area ratio: ,0.780394, Inv Area Ratio Contribution: ,0,Inverse Perim ratio: ,1.0602, Inv Perim Contribution: ,0, Final Score: ,-142.352
Point: ,241,234,Repeat score:,1, Repeat contribution: ,-1,Dist:,23.3283, Dist contribution: ,-116.642, New scanned ratio: ,0.00574943, New Scanned Cells Contribution: ,0,Area ratio: ,0.991242, Area ratio Contribution: ,0,Perim diff: ,1.03238, Perim diff Contribution: ,0,Frontier diff: ,0, Frontier diff Contribution ,0,Inverse Area ratio: ,0.785223, Inv Area Ratio Contribution: ,0,Inverse Perim ratio: ,1.05884, Inv Perim Contribution: ,0, Final Score: ,-117.642
Point: ,240,235,Repeat score:,1, Repeat contribution: ,-1,Dist:,22.1531, Dist contribution: ,-110.766, New scanned ratio: ,0.00589616, New Scanned Cells Contribution: ,0,Area ratio: ,0.991, Area ratio Contribution: ,0,Perim diff: ,1.03242, Perim diff Contribution: ,0,Frontier diff: ,0, Frontier diff Contribution ,0,Inverse Area ratio: ,0.784699, Inv Area Ratio Contribution: ,0,Inverse Perim ratio: ,1.05932, Inv Perim Contribution: ,0, Final Score: ,-111.766
Point: ,238,234,Repeat score:,1, Repeat contribution: ,-1,Dist:,20.3767, Dist contribution: ,-101.884, New scanned ratio: ,0.00501574, New Scanned Cells Contribution: ,0,Area ratio: ,0.991025, Area ratio Contribution: ,0,Perim diff: ,1.0328, Perim diff Contribution: ,0,Frontier diff: ,0, Frontier diff Contribution ,0,Inverse Area ratio: ,0.788342, Inv Area Ratio Contribution: ,0,Inverse Perim ratio: ,1.05907, Inv Perim Contribution: ,0, Final Score: ,-102.884
Point: ,238,236,Repeat score:,1, Repeat contribution: ,-1,Dist:,20.0422, Dist contribution: ,-100.211, New scanned ratio: ,0.00574943, New Scanned Cells Contribution: ,0,Area ratio: ,0.990697, Area ratio Contribution: ,0,Perim diff: ,1.03492, Perim diff Contribution: ,0,Frontier diff: ,0, Frontier diff Contribution ,0,Inverse Area ratio: ,0.785168, Inv Area Ratio Contribution: ,0,Inverse Perim ratio: ,1.06326, Inv Perim Contribution: ,0, Final Score: ,-101.211
Point: ,239,237,Repeat score:,1, Repeat contribution: ,-1,Dist:,21, Dist contribution: ,-105, New scanned ratio: ,0.00641641, New Scanned Cells Contribution: ,0,Area ratio: ,0.990572, Area ratio Contribution: ,0,Perim diff: ,1.03542, Perim diff Contribution: ,0,Frontier diff: ,0, Frontier diff Contribution ,0,Inverse Area ratio: ,0.782436, Inv Area Ratio Contribution: ,0,Inverse Perim ratio: ,1.06483, Inv Perim Contribution: ,0, Final Score: ,-106
Point: ,238,238,Repeat score:,1, Repeat contribution: ,-1,Dist:,20.0422, Dist contribution: ,-100.211, New scanned ratio: ,0.00653647, New Scanned Cells Contribution: ,0,Area ratio: ,0.989592, Area ratio Contribution: ,0,Perim diff: ,1.03603, Perim diff Contribution: ,0,Frontier diff: ,0, Frontier diff Contribution ,0,Inverse Area ratio: ,0.781884, Inv Area Ratio Contribution: ,0,Inverse Perim ratio: ,1.06628, Inv Perim Contribution: ,0, Final Score: ,-101.211
Point: ,238,243,Repeat score:,1, Repeat contribution: ,-1,Dist:,21.4672, Dist contribution: ,-107.336, New scanned ratio: ,0.00865749, New Scanned Cells Contribution: ,0,Area ratio: ,0.983051, Area ratio Contribution: ,0,Perim diff: ,1.04098, Perim diff Contribution: ,0,Frontier diff: ,0, Frontier diff Contribution ,0,Inverse Area ratio: ,0.772859, Inv Area Ratio Contribution: ,0,Inverse Perim ratio: ,1.0778, Inv Perim Contribution: ,0, Final Score: ,-108.336
Point: ,235,249,Repeat score:,1, Repeat contribution: ,-1,Dist:,23.0729, Dist contribution: ,-115.365, New scanned ratio: ,0.0102182, New Scanned Cells Contribution: ,0,Area ratio: ,0.973958, Area ratio Contribution: ,0,Perim diff: ,1.05375, Perim diff Contribution: ,0,Frontier diff: ,0, Frontier diff Contribution ,0,Inverse Area ratio: ,0.765876, Inv Area Ratio Contribution: ,0,Inverse Perim ratio: ,1.10175, Inv Perim Contribution: ,0, Final Score: ,-116.365
Point: ,230,254,Repeat score:,1, Repeat contribution: ,-1,Dist:,25.1478, Dist contribution: ,-125.739, New scanned ratio: ,0.0106051, New Scanned Cells Contribution: ,0,Area ratio: ,0.965855, Area ratio Contribution: ,0,Perim diff: ,1.06746, Perim diff Contribution: ,0,Frontier diff: ,0, Frontier diff Contribution ,0,Inverse Area ratio: ,0.763751, Inv Area Ratio Contribution: ,0,Inverse Perim ratio: ,1.12628, Inv Perim Contribution: ,0, Final Score: ,-126.739
Point: ,224,257,Repeat score:,1, Repeat contribution: ,-1,Dist:,26.6833, Dist contribution: ,-133.417, New scanned ratio: ,0.0105784, New Scanned Cells Contribution: ,0,Area ratio: ,0.961348, Area ratio Contribution: ,0,Perim diff: ,1.06497, Perim diff Contribution: ,0,Frontier diff: ,0, Frontier diff Contribution ,0,Inverse Area ratio: ,0.763889, Inv Area Ratio Contribution: ,0,Inverse Perim ratio: ,1.12383, Inv Perim Contribution: ,0, Final Score: ,-134.417
Point: ,219,257,Repeat score:,1, Repeat contribution: ,-1,Dist:,26.0192, Dist contribution: ,-130.096, New scanned ratio: ,0.0098714, New Scanned Cells Contribution: ,0,Area ratio: ,0.961513, Area ratio Contribution: ,0,Perim diff: ,1.06083, Perim diff Contribution: ,0,Frontier diff: ,0, Frontier diff Contribution ,0,Inverse Area ratio: ,0.767036, Inv Area Ratio Contribution: ,0,Inverse Perim ratio: ,1.11617, Inv Perim Contribution: ,0, Final Score: ,-131.096
Point: ,218,258,Repeat score:,1, Repeat contribution: ,-1,Dist:,27.3, Dist contribution: ,-136.5, New scanned ratio: ,0.0102583, New Scanned Cells Contribution: ,0,Area ratio: ,0.960232, Area ratio Contribution: ,0,Perim diff: ,1.05975, Perim diff Contribution: ,0,Frontier diff: ,0, Frontier diff Contribution ,0,Inverse Area ratio: ,0.765435, Inv Area Ratio Contribution: ,0,Inverse Perim ratio: ,1.11528, Inv Perim Contribution: ,0, Final Score: ,-137.5
Point: ,217,257,Repeat score:,1, Repeat contribution: ,-1,Dist:,26.0192, Dist contribution: ,-130.096, New scanned ratio: ,0.00965797, New Scanned Cells Contribution: ,0,Area ratio: ,0.961654, Area ratio Contribution: ,0,Perim diff: ,1.05857, Perim diff Contribution: ,0,Frontier diff: ,0, Frontier diff Contribution ,0,Inverse Area ratio: ,0.767974, Inv Area Ratio Contribution: ,0,Inverse Perim ratio: ,1.11224, Inv Perim Contribution: ,0, Final Score: ,-131.096
Point: ,212,257,Repeat score:,1, Repeat contribution: ,-1,Dist:,26.6833, Dist contribution: ,-133.417, New scanned ratio: ,0.00936449, New Scanned Cells Contribution: ,0,Area ratio: ,0.962261, Area ratio Contribution: ,0,Perim diff: ,1.05521, Perim diff Contribution: ,0,Frontier diff: ,0, Frontier diff Contribution ,0,Inverse Area ratio: ,0.769244, Inv Area Ratio Contribution: ,0,Inverse Perim ratio: ,1.10602, Inv Perim Contribution: ,0, Final Score: ,-134.417
Point: ,207,254,Repeat score:,1, Repeat contribution: ,-1,Dist:,24.6862, Dist contribution: ,-123.431, New scanned ratio: ,0.00781709, New Scanned Cells Contribution: ,0,Area ratio: ,0.967156, Area ratio Contribution: ,0,Perim diff: ,1.04862, Perim diff Contribution: ,0,Frontier diff: ,0, Frontier diff Contribution ,0,Inverse Area ratio: ,0.775978, Inv Area Ratio Contribution: ,0,Inverse Perim ratio: ,1.0925, Inv Perim Contribution: ,0, Final Score: ,-124.431
Point: ,205,254,Repeat score:,1, Repeat contribution: ,-1,Dist:,25.64, Dist contribution: ,-128.2, New scanned ratio: ,0.0078571, New Scanned Cells Contribution: ,0,Area ratio: ,0.967545, Area ratio Contribution: ,0,Perim diff: ,1.04737, Perim diff Contribution: ,0,Frontier diff: ,0, Frontier diff Contribution ,0,Inverse Area ratio: ,0.77584, Inv Area Ratio Contribution: ,0,Inverse Perim ratio: ,1.09027, Inv Perim Contribution: ,0, Final Score: ,-129.2
Point: ,204,255,Repeat score:,1, Repeat contribution: ,-1,Dist:,27.2683, Dist contribution: ,-136.341, New scanned ratio: ,0.00841737, New Scanned Cells Contribution: ,0,Area ratio: ,0.966391, Area ratio Contribution: ,0,Perim diff: ,1.04777, Perim diff Contribution: ,0,Frontier diff: ,0, Frontier diff Contribution ,0,Inverse Area ratio: ,0.773439, Inv Area Ratio Contribution: ,0,Inverse Perim ratio: ,1.09129, Inv Perim Contribution: ,0, Final Score: ,-137.341
Point: ,199,255,Repeat score:,1, Repeat contribution: ,-1,Dist:,30.1423, Dist contribution: ,-150.712, New scanned ratio: ,0.00853743, New Scanned Cells Contribution: ,0,Area ratio: ,0.967366, Area ratio Contribution: ,0,Perim diff: ,1.04744, Perim diff Contribution: ,0,Frontier diff: ,0, Frontier diff Contribution ,0,Inverse Area ratio: ,0.772942, Inv Area Ratio Contribution: ,0,Inverse Perim ratio: ,1.09014, Inv Perim Contribution: ,0, Final Score: ,-151.712
Point: ,198,256,Repeat score:,1, Repeat contribution: ,-1,Dist:,31.7819, Dist contribution: ,-158.91, New scanned ratio: ,0.0090977, New Scanned Cells Contribution: ,0,Area ratio: ,0.96622, Area ratio Contribution: ,0,Perim diff: ,1.04959, Perim diff Contribution: ,0,Frontier diff: ,0, Frontier diff Contribution ,0,Inverse Area ratio: ,0.770568, Inv Area Ratio Contribution: ,0,Inverse Perim ratio: ,1.09407, Inv Perim Contribution: ,0, Final Score: ,-159.91
Point: ,197,255,Repeat score:,1, Repeat contribution: ,-1,Dist:,31.4414, Dist contribution: ,-157.207, New scanned ratio: ,0.00860413, New Scanned Cells Contribution: ,0,Area ratio: ,0.96773, Area ratio Contribution: ,0,Perim diff: ,1.04839, Perim diff Contribution: ,0,Frontier diff: ,0, Frontier diff Contribution ,0,Inverse Area ratio: ,0.772666, Inv Area Ratio Contribution: ,0,Inverse Perim ratio: ,1.09129, Inv Perim Contribution: ,0, Final Score: ,-158.207
Point: ,192,255,Repeat score:,1, Repeat contribution: ,-1,Dist:,34.9794, Dist contribution: ,-174.897, New scanned ratio: ,0.00873753, New Scanned Cells Contribution: ,0,Area ratio: ,0.968501, Area ratio Contribution: ,0,Perim diff: ,1.05067, Perim diff Contribution: ,0,Frontier diff: ,0, Frontier diff Contribution ,0,Inverse Area ratio: ,0.772086, Inv Area Ratio Contribution: ,0,Inverse Perim ratio: ,1.09413, Inv Perim Contribution: ,0, Final Score: ,-175.897
Point: ,189,253,Repeat score:,1, Repeat contribution: ,-1,Dist:,35.6881, Dist contribution: ,-178.44, New scanned ratio: ,0.00777707, New Scanned Cells Contribution: ,0,Area ratio: ,0.971526, Area ratio Contribution: ,0,Perim diff: ,1.04964, Perim diff Contribution: ,0,Frontier diff: ,0, Frontier diff Contribution ,0,Inverse Area ratio: ,0.776143, Inv Area Ratio Contribution: ,0,Inverse Perim ratio: ,1.09063, Inv Perim Contribution: ,0, Final Score: ,-179.44
Point: ,185,255,Repeat score:,1, Repeat contribution: ,-1,Dist:,40.4544, Dist contribution: ,-202.272, New scanned ratio: ,0.00884425, New Scanned Cells Contribution: ,0,Area ratio: ,0.969504, Area ratio Contribution: ,0,Perim diff: ,1.05267, Perim diff Contribution: ,0,Frontier diff: ,0, Frontier diff Contribution ,0,Inverse Area ratio: ,0.771645, Inv Area Ratio Contribution: ,0,Inverse Perim ratio: ,1.09626, Inv Perim Contribution: ,0, Final Score: ,-203.272
Point: ,227,246,Repeat score:,1, Repeat contribution: ,-1,Dist:,14.7611, Dist contribution: ,-73.8055, New scanned ratio: ,0.00648311, New Scanned Cells Contribution: ,0,Area ratio: ,0.977358, Area ratio Contribution: ,0,Perim diff: ,1.04719, Perim diff Contribution: ,0,Frontier diff: ,0, Frontier diff Contribution ,0,Inverse Area ratio: ,0.781636, Inv Area Ratio Contribution: ,0,Inverse Perim ratio: ,1.08736, Inv Perim Contribution: ,0, Final Score: ,25.1945
Point: ,227,231,Repeat score:,1, Repeat contribution: ,-1,Dist:,11.9097, Dist contribution: ,-59.5483, New scanned ratio: ,0.00133397, New Scanned Cells Contribution: ,0,Area ratio: ,0.989197, Area ratio Contribution: ,0,Perim diff: ,1.03257, Perim diff Contribution: ,0,Frontier diff: ,0, Frontier diff Contribution ,0,Inverse Area ratio: ,0.803632, Inv Area Ratio Contribution: ,0,Inverse Perim ratio: ,1.05791, Inv Perim Contribution: ,0, Final Score: ,39.4517
Point: ,212,246,Repeat score:,1, Repeat contribution: ,-1,Dist:,13.1488, Dist contribution: ,-65.7438, New scanned ratio: ,0.00364175, New Scanned Cells Contribution: ,0,Area ratio: ,0.977079, Area ratio Contribution: ,0,Perim diff: ,1.04102, Perim diff Contribution: ,0,Frontier diff: ,0, Frontier diff Contribution ,0,Inverse Area ratio: ,0.793669, Inv Area Ratio Contribution: ,0,Inverse Perim ratio: ,1.07556, Inv Perim Contribution: ,0, Final Score: ,33.2562
Point: ,212,231,Repeat score:,1, Repeat contribution: ,-1,Dist:,9.84073, Dist contribution: ,-49.2037, New scanned ratio: ,0, New Scanned Cells Contribution: ,0,Area ratio: ,0.987843, Area ratio Contribution: ,0,Perim diff: ,1.03706, Perim diff Contribution: ,0,Frontier diff: ,0, Frontier diff Contribution ,0,Inverse Area ratio: ,0.808959, Inv Area Ratio Contribution: ,0,Inverse Perim ratio: ,1.06458, Inv Perim Contribution: ,0, Final Score: ,49.7963
Point: ,220,238,Repeat score:,1, Repeat contribution: ,-1,Dist:,2.38537, Dist contribution: ,-11.9269, New scanned ratio: ,0.000960461, New Scanned Cells Contribution: ,0,Area ratio: ,0.987004, Area ratio Contribution: ,0,Perim diff: ,1.03657, Perim diff Contribution: ,0,Frontier diff: ,0, Frontier diff Contribution ,0,Inverse Area ratio: ,0.805012, Inv Area Ratio Contribution: ,0,Inverse Perim ratio: ,1.06457, Inv Perim Contribution: ,0, Final Score: ,87.0731
BEST Point:,220,238, Score: ,87.0731
COUNT COMMAND: 1
Signal name: ,0IP8MG, Signal value: ,2.66813
Total frontiers: ,105, Prioritised frontiers: ,32
At: ,220,238,
Point: ,259,234,Repeat score:,1, Repeat contribution: ,-1,Dist:,39.3451, Dist contribution: ,-196.726, New scanned ratio: ,0.00886241, New Scanned Cells Contribution: ,0,Area ratio: ,0.990252, Area ratio Contribution: ,0,Perim diff: ,1.03985, Perim diff Contribution: ,0,Frontier diff: ,0, Frontier diff Contribution ,0,Inverse Area ratio: ,0.767946, Inv Area Ratio Contribution: ,0,Inverse Perim ratio: ,1.07484, Inv Perim Contribution: ,0, Final Score: ,-197.726
Point: ,254,234,Repeat score:,1, Repeat contribution: ,-1,Dist:,34.3953, Dist contribution: ,-171.977, New scanned ratio: ,0.00818274, New Scanned Cells Contribution: ,0,Area ratio: ,0.990742, Area ratio Contribution: ,0,Perim diff: ,1.03421, Perim diff Contribution: ,0,Frontier diff: ,0, Frontier diff Contribution ,0,Inverse Area ratio: ,0.77101, Inv Area Ratio Contribution: ,0,Inverse Perim ratio: ,1.06465, Inv Perim Contribution: ,0, Final Score: ,-172.977
Point: ,251,232,Repeat score:,1, Repeat contribution: ,-1,Dist:,31.9662, Dist contribution: ,-159.831, New scanned ratio: ,0.00669012, New Scanned Cells Contribution: ,0,Area ratio: ,0.990885, Area ratio Contribution: ,0,Perim diff: ,1.03344, Perim diff Contribution: ,0,Frontier diff: ,0, Frontier diff Contribution ,0,Inverse Area ratio: ,0.777275, Inv Area Ratio Contribution: ,0,Inverse Perim ratio: ,1.06156, Inv Perim Contribution: ,0, Final Score: ,-160.831
Point: ,249,232,Repeat score:,1, Repeat contribution: ,-1,Dist:,30.0307, Dist contribution: ,-150.153, New scanned ratio: ,0.00625033, New Scanned Cells Contribution: ,0,Area ratio: ,0.990895, Area ratio Contribution: ,0,Perim diff: ,1.03348, Perim diff Contribution: ,0,Frontier diff: ,0, Frontier diff Contribution ,0,Inverse Area ratio: ,0.778986, Inv Area Ratio Contribution: ,0,Inverse Perim ratio: ,1.06139, Inv Perim Contribution: ,0, Final Score: ,-151.153
Point: ,246,234,Repeat score:,1, Repeat contribution: ,-1,Dist:,26.5149, Dist contribution: ,-132.575, New scanned ratio: ,0.00639693, New Scanned Cells Contribution: ,0,Area ratio: ,0.990627, Area ratio Contribution: ,0,Perim diff: ,1.03254, Perim diff Contribution: ,0,Frontier diff: ,0, Frontier diff Contribution ,0,Inverse Area ratio: ,0.778517, Inv Area Ratio Contribution: ,0,Inverse Perim ratio: ,1.06021, Inv Perim Contribution: ,0, Final Score: ,-133.575
Point: ,241,234,Repeat score:,1, Repeat contribution: ,-1,Dist:,21.6342, Dist contribution: ,-108.171, New scanned ratio: ,0.00517085, New Scanned Cells Contribution: ,0,Area ratio: ,0.990419, Area ratio Contribution: ,0,Perim diff: ,1.03223, Perim diff Contribution: ,0,Frontier diff: ,0, Frontier diff Contribution ,0,Inverse Area ratio: ,0.783623, Inv Area Ratio Contribution: ,0,Inverse Perim ratio: ,1.0589, Inv Perim Contribution: ,0, Final Score: ,-109.171
Point: ,240,235,Repeat score:,1, Repeat contribution: ,-1,Dist:,20.3767, Dist contribution: ,-101.884, New scanned ratio: ,0.00527747, New Scanned Cells Contribution: ,0,Area ratio: ,0.990198, Area ratio Contribution: ,0,Perim diff: ,1.03232, Perim diff Contribution: ,0,Frontier diff: ,0, Frontier diff Contribution ,0,Inverse Area ratio: ,0.783264, Inv Area Ratio Contribution: ,0,Inverse Perim ratio: ,1.05938, Inv Perim Contribution: ,0, Final Score: ,-102.884
Point: ,240,237,Repeat score:,1, Repeat contribution: ,-1,Dist:,20.0422, Dist contribution: ,-100.211, New scanned ratio: ,0.00601045, New Scanned Cells Contribution: ,0,Area ratio: ,0.989819, Area ratio Contribution: ,0,Perim diff: ,1.03421, Perim diff Contribution: ,0,Frontier diff: ,0, Frontier diff Contribution ,0,Inverse Area ratio: ,0.780118, Inv Area Ratio Contribution: ,0,Inverse Perim ratio: ,1.06325, Inv Perim Contribution: ,0, Final Score: ,-101.211
Point: ,241,238,Repeat score:,1, Repeat contribution: ,-1,Dist:,21, Dist contribution: ,-105, New scanned ratio: ,0.0066768, New Scanned Cells Contribution: ,0,Area ratio: ,0.989701, Area ratio Contribution: ,0,Perim diff: ,1.03503, Perim diff Contribution: ,0,Frontier diff: ,0, Frontier diff Contribution ,0,Inverse Area ratio: ,0.77733, Inv Area Ratio Contribution: ,0,Inverse Perim ratio: ,1.06539, Inv Perim Contribution: ,0, Final Score: ,-106
Point: ,240,239,Repeat score:,1, Repeat contribution: ,-1,Dist:,20.0422, Dist contribution: ,-100.211, New scanned ratio: ,0.00679674, New Scanned Cells Contribution: ,0,Area ratio: ,0.988861, Area ratio Contribution: ,0,Perim diff: ,1.03524, Perim diff Contribution: ,0,Frontier diff: ,0, Frontier diff Contribution ,0,Inverse Area ratio: ,0.776833, Inv Area Ratio Contribution: ,0,Inverse Perim ratio: ,1.06627, Inv Perim Contribution: ,0, Final Score: ,-101.211
Point: ,240,244,Repeat score:,1, Repeat contribution: ,-1,Dist:,21.4672, Dist contribution: ,-107.336, New scanned ratio: ,0.00888907, New Scanned Cells Contribution: ,0,Area ratio: ,0.982095, Area ratio Contribution: ,0,Perim diff: ,1.04083, Perim diff Contribution: ,0,Frontier diff: ,0, Frontier diff Contribution ,0,Inverse Area ratio: ,0.767781, Inv Area Ratio Contribution: ,0,Inverse Perim ratio: ,1.07908, Inv Perim Contribution: ,0, Final Score: ,-108.336
Point: ,237,250,Repeat score:,1, Repeat contribution: ,-1,Dist:,23.0729, Dist contribution: ,-115.365, New scanned ratio: ,0.0103417, New Scanned Cells Contribution: ,0,Area ratio: ,0.972789, Area ratio Contribution: ,0,Perim diff: ,1.05675, Perim diff Contribution: ,0,Frontier diff: ,0, Frontier diff Contribution ,0,Inverse Area ratio: ,0.76124, Inv Area Ratio Contribution: ,0,Inverse Perim ratio: ,1.10821, Inv Perim Contribution: ,0, Final Score: ,-116.365
Point: ,232,255,Repeat score:,1, Repeat contribution: ,-1,Dist:,25.1478, Dist contribution: ,-125.739, New scanned ratio: ,0.0105949, New Scanned Cells Contribution: ,0,Area ratio: ,0.964543, Area ratio Contribution: ,0,Perim diff: ,1.06653, Perim diff Contribution: ,0,Frontier diff: ,0, Frontier diff Contribution ,0,Inverse Area ratio: ,0.759749, Inv Area Ratio Contribution: ,0,Inverse Perim ratio: ,1.12612, Inv Perim Contribution: ,0, Final Score: ,-126.739
Point: ,226,258,Repeat score:,1, Repeat contribution: ,-1,Dist:,26.6833, Dist contribution: ,-133.417, New scanned ratio: ,0.0105816, New Scanned Cells Contribution: ,0,Area ratio: ,0.960115, Area ratio Contribution: ,0,Perim diff: ,1.06584, Perim diff Contribution: ,0,Frontier diff: ,0, Frontier diff Contribution ,0,Inverse Area ratio: ,0.759832, Inv Area Ratio Contribution: ,0,Inverse Perim ratio: ,1.12685, Inv Perim Contribution: ,0, Final Score: ,-134.417
Point: ,221,258,Repeat score:,1, Repeat contribution: ,-1,Dist:,26.0192, Dist contribution: ,-130.096, New scanned ratio: ,0.00996855, New Scanned Cells Contribution: ,0,Area ratio: ,0.960368, Area ratio Contribution: ,0,Perim diff: ,1.06066, Perim diff Contribution: ,0,Frontier diff: ,0, Frontier diff Contribution ,0,Inverse Area ratio: ,0.762647, Inv Area Ratio Contribution: ,0,Inverse Perim ratio: ,1.11748, Inv Perim Contribution: ,0, Final Score: ,-131.096
Point: ,220,259,Repeat score:,1, Repeat contribution: ,-1,Dist:,27.3, Dist contribution: ,-136.5, New scanned ratio: ,0.0103684, New Scanned Cells Contribution: ,0,Area ratio: ,0.959104, Area ratio Contribution: ,0,Perim diff: ,1.06069, Perim diff Contribution: ,0,Frontier diff: ,0, Frontier diff Contribution ,0,Inverse Area ratio: ,0.760936, Inv Area Ratio Contribution: ,0,Inverse Perim ratio: ,1.11831, Inv Perim Contribution: ,0, Final Score: ,-137.5
Point: ,219,258,Repeat score:,1, Repeat contribution: ,-1,Dist:,26.0192, Dist contribution: ,-130.096, New scanned ratio: ,0.0097953, New Scanned Cells Contribution: ,0,Area ratio: ,0.960545, Area ratio Contribution: ,0,Perim diff: ,1.05919, Perim diff Contribution: ,0,Frontier diff: ,0, Frontier diff Contribution ,0,Inverse Area ratio: ,0.76342, Inv Area Ratio Contribution: ,0,Inverse Perim ratio: ,1.1147, Inv Perim Contribution: ,0, Final Score: ,-131.096
Point: ,214,258,Repeat score:,1, Repeat contribution: ,-1,Dist:,26.6833, Dist contribution: ,-133.417, New scanned ratio: ,0.00955541, New Scanned Cells Contribution: ,0,Area ratio: ,0.961189, Area ratio Contribution: ,0,Perim diff: ,1.05486, Perim diff Contribution: ,0,Frontier diff: ,0, Frontier diff Contribution ,0,Inverse Area ratio: ,0.764469, Inv Area Ratio Contribution: ,0,Inverse Perim ratio: ,1.10732, Inv Perim Contribution: ,0, Final Score: ,-134.417
Point: ,207,254,Repeat score:,1, Repeat contribution: ,-1,Dist:,24.5284, Dist contribution: ,-122.642, New scanned ratio: ,0.00760968, New Scanned Cells Contribution: ,0,Area ratio: ,0.967904, Area ratio Contribution: ,0,Perim diff: ,1.04678, Perim diff Contribution: ,0,Frontier diff: ,0, Frontier diff Contribution ,0,Inverse Area ratio: ,0.772914, Inv Area Ratio Contribution: ,0,Inverse Perim ratio: ,1.0897, Inv Perim Contribution: ,0, Final Score: ,-123.642
Point: ,205,254,Repeat score:,1, Repeat contribution: ,-1,Dist:,25.6445, Dist contribution: ,-128.222, New scanned ratio: ,0.00770297, New Scanned Cells Contribution: ,0,Area ratio: ,0.968344, Area ratio Contribution: ,0,Perim diff: ,1.04554, Perim diff Contribution: ,0,Frontier diff: ,0, Frontier diff Contribution ,0,Inverse Area ratio: ,0.772555, Inv Area Ratio Contribution: ,0,Inverse Perim ratio: ,1.08748, Inv Perim Contribution: ,0, Final Score: ,-129.222
Point: ,204,255,Repeat score:,1, Repeat contribution: ,-1,Dist:,27.2839, Dist contribution: ,-136.419, New scanned ratio: ,0.00827603, New Scanned Cells Contribution: ,0,Area ratio: ,0.967208, Area ratio Contribution: ,0,Perim diff: ,1.04655, Perim diff Contribution: ,0,Frontier diff: ,0, Frontier diff Contribution ,0,Inverse Area ratio: ,0.770071, Inv Area Ratio Contribution: ,0,Inverse Perim ratio: ,1.08957, Inv Perim Contribution: ,0, Final Score: ,-137.419
Point: ,199,255,Repeat score:,1, Repeat contribution: ,-1,Dist:,30.4862, Dist contribution: ,-152.431, New scanned ratio: ,0.00847593, New Scanned Cells Contribution: ,0,Area ratio: ,0.968243, Area ratio Contribution: ,0,Perim diff: ,1.04706, Perim diff Contribution: ,0,Frontier diff: ,0, Frontier diff Contribution ,0,Inverse Area ratio: ,0.769244, Inv Area Ratio Contribution: ,0,Inverse Perim ratio: ,1.08957, Inv Perim Contribution: ,0, Final Score: ,-153.431
Point: ,198,256,Repeat score:,1, Repeat contribution: ,-1,Dist:,32.1179, Dist contribution: ,-160.59, New scanned ratio: ,0.00903566, New Scanned Cells Contribution: ,0,Area ratio: ,0.967095, Area ratio Contribution: ,0,Perim diff: ,1.04959, Perim diff Contribution: ,0,Frontier diff: ,0, Frontier diff Contribution ,0,Inverse Area ratio: ,0.766815, Inv Area Ratio Contribution: ,0,Inverse Perim ratio: ,1.09407, Inv Perim Contribution: ,0, Final Score: ,-161.59
Point: ,197,255,Repeat score:,1, Repeat contribution: ,-1,Dist:,31.8969, Dist contribution: ,-159.484, New scanned ratio: ,0.00855589, New Scanned Cells Contribution: ,0,Area ratio: ,0.968619, Area ratio Contribution: ,0,Perim diff: ,1.04726, Perim diff Contribution: ,0,Frontier diff: ,0, Frontier diff Contribution ,0,Inverse Area ratio: ,0.768912, Inv Area Ratio Contribution: ,0,Inverse Perim ratio: ,1.08957, Inv Perim Contribution: ,0, Final Score: ,-160.484
Point: ,192,255,Repeat score:,1, Repeat contribution: ,-1,Dist:,35.6709, Dist contribution: ,-178.354, New scanned ratio: ,0.00872914, New Scanned Cells Contribution: ,0,Area ratio: ,0.96943, Area ratio Contribution: ,0,Perim diff: ,1.05067, Perim diff Contribution: ,0,Frontier diff: ,0, Frontier diff Contribution ,0,Inverse Area ratio: ,0.768112, Inv Area Ratio Contribution: ,0,Inverse Perim ratio: ,1.09413, Inv Perim Contribution: ,0, Final Score: ,-179.354
Point: ,189,253,Repeat score:,1, Repeat contribution: ,-1,Dist:,36.6231, Dist contribution: ,-183.115, New scanned ratio: ,0.0077696, New Scanned Cells Contribution: ,0,Area ratio: ,0.972452, Area ratio Contribution: ,0,Perim diff: ,1.04963, Perim diff Contribution: ,0,Frontier diff: ,0, Frontier diff Contribution ,0,Inverse Area ratio: ,0.772197, Inv Area Ratio Contribution: ,0,Inverse Perim ratio: ,1.09062, Inv Perim Contribution: ,0, Final Score: ,-184.115
Point: ,185,255,Repeat score:,1, Repeat contribution: ,-1,Dist:,41.3934, Dist contribution: ,-206.967, New scanned ratio: ,0.00883576, New Scanned Cells Contribution: ,0,Area ratio: ,0.970428, Area ratio Contribution: ,0,Perim diff: ,1.05267, Perim diff Contribution: ,0,Frontier diff: ,0, Frontier diff Contribution ,0,Inverse Area ratio: ,0.767698, Inv Area Ratio Contribution: ,0,Inverse Perim ratio: ,1.09626, Inv Perim Contribution: ,0, Final Score: ,-207.967
Point: ,228,235,Repeat score:,1, Repeat contribution: ,-1,Dist:,8.9, Dist contribution: ,-44.5, New scanned ratio: ,0.00179914, New Scanned Cells Contribution: ,0,Area ratio: ,0.988727, Area ratio Contribution: ,0,Perim diff: ,1.03568, Perim diff Contribution: ,0,Frontier diff: ,0, Frontier diff Contribution ,0,Inverse Area ratio: ,0.79756, Inv Area Ratio Contribution: ,0,Inverse Perim ratio: ,1.06325, Inv Perim Contribution: ,0, Final Score: ,54.5
Point: ,217,232,Repeat score:,1, Repeat contribution: ,-1,Dist:,8.35703, Dist contribution: ,-41.7852, New scanned ratio: ,0, New Scanned Cells Contribution: ,0,Area ratio: ,0.987004, Area ratio Contribution: ,0,Perim diff: ,1.03657, Perim diff Contribution: ,0,Frontier diff: ,0, Frontier diff Contribution ,0,Inverse Area ratio: ,0.805012, Inv Area Ratio Contribution: ,0,Inverse Perim ratio: ,1.06457, Inv Perim Contribution: ,0, Final Score: ,57.2148
Point: ,225,248,Repeat score:,1, Repeat contribution: ,-1,Dist:,13.9284, Dist contribution: ,-69.6419, New scanned ratio: ,0.00589051, New Scanned Cells Contribution: ,0,Area ratio: ,0.974278, Area ratio Contribution: ,0,Perim diff: ,1.05065, Perim diff Contribution: ,0,Frontier diff: ,0, Frontier diff Contribution ,0,Inverse Area ratio: ,0.779842, Inv Area Ratio Contribution: ,0,Inverse Perim ratio: ,1.09367, Inv Perim Contribution: ,0, Final Score: ,29.3581
Point: ,213,244,Repeat score:,1, Repeat contribution: ,-1,Dist:,10.4805, Dist contribution: ,-52.4023, New scanned ratio: ,0.00241218, New Scanned Cells Contribution: ,0,Area ratio: ,0.980351, Area ratio Contribution: ,0,Perim diff: ,1.03787, Perim diff Contribution: ,0,Frontier diff: ,0, Frontier diff Contribution ,0,Inverse Area ratio: ,0.794883, Inv Area Ratio Contribution: ,0,Inverse Perim ratio: ,1.06969, Inv Perim Contribution: ,0, Final Score: ,46.5977
Point: ,221,240,Repeat score:,1, Repeat contribution: ,-1,Dist:,2.78568, Dist contribution: ,-13.9284, New scanned ratio: ,0.00114612, New Scanned Cells Contribution: ,0,Area ratio: ,0.984817, Area ratio Contribution: ,0,Perim diff: ,1.03875, Perim diff Contribution: ,0,Frontier diff: ,0, Frontier diff Contribution ,0,Inverse Area ratio: ,0.800072, Inv Area Ratio Contribution: ,0,Inverse Perim ratio: ,1.06915, Inv Perim Contribution: ,0, Final Score: ,85.0716
BEST Point:,221,240, Score: ,85.0716
COUNT COMMAND: 1
Signal name: ,0IP8MG, Signal value: ,0.545157
Total frontiers: ,104, Prioritised frontiers: ,27
At: ,221,240,
Point: ,260,235,Repeat score:,1, Repeat contribution: ,-1,Dist:,39.538, Dist contribution: ,-197.69, New scanned ratio: ,0.00938473, New Scanned Cells Contribution: ,0,Area ratio: ,0.988338, Area ratio Contribution: ,0,Perim diff: ,1.04125, Perim diff Contribution: ,0,Frontier diff: ,0, Frontier diff Contribution ,0,Inverse Area ratio: ,0.760826, Inv Area Ratio Contribution: ,0,Inverse Perim ratio: ,1.0786, Inv Perim Contribution: ,0, Final Score: ,-198.69
Point: ,259,234,Repeat score:,1, Repeat contribution: ,-1,Dist:,38.7923, Dist contribution: ,-193.961, New scanned ratio: ,0.0087724, New Scanned Cells Contribution: ,0,Area ratio: ,0.988578, Area ratio Contribution: ,0,Perim diff: ,1.03906, Perim diff Contribution: ,0,Frontier diff: ,0, Frontier diff Contribution ,0,Inverse Area ratio: ,0.763448, Inv Area Ratio Contribution: ,0,Inverse Perim ratio: ,1.07413, Inv Perim Contribution: ,0, Final Score: ,-194.961
Point: ,254,234,Repeat score:,1, Repeat contribution: ,-1,Dist:,33.9093, Dist contribution: ,-169.546, New scanned ratio: ,0.0079737, New Scanned Cells Contribution: ,0,Area ratio: ,0.988966, Area ratio Contribution: ,0,Perim diff: ,1.03354, Perim diff Contribution: ,0,Frontier diff: ,0, Frontier diff Contribution ,0,Inverse Area ratio: ,0.767008, Inv Area Ratio Contribution: ,0,Inverse Perim ratio: ,1.06415, Inv Perim Contribution: ,0, Final Score: ,-170.546
Point: ,251,232,Repeat score:,1, Repeat contribution: ,-1,Dist:,31.7515, Dist contribution: ,-158.758, New scanned ratio: ,0.00645616, New Scanned Cells Contribution: ,0,Area ratio: ,0.989021, Area ratio Contribution: ,0,Perim diff: ,1.03411, Perim diff Contribution: ,0,Frontier diff: ,0, Frontier diff Contribution ,0,Inverse Area ratio: ,0.773273, Inv Area Ratio Contribution: ,0,Inverse Perim ratio: ,1.06334, Inv Perim Contribution: ,0, Final Score: ,-159.758
Point: ,249,232,Repeat score:,1, Repeat contribution: ,-1,Dist:,29.869, Dist contribution: ,-149.345, New scanned ratio: ,0.00600357, New Scanned Cells Contribution: ,0,Area ratio: ,0.988977, Area ratio Contribution: ,0,Perim diff: ,1.03369, Perim diff Contribution: ,0,Frontier diff: ,0, Frontier diff Contribution ,0,Inverse Area ratio: ,0.775122, Inv Area Ratio Contribution: ,0,Inverse Perim ratio: ,1.06238, Inv Perim Contribution: ,0, Final Score: ,-150.345
Point: ,246,234,Repeat score:,1, Repeat contribution: ,-1,Dist:,26.1885, Dist contribution: ,-130.943, New scanned ratio: ,0.00607013, New Scanned Cells Contribution: ,0,Area ratio: ,0.988736, Area ratio Contribution: ,0,Perim diff: ,1.03297, Perim diff Contribution: ,0,Frontier diff: ,0, Frontier diff Contribution ,0,Inverse Area ratio: ,0.774984, Inv Area Ratio Contribution: ,0,Inverse Perim ratio: ,1.0615, Inv Perim Contribution: ,0, Final Score: ,-131.943
Point: ,241,234,Repeat score:,1, Repeat contribution: ,-1,Dist:,21.4672, Dist contribution: ,-107.336, New scanned ratio: ,0.00477889, New Scanned Cells Contribution: ,0,Area ratio: ,0.9885, Area ratio Contribution: ,0,Perim diff: ,1.03235, Perim diff Contribution: ,0,Frontier diff: ,0, Frontier diff Contribution ,0,Inverse Area ratio: ,0.780366, Inv Area Ratio Contribution: ,0,Inverse Perim ratio: ,1.05988, Inv Perim Contribution: ,0, Final Score: ,-108.336
Point: ,241,239,Repeat score:,1, Repeat contribution: ,-1,Dist:,20.0422, Dist contribution: ,-100.211, New scanned ratio: ,0.00653603, New Scanned Cells Contribution: ,0,Area ratio: ,0.987687, Area ratio Contribution: ,0,Perim diff: ,1.03624, Perim diff Contribution: ,0,Frontier diff: ,0, Frontier diff Contribution ,0,Inverse Area ratio: ,0.772997, Inv Area Ratio Contribution: ,0,Inverse Perim ratio: ,1.06807, Inv Perim Contribution: ,0, Final Score: ,-101.211
Point: ,242,240,Repeat score:,1, Repeat contribution: ,-1,Dist:,21, Dist contribution: ,-105, New scanned ratio: ,0.00724155, New Scanned Cells Contribution: ,0,Area ratio: ,0.987618, Area ratio Contribution: ,0,Perim diff: ,1.03629, Perim diff Contribution: ,0,Frontier diff: ,0, Frontier diff Contribution ,0,Inverse Area ratio: ,0.770044, Inv Area Ratio Contribution: ,0,Inverse Perim ratio: ,1.06915, Inv Perim Contribution: ,0, Final Score: ,-106
Point: ,241,241,Repeat score:,1, Repeat contribution: ,-1,Dist:,20.0422, Dist contribution: ,-100.211, New scanned ratio: ,0.00732142, New Scanned Cells Contribution: ,0,Area ratio: ,0.986892, Area ratio Contribution: ,0,Perim diff: ,1.03702, Perim diff Contribution: ,0,Frontier diff: ,0, Frontier diff Contribution ,0,Inverse Area ratio: ,0.769685, Inv Area Ratio Contribution: ,0,Inverse Perim ratio: ,1.07085, Inv Perim Contribution: ,0, Final Score: ,-101.211
Point: ,241,246,Repeat score:,1, Repeat contribution: ,-1,Dist:,21.4672, Dist contribution: ,-107.336, New scanned ratio: ,0.0093448, New Scanned Cells Contribution: ,0,Area ratio: ,0.979867, Area ratio Contribution: ,0,Perim diff: ,1.04296, Perim diff Contribution: ,0,Frontier diff: ,0, Frontier diff Contribution ,0,Inverse Area ratio: ,0.760881, Inv Area Ratio Contribution: ,0,Inverse Perim ratio: ,1.08456, Inv Perim Contribution: ,0, Final Score: ,-108.336
Point: ,238,252,Repeat score:,1, Repeat contribution: ,-1,Dist:,23.0729, Dist contribution: ,-115.365, New scanned ratio: ,0.0105162, New Scanned Cells Contribution: ,0,Area ratio: ,0.970108, Area ratio Contribution: ,0,Perim diff: ,1.06012, Perim diff Contribution: ,0,Frontier diff: ,0, Frontier diff Contribution ,0,Inverse Area ratio: ,0.755444, Inv Area Ratio Contribution: ,0,Inverse Perim ratio: ,1.11595, Inv Perim Contribution: ,0, Final Score: ,-116.365
Point: ,233,257,Repeat score:,1, Repeat contribution: ,-1,Dist:,25.1478, Dist contribution: ,-125.739, New scanned ratio: ,0.0105828, New Scanned Cells Contribution: ,0,Area ratio: ,0.961727, Area ratio Contribution: ,0,Perim diff: ,1.06786, Perim diff Contribution: ,0,Frontier diff: ,0, Frontier diff Contribution ,0,Inverse Area ratio: ,0.754864, Inv Area Ratio Contribution: ,0,Inverse Perim ratio: ,1.13094, Inv Perim Contribution: ,0, Final Score: ,-126.739
Point: ,227,260,Repeat score:,1, Repeat contribution: ,-1,Dist:,26.6833, Dist contribution: ,-133.417, New scanned ratio: ,0.0105695, New Scanned Cells Contribution: ,0,Area ratio: ,0.95734, Area ratio Contribution: ,0,Perim diff: ,1.06779, Perim diff Contribution: ,0,Frontier diff: ,0, Frontier diff Contribution ,0,Inverse Area ratio: ,0.754975, Inv Area Ratio Contribution: ,0,Inverse Perim ratio: ,1.13241, Inv Perim Contribution: ,0, Final Score: ,-134.417
Point: ,222,260,Repeat score:,1, Repeat contribution: ,-1,Dist:,26.0192, Dist contribution: ,-130.096, New scanned ratio: ,0.0100903, New Scanned Cells Contribution: ,0,Area ratio: ,0.957777, Area ratio Contribution: ,0,Perim diff: ,1.06324, Perim diff Contribution: ,0,Frontier diff: ,0, Frontier diff Contribution ,0,Inverse Area ratio: ,0.75721, Inv Area Ratio Contribution: ,0,Inverse Perim ratio: ,1.12385, Inv Perim Contribution: ,0, Final Score: ,-131.096
Point: ,221,261,Repeat score:,1, Repeat contribution: ,-1,Dist:,27.3, Dist contribution: ,-136.5, New scanned ratio: ,0.0105162, New Scanned Cells Contribution: ,0,Area ratio: ,0.956542, Area ratio Contribution: ,0,Perim diff: ,1.06342, Perim diff Contribution: ,0,Frontier diff: ,0, Frontier diff Contribution ,0,Inverse Area ratio: ,0.755416, Inv Area Ratio Contribution: ,0,Inverse Perim ratio: ,1.12492, Inv Perim Contribution: ,0, Final Score: ,-137.5
Point: ,220,260,Repeat score:,1, Repeat contribution: ,-1,Dist:,26.0192, Dist contribution: ,-130.096, New scanned ratio: ,0.00997045, New Scanned Cells Contribution: ,0,Area ratio: ,0.958011, Area ratio Contribution: ,0,Perim diff: ,1.06164, Perim diff Contribution: ,0,Frontier diff: ,0, Frontier diff Contribution ,0,Inverse Area ratio: ,0.757735, Inv Area Ratio Contribution: ,0,Inverse Perim ratio: ,1.12082, Inv Perim Contribution: ,0, Final Score: ,-131.096
Point: ,215,260,Repeat score:,1, Repeat contribution: ,-1,Dist:,26.6833, Dist contribution: ,-133.417, New scanned ratio: ,0.00986395, New Scanned Cells Contribution: ,0,Area ratio: ,0.958777, Area ratio Contribution: ,0,Perim diff: ,1.05785, Perim diff Contribution: ,0,Frontier diff: ,0, Frontier diff Contribution ,0,Inverse Area ratio: ,0.758259, Inv Area Ratio Contribution: ,0,Inverse Perim ratio: ,1.11369, Inv Perim Contribution: ,0, Final Score: ,-134.417
Point: ,209,257,Repeat score:,1, Repeat contribution: ,-1,Dist:,25.1478, Dist contribution: ,-125.739, New scanned ratio: ,0.00851947, New Scanned Cells Contribution: ,0,Area ratio: ,0.963984, Area ratio Contribution: ,0,Perim diff: ,1.05334, Perim diff Contribution: ,0,Frontier diff: ,0, Frontier diff Contribution ,0,Inverse Area ratio: ,0.764, Inv Area Ratio Contribution: ,0,Inverse Perim ratio: ,1.1024, Inv Perim Contribution: ,0, Final Score: ,-126.739
Point: ,206,254,Repeat score:,1, Repeat contribution: ,-1,Dist:,23.5847, Dist contribution: ,-117.924, New scanned ratio: ,0.00721493, New Scanned Cells Contribution: ,0,Area ratio: ,0.968769, Area ratio Contribution: ,0,Perim diff: ,1.04613, Perim diff Contribution: ,0,Frontier diff: ,0, Frontier diff Contribution ,0,Inverse Area ratio: ,0.769768, Inv Area Ratio Contribution: ,0,Inverse Perim ratio: ,1.0883, Inv Perim Contribution: ,0, Final Score: ,-118.924
Point: ,204,255,Repeat score:,1, Repeat contribution: ,-1,Dist:,25.8699, Dist contribution: ,-129.349, New scanned ratio: ,0.00788051, New Scanned Cells Contribution: ,0,Area ratio: ,0.967942, Area ratio Contribution: ,0,Perim diff: ,1.04692, Perim diff Contribution: ,0,Frontier diff: ,0, Frontier diff Contribution ,0,Inverse Area ratio: ,0.76698, Inv Area Ratio Contribution: ,0,Inverse Perim ratio: ,1.09026, Inv Perim Contribution: ,0, Final Score: ,-130.349
Point: ,199,255,Repeat score:,1, Repeat contribution: ,-1,Dist:,29.3981, Dist contribution: ,-146.991, New scanned ratio: ,0.00821331, New Scanned Cells Contribution: ,0,Area ratio: ,0.969112, Area ratio Contribution: ,0,Perim diff: ,1.04728, Perim diff Contribution: ,0,Frontier diff: ,0, Frontier diff Contribution ,0,Inverse Area ratio: ,0.765573, Inv Area Ratio Contribution: ,0,Inverse Perim ratio: ,1.09001, Inv Perim Contribution: ,0, Final Score: ,-147.991
Point: ,198,256,Repeat score:,1, Repeat contribution: ,-1,Dist:,31.0103, Dist contribution: ,-155.052, New scanned ratio: ,0.00879902, New Scanned Cells Contribution: ,0,Area ratio: ,0.96797, Area ratio Contribution: ,0,Perim diff: ,1.05029, Perim diff Contribution: ,0,Frontier diff: ,0, Frontier diff Contribution ,0,Inverse Area ratio: ,0.763006, Inv Area Ratio Contribution: ,0,Inverse Perim ratio: ,1.09513, Inv Perim Contribution: ,0, Final Score: ,-156.052
Point: ,197,255,Repeat score:,1, Repeat contribution: ,-1,Dist:,30.9233, Dist contribution: ,-154.616, New scanned ratio: ,0.00834642, New Scanned Cells Contribution: ,0,Area ratio: ,0.969535, Area ratio Contribution: ,0,Perim diff: ,1.04763, Perim diff Contribution: ,0,Frontier diff: ,0, Frontier diff Contribution ,0,Inverse Area ratio: ,0.765048, Inv Area Ratio Contribution: ,0,Inverse Perim ratio: ,1.09026, Inv Perim Contribution: ,0, Final Score: ,-155.616
Point: ,192,255,Repeat score:,1, Repeat contribution: ,-1,Dist:,34.9464, Dist contribution: ,-174.732, New scanned ratio: ,0.00862597, New Scanned Cells Contribution: ,0,Area ratio: ,0.97043, Area ratio Contribution: ,0,Perim diff: ,1.05247, Perim diff Contribution: ,0,Frontier diff: ,0, Frontier diff Contribution ,0,Inverse Area ratio: ,0.763724, Inv Area Ratio Contribution: ,0,Inverse Perim ratio: ,1.09684, Inv Perim Contribution: ,0, Final Score: ,-175.732
Point: ,189,253,Repeat score:,1, Repeat contribution: ,-1,Dist:,36.1885, Dist contribution: ,-180.943, New scanned ratio: ,0.00773409, New Scanned Cells Contribution: ,0,Area ratio: ,0.973144, Area ratio Contribution: ,0,Perim diff: ,1.05005, Perim diff Contribution: ,0,Frontier diff: ,0, Frontier diff Contribution ,0,Inverse Area ratio: ,0.76745, Inv Area Ratio Contribution: ,0,Inverse Perim ratio: ,1.09126, Inv Perim Contribution: ,0, Final Score: ,-181.943
Point: ,185,255,Repeat score:,1, Repeat contribution: ,-1,Dist:,40.942, Dist contribution: ,-204.71, New scanned ratio: ,0.00882564, New Scanned Cells Contribution: ,0,Area ratio: ,0.971218, Area ratio Contribution: ,0,Perim diff: ,1.05586, Perim diff Contribution: ,0,Frontier diff: ,0, Frontier diff Contribution ,0,Inverse Area ratio: ,0.762785, Inv Area Ratio Contribution: ,0,Inverse Perim ratio: ,1.10108, Inv Perim Contribution: ,0, Final Score: ,-205.71
BEST Point:,241,239, Score: ,-101.211
COUNT COMMAND: 1
Signal name: ,0IP8MG, Signal value: ,16.3737
Total frontiers: ,105, Prioritised frontiers: ,28
At: ,240,239,
Point: ,279,234,Repeat score:,1, Repeat contribution: ,-1,Dist:,39.538, Dist contribution: ,-197.69, New scanned ratio: ,0.00930005, New Scanned Cells Contribution: ,0,Area ratio: ,0.988886, Area ratio Contribution: ,0,Perim diff: ,1.03962, Perim diff Contribution: ,0,Frontier diff: ,-1, Frontier diff Contribution ,-0,Inverse Area ratio: ,0.801897, Inv Area Ratio Contribution: ,0,Inverse Perim ratio: ,1.07495, Inv Perim Contribution: ,0, Final Score: ,-198.69
Point: ,274,234,Repeat score:,1, Repeat contribution: ,-1,Dist:,34.6157, Dist contribution: ,-173.079, New scanned ratio: ,0.00818881, New Scanned Cells Contribution: ,0,Area ratio: ,0.989456, Area ratio Contribution: ,0,Perim diff: ,1.03258, Perim diff Contribution: ,0,Frontier diff: ,0, Frontier diff Contribution ,0,Inverse Area ratio: ,0.739906, Inv Area Ratio Contribution: ,0,Inverse Perim ratio: ,1.07325, Inv Perim Contribution: ,0, Final Score: ,-174.079
Point: ,271,232,Repeat score:,1, Repeat contribution: ,-1,Dist:,32.308, Dist contribution: ,-161.54, New scanned ratio: ,0.00661454, New Scanned Cells Contribution: ,0,Area ratio: ,0.989673, Area ratio Contribution: ,0,Perim diff: ,1.03166, Perim diff Contribution: ,0,Frontier diff: ,0, Frontier diff Contribution ,0,Inverse Area ratio: ,0.746667, Inv Area Ratio Contribution: ,0,Inverse Perim ratio: ,1.06761, Inv Perim Contribution: ,0, Final Score: ,-162.54
Point: ,269,232,Repeat score:,1, Repeat contribution: ,-1,Dist:,30.3942, Dist contribution: ,-151.971, New scanned ratio: ,0.00617798, New Scanned Cells Contribution: ,0,Area ratio: ,0.989759, Area ratio Contribution: ,0,Perim diff: ,1.02975, Perim diff Contribution: ,0,Frontier diff: ,0, Frontier diff Contribution ,0,Inverse Area ratio: ,0.748627, Inv Area Ratio Contribution: ,0,Inverse Perim ratio: ,1.06285, Inv Perim Contribution: ,0, Final Score: ,-152.971
Point: ,266,234,Repeat score:,1, Repeat contribution: ,-1,Dist:,26.8002, Dist contribution: ,-134.001, New scanned ratio: ,0.00629705, New Scanned Cells Contribution: ,0,Area ratio: ,0.989897, Area ratio Contribution: ,0,Perim diff: ,1.02859, Perim diff Contribution: ,0,Frontier diff: ,0, Frontier diff Contribution ,0,Inverse Area ratio: ,0.748047, Inv Area Ratio Contribution: ,0,Inverse Perim ratio: ,1.06154, Inv Perim Contribution: ,0, Final Score: ,-135.001
Point: ,261,234,Repeat score:,1, Repeat contribution: ,-1,Dist:,21.9829, Dist contribution: ,-109.915, New scanned ratio: ,0.00506674, New Scanned Cells Contribution: ,0,Area ratio: ,0.990008, Area ratio Contribution: ,0,Perim diff: ,1.02852, Perim diff Contribution: ,0,Frontier diff: ,0, Frontier diff Contribution ,0,Inverse Area ratio: ,0.753153, Inv Area Ratio Contribution: ,0,Inverse Perim ratio: ,1.05904, Inv Perim Contribution: ,0, Final Score: ,-110.915
Point: ,260,235,Repeat score:,1, Repeat contribution: ,-1,Dist:,20.6649, Dist contribution: ,-103.325, New scanned ratio: ,0.00515934, New Scanned Cells Contribution: ,0,Area ratio: ,0.989931, Area ratio Contribution: ,0,Perim diff: ,1.02858, Perim diff Contribution: ,0,Frontier diff: ,0, Frontier diff Contribution ,0,Inverse Area ratio: ,0.75285, Inv Area Ratio Contribution: ,0,Inverse Perim ratio: ,1.05952, Inv Perim Contribution: ,0, Final Score: ,-104.325
Point: ,260,238,Repeat score:,1, Repeat contribution: ,-1,Dist:,20.0422, Dist contribution: ,-100.211, New scanned ratio: ,0.0062309, New Scanned Cells Contribution: ,0,Area ratio: ,0.989559, Area ratio Contribution: ,0,Perim diff: ,1.03094, Perim diff Contribution: ,0,Frontier diff: ,0, Frontier diff Contribution ,0,Inverse Area ratio: ,0.748268, Inv Area Ratio Contribution: ,0,Inverse Perim ratio: ,1.06561, Inv Perim Contribution: ,0, Final Score: ,-101.211
Point: ,261,239,Repeat score:,1, Repeat contribution: ,-1,Dist:,21, Dist contribution: ,-105, New scanned ratio: ,0.00690558, New Scanned Cells Contribution: ,0,Area ratio: ,0.989319, Area ratio Contribution: ,0,Perim diff: ,1.03117, Perim diff Contribution: ,0,Frontier diff: ,0, Frontier diff Contribution ,0,Inverse Area ratio: ,0.745398, Inv Area Ratio Contribution: ,0,Inverse Perim ratio: ,1.0675, Inv Perim Contribution: ,0, Final Score: ,-106
Point: ,260,240,Repeat score:,1, Repeat contribution: ,-1,Dist:,20.0422, Dist contribution: ,-100.211, New scanned ratio: ,0.00701142, New Scanned Cells Contribution: ,0,Area ratio: ,0.9891, Area ratio Contribution: ,0,Perim diff: ,1.03138, Perim diff Contribution: ,0,Frontier diff: ,0, Frontier diff Contribution ,0,Inverse Area ratio: ,0.744956, Inv Area Ratio Contribution: ,0,Inverse Perim ratio: ,1.06838, Inv Perim Contribution: ,0, Final Score: ,-101.211
Point: ,260,245,Repeat score:,1, Repeat contribution: ,-1,Dist:,21.4672, Dist contribution: ,-107.336, New scanned ratio: ,0.0090487, New Scanned Cells Contribution: ,0,Area ratio: ,0.983318, Area ratio Contribution: ,0,Perim diff: ,1.0373, Perim diff Contribution: ,0,Frontier diff: ,0, Frontier diff Contribution ,0,Inverse Area ratio: ,0.736125, Inv Area Ratio Contribution: ,0,Inverse Perim ratio: ,1.08332, Inv Perim Contribution: ,0, Final Score: ,-108.336
Point: ,257,251,Repeat score:,1, Repeat contribution: ,-1,Dist:,23.0729, Dist contribution: ,-115.365, New scanned ratio: ,0.0103584, New Scanned Cells Contribution: ,0,Area ratio: ,0.973703, Area ratio Contribution: ,0,Perim diff: ,1.05184, Perim diff Contribution: ,0,Frontier diff: ,0, Frontier diff Contribution ,0,Inverse Area ratio: ,0.730025, Inv Area Ratio Contribution: ,0,Inverse Perim ratio: ,1.11114, Inv Perim Contribution: ,0, Final Score: ,-116.365
Point: ,252,256,Repeat score:,1, Repeat contribution: ,-1,Dist:,25.1478, Dist contribution: ,-125.739, New scanned ratio: ,0.0105171, New Scanned Cells Contribution: ,0,Area ratio: ,0.965458, Area ratio Contribution: ,0,Perim diff: ,1.06077, Perim diff Contribution: ,0,Frontier diff: ,0, Frontier diff Contribution ,0,Inverse Area ratio: ,0.729004, Inv Area Ratio Contribution: ,0,Inverse Perim ratio: ,1.12822, Inv Perim Contribution: ,0, Final Score: ,-126.739
Point: ,246,259,Repeat score:,1, Repeat contribution: ,-1,Dist:,26.6833, Dist contribution: ,-133.417, New scanned ratio: ,0.0103187, New Scanned Cells Contribution: ,0,Area ratio: ,0.961017, Area ratio Contribution: ,0,Perim diff: ,1.05575, Perim diff Contribution: ,0,Frontier diff: ,0, Frontier diff Contribution ,0,Inverse Area ratio: ,0.729998, Inv Area Ratio Contribution: ,0,Inverse Perim ratio: ,1.12117, Inv Perim Contribution: ,0, Final Score: ,-134.417
Point: ,241,259,Repeat score:,1, Repeat contribution: ,-1,Dist:,26.0192, Dist contribution: ,-130.096, New scanned ratio: ,0.00941911, New Scanned Cells Contribution: ,0,Area ratio: ,0.961301, Area ratio Contribution: ,0,Perim diff: ,1.05112, Perim diff Contribution: ,0,Frontier diff: ,0, Frontier diff Contribution ,0,Inverse Area ratio: ,0.733999, Inv Area Ratio Contribution: ,0,Inverse Perim ratio: ,1.11155, Inv Perim Contribution: ,0, Final Score: ,-131.096
Point: ,240,260,Repeat score:,1, Repeat contribution: ,-1,Dist:,27.3, Dist contribution: ,-136.5, New scanned ratio: ,0.00976307, New Scanned Cells Contribution: ,0,Area ratio: ,0.95998, Area ratio Contribution: ,0,Perim diff: ,1.05132, Perim diff Contribution: ,0,Frontier diff: ,0, Frontier diff Contribution ,0,Inverse Area ratio: ,0.732537, Inv Area Ratio Contribution: ,0,Inverse Perim ratio: ,1.11263, Inv Perim Contribution: ,0, Final Score: ,-137.5
Point: ,239,259,Repeat score:,1, Repeat contribution: ,-1,Dist:,26.0192, Dist contribution: ,-130.096, New scanned ratio: ,0.00912807, New Scanned Cells Contribution: ,0,Area ratio: ,0.961479, Area ratio Contribution: ,0,Perim diff: ,1.05045, Perim diff Contribution: ,0,Frontier diff: ,0, Frontier diff Contribution ,0,Inverse Area ratio: ,0.735241, Inv Area Ratio Contribution: ,0,Inverse Perim ratio: ,1.10959, Inv Perim Contribution: ,0, Final Score: ,-131.096
Point: ,234,259,Repeat score:,1, Repeat contribution: ,-1,Dist:,26.6833, Dist contribution: ,-133.417, New scanned ratio: ,0.00865182, New Scanned Cells Contribution: ,0,Area ratio: ,0.962123, Area ratio Contribution: ,0,Perim diff: ,1.048, Perim diff Contribution: ,0,Frontier diff: ,0, Frontier diff Contribution ,0,Inverse Area ratio: ,0.737366, Inv Area Ratio Contribution: ,0,Inverse Perim ratio: ,1.10376, Inv Perim Contribution: ,0, Final Score: ,-134.417
Point: ,233,258,Repeat score:,1, Repeat contribution: ,-1,Dist:,25.6727, Dist contribution: ,-128.364, New scanned ratio: ,0.00806974, New Scanned Cells Contribution: ,0,Area ratio: ,0.963621, Area ratio Contribution: ,0,Perim diff: ,1.0472, Perim diff Contribution: ,0,Frontier diff: ,0, Frontier diff Contribution ,0,Inverse Area ratio: ,0.739795, Inv Area Ratio Contribution: ,0,Inverse Perim ratio: ,1.10083, Inv Perim Contribution: ,0, Final Score: ,-129.364
Point: ,230,258,Repeat score:,1, Repeat contribution: ,-1,Dist:,26.6475, Dist contribution: ,-133.238, New scanned ratio: ,0.0080036, New Scanned Cells Contribution: ,0,Area ratio: ,0.964122, Area ratio Contribution: ,0,Perim diff: ,1.04843, Perim diff Contribution: ,0,Frontier diff: ,0, Frontier diff Contribution ,0,Inverse Area ratio: ,0.740099, Inv Area Ratio Contribution: ,0,Inverse Perim ratio: ,1.10223, Inv Perim Contribution: ,0, Final Score: ,-134.238
Point: ,227,260,Repeat score:,1, Repeat contribution: ,-1,Dist:,30.2372, Dist contribution: ,-151.186, New scanned ratio: ,0.00907515, New Scanned Cells Contribution: ,0,Area ratio: ,0.962059, Area ratio Contribution: ,0,Perim diff: ,1.05164, Perim diff Contribution: ,0,Frontier diff: ,0, Frontier diff Contribution ,0,Inverse Area ratio: ,0.73549, Inv Area Ratio Contribution: ,0,Inverse Perim ratio: ,1.10798, Inv Perim Contribution: ,0, Final Score: ,-152.186
Point: ,222,260,Repeat score:,1, Repeat contribution: ,-1,Dist:,32.7, Dist contribution: ,-163.5, New scanned ratio: ,0.00936619, New Scanned Cells Contribution: ,0,Area ratio: ,0.963225, Area ratio Contribution: ,0,Perim diff: ,1.05174, Perim diff Contribution: ,0,Frontier diff: ,0, Frontier diff Contribution ,0,Inverse Area ratio: ,0.734275, Inv Area Ratio Contribution: ,0,Inverse Perim ratio: ,1.10639, Inv Perim Contribution: ,0, Final Score: ,-164.5
Point: ,221,261,Repeat score:,1, Repeat contribution: ,-1,Dist:,34.336, Dist contribution: ,-171.68, New scanned ratio: ,0.00993505, New Scanned Cells Contribution: ,0,Area ratio: ,0.96212, Area ratio Contribution: ,0,Perim diff: ,1.05289, Perim diff Contribution: ,0,Frontier diff: ,0, Frontier diff Contribution ,0,Inverse Area ratio: ,0.731819, Inv Area Ratio Contribution: ,0,Inverse Perim ratio: ,1.10892, Inv Perim Contribution: ,0, Final Score: ,-172.68
Point: ,220,260,Repeat score:,1, Repeat contribution: ,-1,Dist:,33.8421, Dist contribution: ,-169.211, New scanned ratio: ,0.00948526, New Scanned Cells Contribution: ,0,Area ratio: ,0.963683, Area ratio Contribution: ,0,Perim diff: ,1.05048, Perim diff Contribution: ,0,Frontier diff: ,0, Frontier diff Contribution ,0,Inverse Area ratio: ,0.733806, Inv Area Ratio Contribution: ,0,Inverse Perim ratio: ,1.10393, Inv Perim Contribution: ,0, Final Score: ,-170.211
Point: ,215,260,Repeat score:,1, Repeat contribution: ,-1,Dist:,37.0174, Dist contribution: ,-185.087, New scanned ratio: ,0.00973661, New Scanned Cells Contribution: ,0,Area ratio: ,0.96474, Area ratio Contribution: ,0,Perim diff: ,1.05303, Perim diff Contribution: ,0,Frontier diff: ,0, Frontier diff Contribution ,0,Inverse Area ratio: ,0.73273, Inv Area Ratio Contribution: ,0,Inverse Perim ratio: ,1.10639, Inv Perim Contribution: ,0, Final Score: ,-186.087
Point: ,209,257,Repeat score:,1, Repeat contribution: ,-1,Dist:,38.8402, Dist contribution: ,-194.201, New scanned ratio: ,0.00846662, New Scanned Cells Contribution: ,0,Area ratio: ,0.969685, Area ratio Contribution: ,0,Perim diff: ,1.05165, Perim diff Contribution: ,0,Frontier diff: ,0, Frontier diff Contribution ,0,Inverse Area ratio: ,0.738139, Inv Area Ratio Contribution: ,0,Inverse Perim ratio: ,1.09999, Inv Perim Contribution: ,0, Final Score: ,-195.201
Point: ,206,254,Repeat score:,1, Repeat contribution: ,-1,Dist:,39.195, Dist contribution: ,-195.975, New scanned ratio: ,0.00717017, New Scanned Cells Contribution: ,0,Area ratio: ,0.973117, Area ratio Contribution: ,0,Perim diff: ,1.04425, Perim diff Contribution: ,0,Frontier diff: ,0, Frontier diff Contribution ,0,Inverse Area ratio: ,0.743935, Inv Area Ratio Contribution: ,0,Inverse Perim ratio: ,1.08582, Inv Perim Contribution: ,0, Final Score: ,-196.975
Point: ,204,255,Repeat score:,1, Repeat contribution: ,-1,Dist:,41.5769, Dist contribution: ,-207.885, New scanned ratio: ,0.00783162, New Scanned Cells Contribution: ,0,Area ratio: ,0.972216, Area ratio Contribution: ,0,Perim diff: ,1.04509, Perim diff Contribution: ,0,Frontier diff: ,0, Frontier diff Contribution ,0,Inverse Area ratio: ,0.741148, Inv Area Ratio Contribution: ,0,Inverse Perim ratio: ,1.08779, Inv Perim Contribution: ,0, Final Score: ,-208.885
BEST Point:,260,238, Score: ,-101.211
COUNT COMMAND: 1
Total frontiers: ,106, Prioritised frontiers: ,27
At: ,259,238,
Point: ,297,226,Repeat score:,1, Repeat contribution: ,-1,Dist:,41.0775, Dist contribution: ,-205.387, New scanned ratio: ,0.00339295, New Scanned Cells Contribution: ,0,Area ratio: ,0.988789, Area ratio Contribution: ,0,Perim diff: ,1.04183, Perim diff Contribution: ,0,Frontier diff: ,0, Frontier diff Contribution ,0,Inverse Area ratio: ,0.800354, Inv Area Ratio Contribution: ,0,Inverse Perim ratio: ,1.06457, Inv Perim Contribution: ,0, Final Score: ,-206.387
Point: ,292,231,Repeat score:,1, Repeat contribution: ,-1,Dist:,34.2317, Dist contribution: ,-171.159, New scanned ratio: ,0.00526039, New Scanned Cells Contribution: ,0,Area ratio: ,0.989673, Area ratio Contribution: ,0,Perim diff: ,1.03013, Perim diff Contribution: ,0,Frontier diff: ,0, Frontier diff Contribution ,0,Inverse Area ratio: ,0.881471, Inv Area Ratio Contribution: ,0,Inverse Perim ratio: ,1.04941, Inv Perim Contribution: ,0, Final Score: ,-172.159
Point: ,286,234,Repeat score:,1, Repeat contribution: ,-1,Dist:,27.4962, Dist contribution: ,-137.481, New scanned ratio: ,0.00628617, New Scanned Cells Contribution: ,0,Area ratio: ,0.990296, Area ratio Contribution: ,0,Perim diff: ,1.02716, Perim diff Contribution: ,0,Frontier diff: ,0, Frontier diff Contribution ,0,Inverse Area ratio: ,0.914298, Inv Area Ratio Contribution: ,0,Inverse Perim ratio: ,1.04582, Inv Perim Contribution: ,0, Final Score: ,-138.481
Point: ,281,234,Repeat score:,1, Repeat contribution: ,-1,Dist:,22.6062, Dist contribution: ,-113.031, New scanned ratio: ,0.00590479, New Scanned Cells Contribution: ,0,Area ratio: ,0.990584, Area ratio Contribution: ,0,Perim diff: ,1.02664, Perim diff Contribution: ,0,Frontier diff: ,-1, Frontier diff Contribution ,-0,Inverse Area ratio: ,0.853557, Inv Area Ratio Contribution: ,0,Inverse Perim ratio: ,1.04868, Inv Perim Contribution: ,0, Final Score: ,-114.031
Point: ,280,235,Repeat score:,1, Repeat contribution: ,-1,Dist:,21.3591, Dist contribution: ,-106.795, New scanned ratio: ,0.00604945, New Scanned Cells Contribution: ,0,Area ratio: ,0.990553, Area ratio Contribution: ,0,Perim diff: ,1.02689, Perim diff Contribution: ,0,Frontier diff: ,-1, Frontier diff Contribution ,-0,Inverse Area ratio: ,0.844432, Inv Area Ratio Contribution: ,0,Inverse Perim ratio: ,1.04916, Inv Perim Contribution: ,0, Final Score: ,-107.795
Point: ,279,234,Repeat score:,1, Repeat contribution: ,-1,Dist:,20.6649, Dist contribution: ,-103.325, New scanned ratio: ,0.0053656, New Scanned Cells Contribution: ,0,Area ratio: ,0.990469, Area ratio Contribution: ,0,Perim diff: ,1.02706, Perim diff Contribution: ,0,Frontier diff: ,-1, Frontier diff Contribution ,-0,Inverse Area ratio: ,0.793194, Inv Area Ratio Contribution: ,0,Inverse Perim ratio: ,1.05607, Inv Perim Contribution: ,0, Final Score: ,-104.325
Point: ,279,237,Repeat score:,1, Repeat contribution: ,-1,Dist:,20.0422, Dist contribution: ,-100.211, New scanned ratio: ,0.00635192, New Scanned Cells Contribution: ,0,Area ratio: ,0.990278, Area ratio Contribution: ,0,Perim diff: ,1.03005, Perim diff Contribution: ,0,Frontier diff: ,-1, Frontier diff Contribution ,-0,Inverse Area ratio: ,0.810179, Inv Area Ratio Contribution: ,0,Inverse Perim ratio: ,1.05658, Inv Perim Contribution: ,0, Final Score: ,-101.211
Point: ,280,238,Repeat score:,1, Repeat contribution: ,-1,Dist:,21, Dist contribution: ,-105, New scanned ratio: ,0.00706207, New Scanned Cells Contribution: ,0,Area ratio: ,0.990104, Area ratio Contribution: ,0,Perim diff: ,1.02936, Perim diff Contribution: ,0,Frontier diff: ,-1, Frontier diff Contribution ,-0,Inverse Area ratio: ,0.863942, Inv Area Ratio Contribution: ,0,Inverse Perim ratio: ,1.04999, Inv Perim Contribution: ,0, Final Score: ,-106
Point: ,279,239,Repeat score:,1, Repeat contribution: ,-1,Dist:,20.0422, Dist contribution: ,-100.211, New scanned ratio: ,0.00704892, New Scanned Cells Contribution: ,0,Area ratio: ,0.989692, Area ratio Contribution: ,0,Perim diff: ,1.03041, Perim diff Contribution: ,0,Frontier diff: ,-1, Frontier diff Contribution ,-0,Inverse Area ratio: ,0.821607, Inv Area Ratio Contribution: ,0,Inverse Perim ratio: ,1.05656, Inv Perim Contribution: ,0, Final Score: ,-101.211
Point: ,279,244,Repeat score:,1, Repeat contribution: ,-1,Dist:,21.4672, Dist contribution: ,-107.336, New scanned ratio: ,0.00891636, New Scanned Cells Contribution: ,0,Area ratio: ,0.985658, Area ratio Contribution: ,0,Perim diff: ,1.03226, Perim diff Contribution: ,0,Frontier diff: ,-1, Frontier diff Contribution ,-0,Inverse Area ratio: ,0.850835, Inv Area Ratio Contribution: ,0,Inverse Perim ratio: ,1.05763, Inv Perim Contribution: ,0, Final Score: ,-108.336
Point: ,276,250,Repeat score:,1, Repeat contribution: ,-1,Dist:,23.0729, Dist contribution: ,-115.365, New scanned ratio: ,0.010192, New Scanned Cells Contribution: ,0,Area ratio: ,0.976421, Area ratio Contribution: ,0,Perim diff: ,1.03947, Perim diff Contribution: ,0,Frontier diff: ,0, Frontier diff Contribution ,0,Inverse Area ratio: ,0.705848, Inv Area Ratio Contribution: ,0,Inverse Perim ratio: ,1.10848, Inv Perim Contribution: ,0, Final Score: ,-116.365
Point: ,271,255,Repeat score:,1, Repeat contribution: ,-1,Dist:,25.1478, Dist contribution: ,-125.739, New scanned ratio: ,0.010455, New Scanned Cells Contribution: ,0,Area ratio: ,0.968381, Area ratio Contribution: ,0,Perim diff: ,1.0516, Perim diff Contribution: ,0,Frontier diff: ,0, Frontier diff Contribution ,0,Inverse Area ratio: ,0.70422, Inv Area Ratio Contribution: ,0,Inverse Perim ratio: ,1.12853, Inv Perim Contribution: ,0, Final Score: ,-126.739
Point: ,265,258,Repeat score:,1, Repeat contribution: ,-1,Dist:,26.6833, Dist contribution: ,-133.417, New scanned ratio: ,0.0102578, New Scanned Cells Contribution: ,0,Area ratio: ,0.964104, Area ratio Contribution: ,0,Perim diff: ,1.04794, Perim diff Contribution: ,0,Frontier diff: ,0, Frontier diff Contribution ,0,Inverse Area ratio: ,0.705213, Inv Area Ratio Contribution: ,0,Inverse Perim ratio: ,1.12148, Inv Perim Contribution: ,0, Final Score: ,-134.417
Point: ,260,258,Repeat score:,1, Repeat contribution: ,-1,Dist:,26.0192, Dist contribution: ,-130.096, New scanned ratio: ,0.00936349, New Scanned Cells Contribution: ,0,Area ratio: ,0.964575, Area ratio Contribution: ,0,Perim diff: ,1.04449, Perim diff Contribution: ,0,Frontier diff: ,0, Frontier diff Contribution ,0,Inverse Area ratio: ,0.709215, Inv Area Ratio Contribution: ,0,Inverse Perim ratio: ,1.11186, Inv Perim Contribution: ,0, Final Score: ,-131.096
Point: ,259,259,Repeat score:,1, Repeat contribution: ,-1,Dist:,27.3, Dist contribution: ,-136.5, New scanned ratio: ,0.00970542, New Scanned Cells Contribution: ,0,Area ratio: ,0.963245, Area ratio Contribution: ,0,Perim diff: ,1.04445, Perim diff Contribution: ,0,Frontier diff: ,0, Frontier diff Contribution ,0,Inverse Area ratio: ,0.70778, Inv Area Ratio Contribution: ,0,Inverse Perim ratio: ,1.11245, Inv Perim Contribution: ,0, Final Score: ,-137.5
Point: ,258,258,Repeat score:,1, Repeat contribution: ,-1,Dist:,26.0192, Dist contribution: ,-130.096, New scanned ratio: ,0.00907417, New Scanned Cells Contribution: ,0,Area ratio: ,0.964748, Area ratio Contribution: ,0,Perim diff: ,1.0439, Perim diff Contribution: ,0,Frontier diff: ,0, Frontier diff Contribution ,0,Inverse Area ratio: ,0.710485, Inv Area Ratio Contribution: ,0,Inverse Perim ratio: ,1.10941, Inv Perim Contribution: ,0, Final Score: ,-131.096
Point: ,253,258,Repeat score:,1, Repeat contribution: ,-1,Dist:,26.6833, Dist contribution: ,-133.417, New scanned ratio: ,0.00860074, New Scanned Cells Contribution: ,0,Area ratio: ,0.96548, Area ratio Contribution: ,0,Perim diff: ,1.04243, Perim diff Contribution: ,0,Frontier diff: ,0, Frontier diff Contribution ,0,Inverse Area ratio: ,0.7125, Inv Area Ratio Contribution: ,0,Inverse Perim ratio: ,1.10367, Inv Perim Contribution: ,0, Final Score: ,-134.417
Point: ,252,257,Repeat score:,1, Repeat contribution: ,-1,Dist:,25.6727, Dist contribution: ,-128.364, New scanned ratio: ,0.00802209, New Scanned Cells Contribution: ,0,Area ratio: ,0.967043, Area ratio Contribution: ,0,Perim diff: ,1.04191, Perim diff Contribution: ,0,Frontier diff: ,0, Frontier diff Contribution ,0,Inverse Area ratio: ,0.714984, Inv Area Ratio Contribution: ,0,Inverse Perim ratio: ,1.1009, Inv Perim Contribution: ,0, Final Score: ,-129.364
Point: ,249,257,Repeat score:,1, Repeat contribution: ,-1,Dist:,26.6475, Dist contribution: ,-133.238, New scanned ratio: ,0.00791689, New Scanned Cells Contribution: ,0,Area ratio: ,0.967637, Area ratio Contribution: ,0,Perim diff: ,1.04052, Perim diff Contribution: ,0,Frontier diff: ,0, Frontier diff Contribution ,0,Inverse Area ratio: ,0.715453, Inv Area Ratio Contribution: ,0,Inverse Perim ratio: ,1.09712, Inv Perim Contribution: ,0, Final Score: ,-134.238
Point: ,246,259,Repeat score:,1, Repeat contribution: ,-1,Dist:,30.2372, Dist contribution: ,-151.186, New scanned ratio: ,0.00883745, New Scanned Cells Contribution: ,0,Area ratio: ,0.965459, Area ratio Contribution: ,0,Perim diff: ,1.04149, Perim diff Contribution: ,0,Frontier diff: ,0, Frontier diff Contribution ,0,Inverse Area ratio: ,0.711561, Inv Area Ratio Contribution: ,0,Inverse Perim ratio: ,1.09953, Inv Perim Contribution: ,0, Final Score: ,-152.186
Point: ,241,259,Repeat score:,1, Repeat contribution: ,-1,Dist:,32.7, Dist contribution: ,-163.5, New scanned ratio: ,0.00870594, New Scanned Cells Contribution: ,0,Area ratio: ,0.966471, Area ratio Contribution: ,0,Perim diff: ,1.0415, Perim diff Contribution: ,0,Frontier diff: ,0, Frontier diff Contribution ,0,Inverse Area ratio: ,0.712113, Inv Area Ratio Contribution: ,0,Inverse Perim ratio: ,1.09687, Inv Perim Contribution: ,0, Final Score: ,-164.5
Point: ,240,260,Repeat score:,1, Repeat contribution: ,-1,Dist:,34.336, Dist contribution: ,-171.68, New scanned ratio: ,0.00919253, New Scanned Cells Contribution: ,0,Area ratio: ,0.965281, Area ratio Contribution: ,0,Perim diff: ,1.04265, Perim diff Contribution: ,0,Frontier diff: ,0, Frontier diff Contribution ,0,Inverse Area ratio: ,0.709988, Inv Area Ratio Contribution: ,0,Inverse Perim ratio: ,1.0994, Inv Perim Contribution: ,0, Final Score: ,-172.68
Point: ,239,259,Repeat score:,1, Repeat contribution: ,-1,Dist:,33.8421, Dist contribution: ,-169.211, New scanned ratio: ,0.00865334, New Scanned Cells Contribution: ,0,Area ratio: ,0.966776, Area ratio Contribution: ,0,Perim diff: ,1.04114, Perim diff Contribution: ,0,Frontier diff: ,0, Frontier diff Contribution ,0,Inverse Area ratio: ,0.712362, Inv Area Ratio Contribution: ,0,Inverse Perim ratio: ,1.09547, Inv Perim Contribution: ,0, Final Score: ,-170.211
Point: ,234,259,Repeat score:,1, Repeat contribution: ,-1,Dist:,37.0174, Dist contribution: ,-185.087, New scanned ratio: ,0.00853498, New Scanned Cells Contribution: ,0,Area ratio: ,0.966778, Area ratio Contribution: ,0,Perim diff: ,1.0449, Perim diff Contribution: ,0,Frontier diff: ,0, Frontier diff Contribution ,0,Inverse Area ratio: ,0.712886, Inv Area Ratio Contribution: ,0,Inverse Perim ratio: ,1.09923, Inv Perim Contribution: ,0, Final Score: ,-186.087
Point: ,233,258,Repeat score:,1, Repeat contribution: ,-1,Dist:,36.7696, Dist contribution: ,-183.848, New scanned ratio: ,0.00799579, New Scanned Cells Contribution: ,0,Area ratio: ,0.967978, Area ratio Contribution: ,0,Perim diff: ,1.04323, Perim diff Contribution: ,0,Frontier diff: ,0, Frontier diff Contribution ,0,Inverse Area ratio: ,0.715149, Inv Area Ratio Contribution: ,0,Inverse Perim ratio: ,1.09516, Inv Perim Contribution: ,0, Final Score: ,-184.848
Point: ,230,258,Repeat score:,1, Repeat contribution: ,-1,Dist:,38.9487, Dist contribution: ,-194.743, New scanned ratio: ,0.00795634, New Scanned Cells Contribution: ,0,Area ratio: ,0.967957, Area ratio Contribution: ,0,Perim diff: ,1.04817, Perim diff Contribution: ,0,Frontier diff: ,0, Frontier diff Contribution ,0,Inverse Area ratio: ,0.71526, Inv Area Ratio Contribution: ,0,Inverse Perim ratio: ,1.10236, Inv Perim Contribution: ,0, Final Score: ,-195.743
Point: ,227,260,Repeat score:,1, Repeat contribution: ,-1,Dist:,42.9181, Dist contribution: ,-214.59, New scanned ratio: ,0.00902157, New Scanned Cells Contribution: ,0,Area ratio: ,0.965653, Area ratio Contribution: ,0,Perim diff: ,1.05139, Perim diff Contribution: ,0,Frontier diff: ,0, Frontier diff Contribution ,0,Inverse Area ratio: ,0.710651, Inv Area Ratio Contribution: ,0,Inverse Perim ratio: ,1.10823, Inv Perim Contribution: ,0, Final Score: ,-215.59
BEST Point:,279,237, Score: ,-101.211
COUNT COMMAND: 1
Total frontiers: ,109, Prioritised frontiers: ,26
At: ,278,237,
Point: ,299,225,Repeat score:,1, Repeat contribution: ,-1,Dist:,26.1603, Dist contribution: ,-130.801, New scanned ratio: ,0.000627492, New Scanned Cells Contribution: ,0,Area ratio: ,0.990519, Area ratio Contribution: ,0,Perim diff: ,1.02714, Perim diff Contribution: ,0,Frontier diff: ,0, Frontier diff Contribution ,0,Inverse Area ratio: ,0.866737, Inv Area Ratio Contribution: ,0,Inverse Perim ratio: ,1.04831, Inv Perim Contribution: ,0, Final Score: ,-131.801
Point: ,298,226,Repeat score:,1, Repeat contribution: ,-1,Dist:,24.5864, Dist contribution: ,-122.932, New scanned ratio: ,0.00066671, New Scanned Cells Contribution: ,0,Area ratio: ,0.990565, Area ratio Contribution: ,0,Perim diff: ,1.02705, Perim diff Contribution: ,0,Frontier diff: ,0, Frontier diff Contribution ,0,Inverse Area ratio: ,0.875092, Inv Area Ratio Contribution: ,0,Inverse Perim ratio: ,1.04885, Inv Perim Contribution: ,0, Final Score: ,-123.932
Point: ,297,225,Repeat score:,1, Repeat contribution: ,-1,Dist:,24.5837, Dist contribution: ,-122.919, New scanned ratio: ,0.000627492, New Scanned Cells Contribution: ,0,Area ratio: ,0.99059, Area ratio Contribution: ,0,Perim diff: ,1.02599, Perim diff Contribution: ,0,Frontier diff: ,0, Frontier diff Contribution ,0,Inverse Area ratio: ,0.867148, Inv Area Ratio Contribution: ,0,Inverse Perim ratio: ,1.04805, Inv Perim Contribution: ,0, Final Score: ,-123.919
Point: ,296,227,Repeat score:,1, Repeat contribution: ,-1,Dist:,22.2036, Dist contribution: ,-111.018, New scanned ratio: ,0.000719001, New Scanned Cells Contribution: ,0,Area ratio: ,0.990559, Area ratio Contribution: ,0,Perim diff: ,1.02602, Perim diff Contribution: ,0,Frontier diff: ,0, Frontier diff Contribution ,0,Inverse Area ratio: ,0.884261, Inv Area Ratio Contribution: ,0,Inverse Perim ratio: ,1.04653, Inv Perim Contribution: ,0, Final Score: ,-112.018
Point: ,298,231,Repeat score:,1, Repeat contribution: ,-1,Dist:,21.4672, Dist contribution: ,-107.336, New scanned ratio: ,0.000980456, New Scanned Cells Contribution: ,0,Area ratio: ,0.990438, Area ratio Contribution: ,0,Perim diff: ,1.02677, Perim diff Contribution: ,0,Frontier diff: ,0, Frontier diff Contribution ,0,Inverse Area ratio: ,0.920101, Inv Area Ratio Contribution: ,0,Inverse Perim ratio: ,1.04523, Inv Perim Contribution: ,0, Final Score: ,-108.336
Point: ,298,236,Repeat score:,1, Repeat contribution: ,-1,Dist:,20.0422, Dist contribution: ,-100.211, New scanned ratio: ,0.00152951, New Scanned Cells Contribution: ,0,Area ratio: ,0.990308, Area ratio Contribution: ,0,Perim diff: ,1.02704, Perim diff Contribution: ,0,Frontier diff: ,0, Frontier diff Contribution ,0,Inverse Area ratio: ,0.944624, Inv Area Ratio Contribution: ,0,Inverse Perim ratio: ,1.0445, Inv Perim Contribution: ,0, Final Score: ,-101.211
Point: ,299,237,Repeat score:,1, Repeat contribution: ,-1,Dist:,21, Dist contribution: ,-105, New scanned ratio: ,0.00164717, New Scanned Cells Contribution: ,0,Area ratio: ,0.989877, Area ratio Contribution: ,0,Perim diff: ,1.02684, Perim diff Contribution: ,0,Frontier diff: ,0, Frontier diff Contribution ,0,Inverse Area ratio: ,0.948133, Inv Area Ratio Contribution: ,0,Inverse Perim ratio: ,1.04298, Inv Perim Contribution: ,0, Final Score: ,-106
Point: ,298,238,Repeat score:,1, Repeat contribution: ,-1,Dist:,20.0422, Dist contribution: ,-100.211, New scanned ratio: ,0.00183018, New Scanned Cells Contribution: ,0,Area ratio: ,0.989576, Area ratio Contribution: ,0,Perim diff: ,1.02706, Perim diff Contribution: ,0,Frontier diff: ,0, Frontier diff Contribution ,0,Inverse Area ratio: ,0.947838, Inv Area Ratio Contribution: ,0,Inverse Perim ratio: ,1.04435, Inv Perim Contribution: ,0, Final Score: ,-101.211
Point: ,298,243,Repeat score:,1, Repeat contribution: ,-1,Dist:,21.4672, Dist contribution: ,-107.336, New scanned ratio: ,0.0027845, New Scanned Cells Contribution: ,0,Area ratio: ,0.987207, Area ratio Contribution: ,0,Perim diff: ,1.02738, Perim diff Contribution: ,0,Frontier diff: ,0, Frontier diff Contribution ,0,Inverse Area ratio: ,0.952095, Inv Area Ratio Contribution: ,0,Inverse Perim ratio: ,1.04421, Inv Perim Contribution: ,0, Final Score: ,-108.336
Point: ,295,249,Repeat score:,1, Repeat contribution: ,-1,Dist:,23.0729, Dist contribution: ,-115.365, New scanned ratio: ,0.00448395, New Scanned Cells Contribution: ,0,Area ratio: ,0.978057, Area ratio Contribution: ,0,Perim diff: ,1.03513, Perim diff Contribution: ,0,Frontier diff: ,-1, Frontier diff Contribution ,-0,Inverse Area ratio: ,0.947912, Inv Area Ratio Contribution: ,0,Inverse Perim ratio: ,1.04568, Inv Perim Contribution: ,0, Final Score: ,-116.365
Point: ,290,254,Repeat score:,1, Repeat contribution: ,-1,Dist:,25.1478, Dist contribution: ,-125.739, New scanned ratio: ,0.00692856, New Scanned Cells Contribution: ,0,Area ratio: ,0.970691, Area ratio Contribution: ,0,Perim diff: ,1.03771, Perim diff Contribution: ,0,Frontier diff: ,-1, Frontier diff Contribution ,-0,Inverse Area ratio: ,0.937537, Inv Area Ratio Contribution: ,0,Inverse Perim ratio: ,1.05167, Inv Perim Contribution: ,0, Final Score: ,-126.739
Point: ,284,257,Repeat score:,1, Repeat contribution: ,-1,Dist:,26.6833, Dist contribution: ,-133.417, New scanned ratio: ,0.00919014, New Scanned Cells Contribution: ,0,Area ratio: ,0.966813, Area ratio Contribution: ,0,Perim diff: ,1.03854, Perim diff Contribution: ,0,Frontier diff: ,-1, Frontier diff Contribution ,-0,Inverse Area ratio: ,0.93267, Inv Area Ratio Contribution: ,0,Inverse Perim ratio: ,1.05685, Inv Perim Contribution: ,0, Final Score: ,-134.417
Point: ,279,257,Repeat score:,1, Repeat contribution: ,-1,Dist:,26.0192, Dist contribution: ,-130.096, New scanned ratio: ,0.0093078, New Scanned Cells Contribution: ,0,Area ratio: ,0.966966, Area ratio Contribution: ,0,Perim diff: ,1.03851, Perim diff Contribution: ,0,Frontier diff: ,-1, Frontier diff Contribution ,-0,Inverse Area ratio: ,0.906643, Inv Area Ratio Contribution: ,0,Inverse Perim ratio: ,1.0696, Inv Perim Contribution: ,0, Final Score: ,-131.096
Point: ,278,258,Repeat score:,1, Repeat contribution: ,-1,Dist:,27.3, Dist contribution: ,-136.5, New scanned ratio: ,0.00964769, New Scanned Cells Contribution: ,0,Area ratio: ,0.965685, Area ratio Contribution: ,0,Perim diff: ,1.03879, Perim diff Contribution: ,0,Frontier diff: ,0, Frontier diff Contribution ,0,Inverse Area ratio: ,0.682472, Inv Area Ratio Contribution: ,0,Inverse Perim ratio: ,1.12259, Inv Perim Contribution: ,0, Final Score: ,-137.5
Point: ,277,257,Repeat score:,1, Repeat contribution: ,-1,Dist:,26.0192, Dist contribution: ,-130.096, New scanned ratio: ,0.0090202, New Scanned Cells Contribution: ,0,Area ratio: ,0.967286, Area ratio Contribution: ,0,Perim diff: ,1.03872, Perim diff Contribution: ,0,Frontier diff: ,0, Frontier diff Contribution ,0,Inverse Area ratio: ,0.685176, Inv Area Ratio Contribution: ,0,Inverse Perim ratio: ,1.11955, Inv Perim Contribution: ,0, Final Score: ,-131.096
Point: ,272,257,Repeat score:,1, Repeat contribution: ,-1,Dist:,26.6833, Dist contribution: ,-133.417, New scanned ratio: ,0.00854958, New Scanned Cells Contribution: ,0,Area ratio: ,0.967835, Area ratio Contribution: ,0,Perim diff: ,1.03886, Perim diff Contribution: ,0,Frontier diff: ,0, Frontier diff Contribution ,0,Inverse Area ratio: ,0.687219, Inv Area Ratio Contribution: ,0,Inverse Perim ratio: ,1.11332, Inv Perim Contribution: ,0, Final Score: ,-134.417
Point: ,271,256,Repeat score:,1, Repeat contribution: ,-1,Dist:,25.6727, Dist contribution: ,-128.364, New scanned ratio: ,0.00797438, New Scanned Cells Contribution: ,0,Area ratio: ,0.969325, Area ratio Contribution: ,0,Perim diff: ,1.03866, Perim diff Contribution: ,0,Frontier diff: ,0, Frontier diff Contribution ,0,Inverse Area ratio: ,0.689703, Inv Area Ratio Contribution: ,0,Inverse Perim ratio: ,1.11054, Inv Perim Contribution: ,0, Final Score: ,-129.364
Point: ,268,256,Repeat score:,1, Repeat contribution: ,-1,Dist:,26.6475, Dist contribution: ,-133.238, New scanned ratio: ,0.0078698, New Scanned Cells Contribution: ,0,Area ratio: ,0.969641, Area ratio Contribution: ,0,Perim diff: ,1.03779, Perim diff Contribution: ,0,Frontier diff: ,0, Frontier diff Contribution ,0,Inverse Area ratio: ,0.690172, Inv Area Ratio Contribution: ,0,Inverse Perim ratio: ,1.10677, Inv Perim Contribution: ,0, Final Score: ,-134.238
Point: ,265,258,Repeat score:,1, Repeat contribution: ,-1,Dist:,30.2372, Dist contribution: ,-151.186, New scanned ratio: ,0.00878489, New Scanned Cells Contribution: ,0,Area ratio: ,0.967068, Area ratio Contribution: ,0,Perim diff: ,1.03895, Perim diff Contribution: ,0,Frontier diff: ,0, Frontier diff Contribution ,0,Inverse Area ratio: ,0.68628, Inv Area Ratio Contribution: ,0,Inverse Perim ratio: ,1.10918, Inv Perim Contribution: ,0, Final Score: ,-152.186
Point: ,260,258,Repeat score:,1, Repeat contribution: ,-1,Dist:,32.7, Dist contribution: ,-163.5, New scanned ratio: ,0.00865416, New Scanned Cells Contribution: ,0,Area ratio: ,0.967315, Area ratio Contribution: ,0,Perim diff: ,1.03919, Perim diff Contribution: ,0,Frontier diff: ,0, Frontier diff Contribution ,0,Inverse Area ratio: ,0.686832, Inv Area Ratio Contribution: ,0,Inverse Perim ratio: ,1.10652, Inv Perim Contribution: ,0, Final Score: ,-164.5
Point: ,259,259,Repeat score:,1, Repeat contribution: ,-1,Dist:,34.336, Dist contribution: ,-171.68, New scanned ratio: ,0.00913785, New Scanned Cells Contribution: ,0,Area ratio: ,0.966001, Area ratio Contribution: ,0,Perim diff: ,1.04004, Perim diff Contribution: ,0,Frontier diff: ,0, Frontier diff Contribution ,0,Inverse Area ratio: ,0.684735, Inv Area Ratio Contribution: ,0,Inverse Perim ratio: ,1.10856, Inv Perim Contribution: ,0, Final Score: ,-172.68
Point: ,258,258,Repeat score:,1, Repeat contribution: ,-1,Dist:,33.8421, Dist contribution: ,-169.211, New scanned ratio: ,0.00860187, New Scanned Cells Contribution: ,0,Area ratio: ,0.967404, Area ratio Contribution: ,0,Perim diff: ,1.03854, Perim diff Contribution: ,0,Frontier diff: ,0, Frontier diff Contribution ,0,Inverse Area ratio: ,0.687108, Inv Area Ratio Contribution: ,0,Inverse Perim ratio: ,1.10463, Inv Perim Contribution: ,0, Final Score: ,-170.211
Point: ,253,258,Repeat score:,1, Repeat contribution: ,-1,Dist:,37.0174, Dist contribution: ,-185.087, New scanned ratio: ,0.00848421, New Scanned Cells Contribution: ,0,Area ratio: ,0.967462, Area ratio Contribution: ,0,Perim diff: ,1.04233, Perim diff Contribution: ,0,Frontier diff: ,0, Frontier diff Contribution ,0,Inverse Area ratio: ,0.687522, Inv Area Ratio Contribution: ,0,Inverse Perim ratio: ,1.10848, Inv Perim Contribution: ,0, Final Score: ,-186.087
Point: ,252,257,Repeat score:,1, Repeat contribution: ,-1,Dist:,36.7696, Dist contribution: ,-183.848, New scanned ratio: ,0.00794823, New Scanned Cells Contribution: ,0,Area ratio: ,0.968779, Area ratio Contribution: ,0,Perim diff: ,1.04066, Perim diff Contribution: ,0,Frontier diff: ,0, Frontier diff Contribution ,0,Inverse Area ratio: ,0.689841, Inv Area Ratio Contribution: ,0,Inverse Perim ratio: ,1.10456, Inv Perim Contribution: ,0, Final Score: ,-184.848
Point: ,249,257,Repeat score:,1, Repeat contribution: ,-1,Dist:,38.9487, Dist contribution: ,-194.743, New scanned ratio: ,0.0078698, New Scanned Cells Contribution: ,0,Area ratio: ,0.968777, Area ratio Contribution: ,0,Perim diff: ,1.04251, Perim diff Contribution: ,0,Frontier diff: ,0, Frontier diff Contribution ,0,Inverse Area ratio: ,0.690117, Inv Area Ratio Contribution: ,0,Inverse Perim ratio: ,1.10658, Inv Perim Contribution: ,0, Final Score: ,-195.743
Point: ,246,259,Repeat score:,1, Repeat contribution: ,-1,Dist:,42.9181, Dist contribution: ,-214.59, New scanned ratio: ,0.00878489, New Scanned Cells Contribution: ,0,Area ratio: ,0.966129, Area ratio Contribution: ,0,Perim diff: ,1.04333, Perim diff Contribution: ,0,Frontier diff: ,0, Frontier diff Contribution ,0,Inverse Area ratio: ,0.686225, Inv Area Ratio Contribution: ,0,Inverse Perim ratio: ,1.10911, Inv Perim Contribution: ,0, Final Score: ,-215.59
BEST Point:,298,236, Score: ,-101.211
COUNT COMMAND: 1
Total frontiers: ,104, Prioritised frontiers: ,14
At: ,297,236,
Point: ,299,256,Repeat score:,1, Repeat contribution: ,-1,Dist:,26.0768, Dist contribution: ,-130.384, New scanned ratio: ,0.00433341, New Scanned Cells Contribution: ,0,Area ratio: ,0.96714, Area ratio Contribution: ,0,Perim diff: ,1.03485, Perim diff Contribution: ,0,Frontier diff: ,0, Frontier diff Contribution ,0,Inverse Area ratio: ,0.945406, Inv Area Ratio Contribution: ,0,Inverse Perim ratio: ,1.04748, Inv Perim Contribution: ,0, Final Score: ,-131.384
Point: ,297,257,Repeat score:,1, Repeat contribution: ,-1,Dist:,27.3, Dist contribution: ,-136.5, New scanned ratio: ,0.00511656, New Scanned Cells Contribution: ,0,Area ratio: ,0.965846, Area ratio Contribution: ,0,Perim diff: ,1.03439, Perim diff Contribution: ,0,Frontier diff: ,0, Frontier diff Contribution ,0,Inverse Area ratio: ,0.943114, Inv Area Ratio Contribution: ,0,Inverse Perim ratio: ,1.04841, Inv Perim Contribution: ,0, Final Score: ,-137.5
Point: ,296,256,Repeat score:,1, Repeat contribution: ,-1,Dist:,26.0192, Dist contribution: ,-130.096, New scanned ratio: ,0.00506435, New Scanned Cells Contribution: ,0,Area ratio: ,0.967451, Area ratio Contribution: ,0,Perim diff: ,1.03435, Perim diff Contribution: ,0,Frontier diff: ,0, Frontier diff Contribution ,0,Inverse Area ratio: ,0.942604, Inv Area Ratio Contribution: ,0,Inverse Perim ratio: ,1.04899, Inv Perim Contribution: ,0, Final Score: ,-131.096
Point: ,291,256,Repeat score:,1, Repeat contribution: ,-1,Dist:,26.6833, Dist contribution: ,-133.417, New scanned ratio: ,0.00629128, New Scanned Cells Contribution: ,0,Area ratio: ,0.968004, Area ratio Contribution: ,0,Perim diff: ,1.03443, Perim diff Contribution: ,0,Frontier diff: ,0, Frontier diff Contribution ,0,Inverse Area ratio: ,0.937829, Inv Area Ratio Contribution: ,0,Inverse Perim ratio: ,1.05123, Inv Perim Contribution: ,0, Final Score: ,-134.417
Point: ,290,255,Repeat score:,1, Repeat contribution: ,-1,Dist:,25.6727, Dist contribution: ,-128.364, New scanned ratio: ,0.00613465, New Scanned Cells Contribution: ,0,Area ratio: ,0.969594, Area ratio Contribution: ,0,Perim diff: ,1.03418, Perim diff Contribution: ,0,Frontier diff: ,0, Frontier diff Contribution ,0,Inverse Area ratio: ,0.936659, Inv Area Ratio Contribution: ,0,Inverse Perim ratio: ,1.05265, Inv Perim Contribution: ,0, Final Score: ,-129.364
Point: ,287,255,Repeat score:,1, Repeat contribution: ,-1,Dist:,26.6475, Dist contribution: ,-133.238, New scanned ratio: ,0.00677422, New Scanned Cells Contribution: ,0,Area ratio: ,0.969958, Area ratio Contribution: ,0,Perim diff: ,1.03298, Perim diff Contribution: ,0,Frontier diff: ,0, Frontier diff Contribution ,0,Inverse Area ratio: ,0.93768, Inv Area Ratio Contribution: ,0,Inverse Perim ratio: ,1.05261, Inv Perim Contribution: ,0, Final Score: ,-134.238
Point: ,284,257,Repeat score:,1, Repeat contribution: ,-1,Dist:,30.2372, Dist contribution: ,-151.186, New scanned ratio: ,0.00818388, New Scanned Cells Contribution: ,0,Area ratio: ,0.967368, Area ratio Contribution: ,0,Perim diff: ,1.03349, Perim diff Contribution: ,0,Frontier diff: ,0, Frontier diff Contribution ,0,Inverse Area ratio: ,0.933466, Inv Area Ratio Contribution: ,0,Inverse Perim ratio: ,1.05696, Inv Perim Contribution: ,0, Final Score: ,-152.186
Point: ,279,257,Repeat score:,1, Repeat contribution: ,-1,Dist:,32.7, Dist contribution: ,-163.5, New scanned ratio: ,0.00864072, New Scanned Cells Contribution: ,0,Area ratio: ,0.967836, Area ratio Contribution: ,0,Perim diff: ,1.03336, Perim diff Contribution: ,0,Frontier diff: ,-1, Frontier diff Contribution ,-0,Inverse Area ratio: ,0.909024, Inv Area Ratio Contribution: ,0,Inverse Perim ratio: ,1.07141, Inv Perim Contribution: ,0, Final Score: ,-164.5
Point: ,278,258,Repeat score:,1, Repeat contribution: ,-1,Dist:,34.336, Dist contribution: ,-171.68, New scanned ratio: ,0.00912366, New Scanned Cells Contribution: ,0,Area ratio: ,0.966492, Area ratio Contribution: ,0,Perim diff: ,1.0343, Perim diff Contribution: ,0,Frontier diff: ,0, Frontier diff Contribution ,0,Inverse Area ratio: ,0.898843, Inv Area Ratio Contribution: ,0,Inverse Perim ratio: ,1.07807, Inv Perim Contribution: ,0, Final Score: ,-172.68
Point: ,277,257,Repeat score:,1, Repeat contribution: ,-1,Dist:,33.8421, Dist contribution: ,-169.211, New scanned ratio: ,0.00858851, New Scanned Cells Contribution: ,0,Area ratio: ,0.967938, Area ratio Contribution: ,0,Perim diff: ,1.0334, Perim diff Contribution: ,0,Frontier diff: ,0, Frontier diff Contribution ,0,Inverse Area ratio: ,0.901982, Inv Area Ratio Contribution: ,0,Inverse Perim ratio: ,1.07396, Inv Perim Contribution: ,0, Final Score: ,-170.211
Point: ,272,257,Repeat score:,1, Repeat contribution: ,-1,Dist:,37.0174, Dist contribution: ,-185.087, New scanned ratio: ,0.00847104, New Scanned Cells Contribution: ,0,Area ratio: ,0.96805, Area ratio Contribution: ,0,Perim diff: ,1.03814, Perim diff Contribution: ,0,Frontier diff: ,0, Frontier diff Contribution ,0,Inverse Area ratio: ,0.902529, Inv Area Ratio Contribution: ,0,Inverse Perim ratio: ,1.07722, Inv Perim Contribution: ,0, Final Score: ,-186.087
Point: ,271,256,Repeat score:,1, Repeat contribution: ,-1,Dist:,36.7696, Dist contribution: ,-183.848, New scanned ratio: ,0.00793589, New Scanned Cells Contribution: ,0,Area ratio: ,0.96946, Area ratio Contribution: ,0,Perim diff: ,1.03672, Perim diff Contribution: ,0,Frontier diff: ,0, Frontier diff Contribution ,0,Inverse Area ratio: ,0.905594, Inv Area Ratio Contribution: ,0,Inverse Perim ratio: ,1.07311, Inv Perim Contribution: ,0, Final Score: ,-184.848
Point: ,268,256,Repeat score:,1, Repeat contribution: ,-1,Dist:,38.9487, Dist contribution: ,-194.743, New scanned ratio: ,0.00785757, New Scanned Cells Contribution: ,0,Area ratio: ,0.969446, Area ratio Contribution: ,0,Perim diff: ,1.03881, Perim diff Contribution: ,0,Frontier diff: ,0, Frontier diff Contribution ,0,Inverse Area ratio: ,0.903322, Inv Area Ratio Contribution: ,0,Inverse Perim ratio: ,1.07518, Inv Perim Contribution: ,0, Final Score: ,-195.743
Point: ,265,258,Repeat score:,1, Repeat contribution: ,-1,Dist:,42.9181, Dist contribution: ,-214.59, New scanned ratio: ,0.00877124, New Scanned Cells Contribution: ,0,Area ratio: ,0.966651, Area ratio Contribution: ,0,Perim diff: ,1.03969, Perim diff Contribution: ,0,Frontier diff: ,0, Frontier diff Contribution ,0,Inverse Area ratio: ,0.898192, Inv Area Ratio Contribution: ,0,Inverse Perim ratio: ,1.07782, Inv Perim Contribution: ,0, Final Score: ,-215.59
BEST Point:,290,255, Score: ,-129.364
COUNT COMMAND: 1
Total frontiers: ,102, Prioritised frontiers: ,17
At: ,290,254,
Point: ,299,272,Repeat score:,1, Repeat contribution: ,-1,Dist:,25.0711, Dist contribution: ,-125.355, New scanned ratio: ,0.00394523, New Scanned Cells Contribution: ,0,Area ratio: ,0.944402, Area ratio Contribution: ,0,Perim diff: ,1.04261, Perim diff Contribution: ,0,Frontier diff: ,0, Frontier diff Contribution ,0,Inverse Area ratio: ,0.936707, Inv Area Ratio Contribution: ,0,Inverse Perim ratio: ,1.05047, Inv Perim Contribution: ,0, Final Score: ,-126.355
Point: ,296,274,Repeat score:,1, Repeat contribution: ,-1,Dist:,26.6833, Dist contribution: ,-133.417, New scanned ratio: ,0.00537279, New Scanned Cells Contribution: ,0,Area ratio: ,0.941653, Area ratio Contribution: ,0,Perim diff: ,1.04543, Perim diff Contribution: ,0,Frontier diff: ,0, Frontier diff Contribution ,0,Inverse Area ratio: ,0.929236, Inv Area Ratio Contribution: ,0,Inverse Perim ratio: ,1.05466, Inv Perim Contribution: ,0, Final Score: ,-134.417
Point: ,291,274,Repeat score:,1, Repeat contribution: ,-1,Dist:,26.0192, Dist contribution: ,-130.096, New scanned ratio: ,0.00705989, New Scanned Cells Contribution: ,0,Area ratio: ,0.942078, Area ratio Contribution: ,0,Perim diff: ,1.04941, Perim diff Contribution: ,0,Frontier diff: ,0, Frontier diff Contribution ,0,Inverse Area ratio: ,0.91815, Inv Area Ratio Contribution: ,0,Inverse Perim ratio: ,1.06289, Inv Perim Contribution: ,0, Final Score: ,-131.096
Point: ,290,275,Repeat score:,1, Repeat contribution: ,-1,Dist:,27.3, Dist contribution: ,-136.5, New scanned ratio: ,0.00776069, New Scanned Cells Contribution: ,0,Area ratio: ,0.940792, Area ratio Contribution: ,0,Perim diff: ,1.0508, Perim diff Contribution: ,0,Frontier diff: ,0, Frontier diff Contribution ,0,Inverse Area ratio: ,0.913996, Inv Area Ratio Contribution: ,0,Inverse Perim ratio: ,1.06609, Inv Perim Contribution: ,0, Final Score: ,-137.5
Point: ,289,274,Repeat score:,1, Repeat contribution: ,-1,Dist:,26.0192, Dist contribution: ,-130.096, New scanned ratio: ,0.00777367, New Scanned Cells Contribution: ,0,Area ratio: ,0.942335, Area ratio Contribution: ,0,Perim diff: ,1.05117, Perim diff Contribution: ,0,Frontier diff: ,0, Frontier diff Contribution ,0,Inverse Area ratio: ,0.912797, Inv Area Ratio Contribution: ,0,Inverse Perim ratio: ,1.06738, Inv Perim Contribution: ,0, Final Score: ,-131.096
Point: ,284,274,Repeat score:,1, Repeat contribution: ,-1,Dist:,26.6833, Dist contribution: ,-133.417, New scanned ratio: ,0.00961651, New Scanned Cells Contribution: ,0,Area ratio: ,0.943179, Area ratio Contribution: ,0,Perim diff: ,1.05607, Perim diff Contribution: ,0,Frontier diff: ,0, Frontier diff Contribution ,0,Inverse Area ratio: ,0.897529, Inv Area Ratio Contribution: ,0,Inverse Perim ratio: ,1.08225, Inv Perim Contribution: ,0, Final Score: ,-134.417
Point: ,278,271,Repeat score:,1, Repeat contribution: ,-1,Dist:,25.1478, Dist contribution: ,-125.739, New scanned ratio: ,0.0101486, New Scanned Cells Contribution: ,0,Area ratio: ,0.948637, Area ratio Contribution: ,0,Perim diff: ,1.04973, Perim diff Contribution: ,0,Frontier diff: ,0, Frontier diff Contribution ,0,Inverse Area ratio: ,0.889769, Inv Area Ratio Contribution: ,0,Inverse Perim ratio: ,1.09943, Inv Perim Contribution: ,0, Final Score: ,-126.739
Point: ,273,266,Repeat score:,1, Repeat contribution: ,-1,Dist:,23.0729, Dist contribution: ,-115.365, New scanned ratio: ,0.00882487, New Scanned Cells Contribution: ,0,Area ratio: ,0.956133, Area ratio Contribution: ,0,Perim diff: ,1.04264, Perim diff Contribution: ,0,Frontier diff: ,0, Frontier diff Contribution ,0,Inverse Area ratio: ,0.901496, Inv Area Ratio Contribution: ,0,Inverse Perim ratio: ,1.07782, Inv Perim Contribution: ,0, Final Score: ,-116.365
Point: ,270,260,Repeat score:,1, Repeat contribution: ,-1,Dist:,21.4672, Dist contribution: ,-107.336, New scanned ratio: ,0.00667056, New Scanned Cells Contribution: ,0,Area ratio: ,0.964485, Area ratio Contribution: ,0,Perim diff: ,1.03792, Perim diff Contribution: ,0,Frontier diff: ,0, Frontier diff Contribution ,0,Inverse Area ratio: ,0.915621, Inv Area Ratio Contribution: ,0,Inverse Perim ratio: ,1.0645, Inv Perim Contribution: ,0, Final Score: ,-108.336
Point: ,270,256,Repeat score:,1, Repeat contribution: ,-1,Dist:,20.1683, Dist contribution: ,-100.841, New scanned ratio: ,0.00494452, New Scanned Cells Contribution: ,0,Area ratio: ,0.96987, Area ratio Contribution: ,0,Perim diff: ,1.03407, Perim diff Contribution: ,0,Frontier diff: ,0, Frontier diff Contribution ,0,Inverse Area ratio: ,0.925974, Inv Area Ratio Contribution: ,0,Inverse Perim ratio: ,1.05629, Inv Perim Contribution: ,0, Final Score: ,-101.841
Point: ,268,256,Repeat score:,1, Repeat contribution: ,-1,Dist:,22.1531, Dist contribution: ,-110.766, New scanned ratio: ,0.00534683, New Scanned Cells Contribution: ,0,Area ratio: ,0.970004, Area ratio Contribution: ,0,Perim diff: ,1.03334, Perim diff Contribution: ,0,Frontier diff: ,0, Frontier diff Contribution ,0,Inverse Area ratio: ,0.928239, Inv Area Ratio Contribution: ,0,Inverse Perim ratio: ,1.05551, Inv Perim Contribution: ,0, Final Score: ,-111.766
Point: ,265,258,Repeat score:,1, Repeat contribution: ,-1,Dist:,25.5351, Dist contribution: ,-127.675, New scanned ratio: ,0.00674843, New Scanned Cells Contribution: ,0,Area ratio: ,0.96756, Area ratio Contribution: ,0,Perim diff: ,1.0343, Perim diff Contribution: ,0,Frontier diff: ,0, Frontier diff Contribution ,0,Inverse Area ratio: ,0.924999, Inv Area Ratio Contribution: ,0,Inverse Perim ratio: ,1.0581, Inv Perim Contribution: ,0, Final Score: ,-128.675
Point: ,260,258,Repeat score:,1, Repeat contribution: ,-1,Dist:,30.4473, Dist contribution: ,-152.237, New scanned ratio: ,0.00752709, New Scanned Cells Contribution: ,0,Area ratio: ,0.967669, Area ratio Contribution: ,0,Perim diff: ,1.03433, Perim diff Contribution: ,0,Frontier diff: ,0, Frontier diff Contribution ,0,Inverse Area ratio: ,0.924234, Inv Area Ratio Contribution: ,0,Inverse Perim ratio: ,1.05825, Inv Perim Contribution: ,0, Final Score: ,-153.237
Point: ,259,259,Repeat score:,1, Repeat contribution: ,-1,Dist:,31.6741, Dist contribution: ,-158.371, New scanned ratio: ,0.00813704, New Scanned Cells Contribution: ,0,Area ratio: ,0.966434, Area ratio Contribution: ,0,Perim diff: ,1.03532, Perim diff Contribution: ,0,Frontier diff: ,0, Frontier diff Contribution ,0,Inverse Area ratio: ,0.920882, Inv Area Ratio Contribution: ,0,Inverse Perim ratio: ,1.06105, Inv Perim Contribution: ,0, Final Score: ,-159.371
Point: ,258,258,Repeat score:,1, Repeat contribution: ,-1,Dist:,32.4197, Dist contribution: ,-162.099, New scanned ratio: ,0.00777367, New Scanned Cells Contribution: ,0,Area ratio: ,0.967653, Area ratio Contribution: ,0,Perim diff: ,1.03549, Perim diff Contribution: ,0,Frontier diff: ,0, Frontier diff Contribution ,0,Inverse Area ratio: ,0.923115, Inv Area Ratio Contribution: ,0,Inverse Perim ratio: ,1.06096, Inv Perim Contribution: ,0, Final Score: ,-163.099
Point: ,253,258,Repeat score:,1, Repeat contribution: ,-1,Dist:,37.3636, Dist contribution: ,-186.818, New scanned ratio: ,0.00826682, New Scanned Cells Contribution: ,0,Area ratio: ,0.967505, Area ratio Contribution: ,0,Perim diff: ,1.04007, Perim diff Contribution: ,0,Frontier diff: ,0, Frontier diff Contribution ,0,Inverse Area ratio: ,0.917105, Inv Area Ratio Contribution: ,0,Inverse Perim ratio: ,1.06809, Inv Perim Contribution: ,0, Final Score: ,-187.818
Point: ,252,257,Repeat score:,1, Repeat contribution: ,-1,Dist:,38.1996, Dist contribution: ,-190.998, New scanned ratio: ,0.0078126, New Scanned Cells Contribution: ,0,Area ratio: ,0.968632, Area ratio Contribution: ,0,Perim diff: ,1.04143, Perim diff Contribution: ,0,Frontier diff: ,0, Frontier diff Contribution ,0,Inverse Area ratio: ,0.914444, Inv Area Ratio Contribution: ,0,Inverse Perim ratio: ,1.06929, Inv Perim Contribution: ,0, Final Score: ,-191.998
BEST Point:,270,256, Score: ,-101.841
COUNT COMMAND: 1
Total frontiers: ,100, Prioritised frontiers: ,22
At: ,270,255,
Point: ,299,272,Repeat score:,1, Repeat contribution: ,-1,Dist:,36.4611, Dist contribution: ,-182.305, New scanned ratio: ,0.00390156, New Scanned Cells Contribution: ,0,Area ratio: ,0.948718, Area ratio Contribution: ,0,Perim diff: ,1.04043, Perim diff Contribution: ,0,Frontier diff: ,0, Frontier diff Contribution ,0,Inverse Area ratio: ,0.93293, Inv Area Ratio Contribution: ,0,Inverse Perim ratio: ,1.0552, Inv Perim Contribution: ,0, Final Score: ,-183.305
Point: ,296,274,Repeat score:,1, Repeat contribution: ,-1,Dist:,35.8621, Dist contribution: ,-179.31, New scanned ratio: ,0.00520638, New Scanned Cells Contribution: ,0,Area ratio: ,0.945871, Area ratio Contribution: ,0,Perim diff: ,1.03981, Perim diff Contribution: ,0,Frontier diff: ,0, Frontier diff Contribution ,0,Inverse Area ratio: ,0.933428, Inv Area Ratio Contribution: ,0,Inverse Perim ratio: ,1.05492, Inv Perim Contribution: ,0, Final Score: ,-180.31
Point: ,291,274,Repeat score:,1, Repeat contribution: ,-1,Dist:,32.4205, Dist contribution: ,-162.103, New scanned ratio: ,0.00640785, New Scanned Cells Contribution: ,0,Area ratio: ,0.945887, Area ratio Contribution: ,0,Perim diff: ,1.03986, Perim diff Contribution: ,0,Frontier diff: ,0, Frontier diff Contribution ,0,Inverse Area ratio: ,0.927151, Inv Area Ratio Contribution: ,0,Inverse Perim ratio: ,1.05623, Inv Perim Contribution: ,0, Final Score: ,-163.103
Point: ,290,275,Repeat score:,1, Repeat contribution: ,-1,Dist:,32.8024, Dist contribution: ,-164.012, New scanned ratio: ,0.00700213, New Scanned Cells Contribution: ,0,Area ratio: ,0.944509, Area ratio Contribution: ,0,Perim diff: ,1.03934, Perim diff Contribution: ,0,Frontier diff: ,0, Frontier diff Contribution ,0,Inverse Area ratio: ,0.92356, Inv Area Ratio Contribution: ,0,Inverse Perim ratio: ,1.05616, Inv Perim Contribution: ,0, Final Score: ,-165.012
Point: ,289,274,Repeat score:,1, Repeat contribution: ,-1,Dist:,31.1623, Dist contribution: ,-155.812, New scanned ratio: ,0.00683418, New Scanned Cells Contribution: ,0,Area ratio: ,0.945887, Area ratio Contribution: ,0,Perim diff: ,1.03914, Perim diff Contribution: ,0,Frontier diff: ,0, Frontier diff Contribution ,0,Inverse Area ratio: ,0.922683, Inv Area Ratio Contribution: ,0,Inverse Perim ratio: ,1.05618, Inv Perim Contribution: ,0, Final Score: ,-156.812
Point: ,284,274,Repeat score:,1, Repeat contribution: ,-1,Dist:,28.3917, Dist contribution: ,-141.959, New scanned ratio: ,0.00779019, New Scanned Cells Contribution: ,0,Area ratio: ,0.94589, Area ratio Contribution: ,0,Perim diff: ,1.03926, Perim diff Contribution: ,0,Frontier diff: ,0, Frontier diff Contribution ,0,Inverse Area ratio: ,0.909635, Inv Area Ratio Contribution: ,0,Inverse Perim ratio: ,1.06162, Inv Perim Contribution: ,0, Final Score: ,-142.959
Point: ,281,272,Repeat score:,1, Repeat contribution: ,-1,Dist:,24.6862, Dist contribution: ,-123.431, New scanned ratio: ,0.00722176, New Scanned Cells Contribution: ,0,Area ratio: ,0.948594, Area ratio Contribution: ,0,Perim diff: ,1.03898, Perim diff Contribution: ,0,Frontier diff: ,0, Frontier diff Contribution ,0,Inverse Area ratio: ,0.900764, Inv Area Ratio Contribution: ,0,Inverse Perim ratio: ,1.07006, Inv Perim Contribution: ,0, Final Score: ,-124.431
Point: ,276,275,Repeat score:,1, Repeat contribution: ,-1,Dist:,26.6833, Dist contribution: ,-133.417, New scanned ratio: ,0.00888831, New Scanned Cells Contribution: ,0,Area ratio: ,0.944593, Area ratio Contribution: ,0,Perim diff: ,1.0456, Perim diff Contribution: ,0,Frontier diff: ,0, Frontier diff Contribution ,0,Inverse Area ratio: ,0.874929, Inv Area Ratio Contribution: ,0,Inverse Perim ratio: ,1.09784, Inv Perim Contribution: ,0, Final Score: ,-134.417
Point: ,271,275,Repeat score:,1, Repeat contribution: ,-1,Dist:,26.0192, Dist contribution: ,-130.096, New scanned ratio: ,0.00923713, New Scanned Cells Contribution: ,0,Area ratio: ,0.944614, Area ratio Contribution: ,0,Perim diff: ,1.0518, Perim diff Contribution: ,0,Frontier diff: ,0, Frontier diff Contribution ,0,Inverse Area ratio: ,0.872805, Inv Area Ratio Contribution: ,0,Inverse Perim ratio: ,1.10449, Inv Perim Contribution: ,0, Final Score: ,-131.096
Point: ,270,276,Repeat score:,1, Repeat contribution: ,-1,Dist:,27.3, Dist contribution: ,-136.5, New scanned ratio: ,0.00983141, New Scanned Cells Contribution: ,0,Area ratio: ,0.943341, Area ratio Contribution: ,0,Perim diff: ,1.0532, Perim diff Contribution: ,0,Frontier diff: ,0, Frontier diff Contribution ,0,Inverse Area ratio: ,0.86924, Inv Area Ratio Contribution: ,0,Inverse Perim ratio: ,1.10774, Inv Perim Contribution: ,0, Final Score: ,-137.5
Point: ,269,275,Repeat score:,1, Repeat contribution: ,-1,Dist:,26.0192, Dist contribution: ,-130.096, New scanned ratio: ,0.00946967, New Scanned Cells Contribution: ,0,Area ratio: ,0.944731, Area ratio Contribution: ,0,Perim diff: ,1.05247, Perim diff Contribution: ,0,Frontier diff: ,0, Frontier diff Contribution ,0,Inverse Area ratio: ,0.871364, Inv Area Ratio Contribution: ,0,Inverse Perim ratio: ,1.10869, Inv Perim Contribution: ,0, Final Score: ,-131.096
Point: ,264,275,Repeat score:,1, Repeat contribution: ,-1,Dist:,26.6833, Dist contribution: ,-133.417, New scanned ratio: ,0.010219, New Scanned Cells Contribution: ,0,Area ratio: ,0.945044, Area ratio Contribution: ,0,Perim diff: ,1.06111, Perim diff Contribution: ,0,Frontier diff: ,0, Frontier diff Contribution ,0,Inverse Area ratio: ,0.866662, Inv Area Ratio Contribution: ,0,Inverse Perim ratio: ,1.11686, Inv Perim Contribution: ,0, Final Score: ,-134.417
Point: ,258,272,Repeat score:,1, Repeat contribution: ,-1,Dist:,25.1478, Dist contribution: ,-125.739, New scanned ratio: ,0.0100769, New Scanned Cells Contribution: ,0,Area ratio: ,0.949668, Area ratio Contribution: ,0,Perim diff: ,1.05433, Perim diff Contribution: ,0,Frontier diff: ,0, Frontier diff Contribution ,0,Inverse Area ratio: ,0.879028, Inv Area Ratio Contribution: ,0,Inverse Perim ratio: ,1.1012, Inv Perim Contribution: ,0, Final Score: ,-126.739
Point: ,253,267,Repeat score:,1, Repeat contribution: ,-1,Dist:,23.0729, Dist contribution: ,-115.365, New scanned ratio: ,0.00875912, New Scanned Cells Contribution: ,0,Area ratio: ,0.956604, Area ratio Contribution: ,0,Perim diff: ,1.04449, Perim diff Contribution: ,0,Frontier diff: ,0, Frontier diff Contribution ,0,Inverse Area ratio: ,0.889757, Inv Area Ratio Contribution: ,0,Inverse Perim ratio: ,1.07977, Inv Perim Contribution: ,0, Final Score: ,-116.365
Point: ,250,261,Repeat score:,1, Repeat contribution: ,-1,Dist:,21.4672, Dist contribution: ,-107.336, New scanned ratio: ,0.00662748, New Scanned Cells Contribution: ,0,Area ratio: ,0.964772, Area ratio Contribution: ,0,Perim diff: ,1.03846, Perim diff Contribution: ,0,Frontier diff: ,0, Frontier diff Contribution ,0,Inverse Area ratio: ,0.904839, Inv Area Ratio Contribution: ,0,Inverse Perim ratio: ,1.06628, Inv Perim Contribution: ,0, Final Score: ,-108.336
Point: ,250,257,Repeat score:,1, Repeat contribution: ,-1,Dist:,20.1683, Dist contribution: ,-100.841, New scanned ratio: ,0.00490924, New Scanned Cells Contribution: ,0,Area ratio: ,0.969965, Area ratio Contribution: ,0,Perim diff: ,1.03438, Perim diff Contribution: ,0,Frontier diff: ,0, Frontier diff Contribution ,0,Inverse Area ratio: ,0.915374, Inv Area Ratio Contribution: ,0,Inverse Perim ratio: ,1.05807, Inv Perim Contribution: ,0, Final Score: ,-101.841
Point: ,246,259,Repeat score:,1, Repeat contribution: ,-1,Dist:,24.5569, Dist contribution: ,-122.784, New scanned ratio: ,0.00651121, New Scanned Cells Contribution: ,0,Area ratio: ,0.967604, Area ratio Contribution: ,0,Perim diff: ,1.03464, Perim diff Contribution: ,0,Frontier diff: ,0, Frontier diff Contribution ,0,Inverse Area ratio: ,0.90779, Inv Area Ratio Contribution: ,0,Inverse Perim ratio: ,1.05913, Inv Perim Contribution: ,0, Final Score: ,-123.784
Point: ,241,259,Repeat score:,1, Repeat contribution: ,-1,Dist:,29.4625, Dist contribution: ,-147.313, New scanned ratio: ,0.00731219, New Scanned Cells Contribution: ,0,Area ratio: ,0.967751, Area ratio Contribution: ,0,Perim diff: ,1.03395, Perim diff Contribution: ,0,Frontier diff: ,0, Frontier diff Contribution ,0,Inverse Area ratio: ,0.903032, Inv Area Ratio Contribution: ,0,Inverse Perim ratio: ,1.05798, Inv Perim Contribution: ,0, Final Score: ,-148.313
Point: ,240,260,Repeat score:,1, Repeat contribution: ,-1,Dist:,30.6961, Dist contribution: ,-153.48, New scanned ratio: ,0.00791939, New Scanned Cells Contribution: ,0,Area ratio: ,0.966502, Area ratio Contribution: ,0,Perim diff: ,1.03594, Perim diff Contribution: ,0,Frontier diff: ,0, Frontier diff Contribution ,0,Inverse Area ratio: ,0.899319, Inv Area Ratio Contribution: ,0,Inverse Perim ratio: ,1.06191, Inv Perim Contribution: ,0, Final Score: ,-154.48
Point: ,239,259,Repeat score:,1, Repeat contribution: ,-1,Dist:,31.4331, Dist contribution: ,-157.166, New scanned ratio: ,0.00757057, New Scanned Cells Contribution: ,0,Area ratio: ,0.967759, Area ratio Contribution: ,0,Perim diff: ,1.0362, Perim diff Contribution: ,0,Frontier diff: ,0, Frontier diff Contribution ,0,Inverse Area ratio: ,0.901292, Inv Area Ratio Contribution: ,0,Inverse Perim ratio: ,1.062, Inv Perim Contribution: ,0, Final Score: ,-158.166
Point: ,234,259,Repeat score:,1, Repeat contribution: ,-1,Dist:,36.3736, Dist contribution: ,-181.868, New scanned ratio: ,0.00811317, New Scanned Cells Contribution: ,0,Area ratio: ,0.96763, Area ratio Contribution: ,0,Perim diff: ,1.04048, Perim diff Contribution: ,0,Frontier diff: ,0, Frontier diff Contribution ,0,Inverse Area ratio: ,0.898043, Inv Area Ratio Contribution: ,0,Inverse Perim ratio: ,1.06928, Inv Perim Contribution: ,0, Final Score: ,-182.868
Point: ,233,258,Repeat score:,1, Repeat contribution: ,-1,Dist:,37.205, Dist contribution: ,-186.025, New scanned ratio: ,0.00768684, New Scanned Cells Contribution: ,0,Area ratio: ,0.968778, Area ratio Contribution: ,0,Perim diff: ,1.04058, Perim diff Contribution: ,0,Frontier diff: ,0, Frontier diff Contribution ,0,Inverse Area ratio: ,0.90048, Inv Area Ratio Contribution: ,0,Inverse Perim ratio: ,1.06886, Inv Perim Contribution: ,0, Final Score: ,-187.025
BEST Point:,250,257, Score: ,-101.841
COUNT COMMAND: 1
Total frontiers: ,99, Prioritised frontiers: ,22
At: ,250,256,
Point: ,284,274,Repeat score:,1, Repeat contribution: ,-1,Dist:,41.2742, Dist contribution: ,-206.371, New scanned ratio: ,0.00775523, New Scanned Cells Contribution: ,0,Area ratio: ,0.950152, Area ratio Contribution: ,0,Perim diff: ,1.0397, Perim diff Contribution: ,0,Frontier diff: ,0, Frontier diff Contribution ,0,Inverse Area ratio: ,0.909996, Inv Area Ratio Contribution: ,0,Inverse Perim ratio: ,1.06648, Inv Perim Contribution: ,0, Final Score: ,-207.371
Point: ,281,272,Repeat score:,1, Repeat contribution: ,-1,Dist:,37.3315, Dist contribution: ,-186.657, New scanned ratio: ,0.00718934, New Scanned Cells Contribution: ,0,Area ratio: ,0.952864, Area ratio Contribution: ,0,Perim diff: ,1.03951, Perim diff Contribution: ,0,Frontier diff: ,0, Frontier diff Contribution ,0,Inverse Area ratio: ,0.895742, Inv Area Ratio Contribution: ,0,Inverse Perim ratio: ,1.07336, Inv Perim Contribution: ,0, Final Score: ,-187.657
Point: ,276,275,Repeat score:,1, Repeat contribution: ,-1,Dist:,35.8621, Dist contribution: ,-179.31, New scanned ratio: ,0.00870695, New Scanned Cells Contribution: ,0,Area ratio: ,0.948754, Area ratio Contribution: ,0,Perim diff: ,1.04016, Perim diff Contribution: ,0,Frontier diff: ,0, Frontier diff Contribution ,0,Inverse Area ratio: ,0.864398, Inv Area Ratio Contribution: ,0,Inverse Perim ratio: ,1.08967, Inv Perim Contribution: ,0, Final Score: ,-180.31
Point: ,271,275,Repeat score:,1, Repeat contribution: ,-1,Dist:,32.4205, Dist contribution: ,-162.103, New scanned ratio: ,0.00857834, New Scanned Cells Contribution: ,0,Area ratio: ,0.948372, Area ratio Contribution: ,0,Perim diff: ,1.0424, Perim diff Contribution: ,0,Frontier diff: ,0, Frontier diff Contribution ,0,Inverse Area ratio: ,0.865169, Inv Area Ratio Contribution: ,0,Inverse Perim ratio: ,1.08967, Inv Perim Contribution: ,0, Final Score: ,-163.103
Point: ,270,276,Repeat score:,1, Repeat contribution: ,-1,Dist:,32.8024, Dist contribution: ,-164.012, New scanned ratio: ,0.00906706, New Scanned Cells Contribution: ,0,Area ratio: ,0.947006, Area ratio Contribution: ,0,Perim diff: ,1.04187, Perim diff Contribution: ,0,Frontier diff: ,0, Frontier diff Contribution ,0,Inverse Area ratio: ,0.862237, Inv Area Ratio Contribution: ,0,Inverse Perim ratio: ,1.08967, Inv Perim Contribution: ,0, Final Score: ,-165.012
Point: ,269,275,Repeat score:,1, Repeat contribution: ,-1,Dist:,31.1623, Dist contribution: ,-155.812, New scanned ratio: ,0.00852689, New Scanned Cells Contribution: ,0,Area ratio: ,0.948232, Area ratio Contribution: ,0,Perim diff: ,1.04056, Perim diff Contribution: ,0,Frontier diff: ,0, Frontier diff Contribution ,0,Inverse Area ratio: ,0.865478, Inv Area Ratio Contribution: ,0,Inverse Perim ratio: ,1.08967, Inv Perim Contribution: ,0, Final Score: ,-156.812
Point: ,264,275,Repeat score:,1, Repeat contribution: ,-1,Dist:,28.3917, Dist contribution: ,-141.959, New scanned ratio: ,0.00839828, New Scanned Cells Contribution: ,0,Area ratio: ,0.94771, Area ratio Contribution: ,0,Perim diff: ,1.0444, Perim diff Contribution: ,0,Frontier diff: ,0, Frontier diff Contribution ,0,Inverse Area ratio: ,0.86625, Inv Area Ratio Contribution: ,0,Inverse Perim ratio: ,1.08967, Inv Perim Contribution: ,0, Final Score: ,-142.959
Point: ,261,273,Repeat score:,1, Repeat contribution: ,-1,Dist:,24.6862, Dist contribution: ,-123.431, New scanned ratio: ,0.00729223, New Scanned Cells Contribution: ,0,Area ratio: ,0.949966, Area ratio Contribution: ,0,Perim diff: ,1.04379, Perim diff Contribution: ,0,Frontier diff: ,0, Frontier diff Contribution ,0,Inverse Area ratio: ,0.873003, Inv Area Ratio Contribution: ,0,Inverse Perim ratio: ,1.08976, Inv Perim Contribution: ,0, Final Score: ,-124.431
Point: ,256,276,Repeat score:,1, Repeat contribution: ,-1,Dist:,26.6833, Dist contribution: ,-133.417, New scanned ratio: ,0.00884842, New Scanned Cells Contribution: ,0,Area ratio: ,0.945583, Area ratio Contribution: ,0,Perim diff: ,1.05102, Perim diff Contribution: ,0,Frontier diff: ,0, Frontier diff Contribution ,0,Inverse Area ratio: ,0.863433, Inv Area Ratio Contribution: ,0,Inverse Perim ratio: ,1.09965, Inv Perim Contribution: ,0, Final Score: ,-134.417
Point: ,251,276,Repeat score:,1, Repeat contribution: ,-1,Dist:,26.0192, Dist contribution: ,-130.096, New scanned ratio: ,0.00919567, New Scanned Cells Contribution: ,0,Area ratio: ,0.945364, Area ratio Contribution: ,0,Perim diff: ,1.05557, Perim diff Contribution: ,0,Frontier diff: ,0, Frontier diff Contribution ,0,Inverse Area ratio: ,0.861272, Inv Area Ratio Contribution: ,0,Inverse Perim ratio: ,1.10631, Inv Perim Contribution: ,0, Final Score: ,-131.096
Point: ,250,277,Repeat score:,1, Repeat contribution: ,-1,Dist:,27.3, Dist contribution: ,-136.5, New scanned ratio: ,0.00978728, New Scanned Cells Contribution: ,0,Area ratio: ,0.94402, Area ratio Contribution: ,0,Perim diff: ,1.05699, Perim diff Contribution: ,0,Frontier diff: ,0, Frontier diff Contribution ,0,Inverse Area ratio: ,0.857645, Inv Area Ratio Contribution: ,0,Inverse Perim ratio: ,1.10956, Inv Perim Contribution: ,0, Final Score: ,-137.5
Point: ,249,276,Repeat score:,1, Repeat contribution: ,-1,Dist:,26.0192, Dist contribution: ,-130.096, New scanned ratio: ,0.00942717, New Scanned Cells Contribution: ,0,Area ratio: ,0.945388, Area ratio Contribution: ,0,Perim diff: ,1.05578, Perim diff Contribution: ,0,Frontier diff: ,0, Frontier diff Contribution ,0,Inverse Area ratio: ,0.859806, Inv Area Ratio Contribution: ,0,Inverse Perim ratio: ,1.11051, Inv Perim Contribution: ,0, Final Score: ,-131.096
Point: ,244,276,Repeat score:,1, Repeat contribution: ,-1,Dist:,26.6833, Dist contribution: ,-133.417, New scanned ratio: ,0.0101731, New Scanned Cells Contribution: ,0,Area ratio: ,0.945505, Area ratio Contribution: ,0,Perim diff: ,1.0636, Perim diff Contribution: ,0,Frontier diff: ,0, Frontier diff Contribution ,0,Inverse Area ratio: ,0.85502, Inv Area Ratio Contribution: ,0,Inverse Perim ratio: ,1.11869, Inv Perim Contribution: ,0, Final Score: ,-134.417
Point: ,238,273,Repeat score:,1, Repeat contribution: ,-1,Dist:,25.1478, Dist contribution: ,-125.739, New scanned ratio: ,0.0100059, New Scanned Cells Contribution: ,0,Area ratio: ,0.949999, Area ratio Contribution: ,0,Perim diff: ,1.05322, Perim diff Contribution: ,0,Frontier diff: ,0, Frontier diff Contribution ,0,Inverse Area ratio: ,0.858513, Inv Area Ratio Contribution: ,0,Inverse Perim ratio: ,1.10222, Inv Perim Contribution: ,0, Final Score: ,-126.739
Point: ,233,268,Repeat score:,1, Repeat contribution: ,-1,Dist:,23.0729, Dist contribution: ,-115.365, New scanned ratio: ,0.00869409, New Scanned Cells Contribution: ,0,Area ratio: ,0.956894, Area ratio Contribution: ,0,Perim diff: ,1.04569, Perim diff Contribution: ,0,Frontier diff: ,0, Frontier diff Contribution ,0,Inverse Area ratio: ,0.867023, Inv Area Ratio Contribution: ,0,Inverse Perim ratio: ,1.08172, Inv Perim Contribution: ,0, Final Score: ,-116.365
Point: ,230,262,Repeat score:,1, Repeat contribution: ,-1,Dist:,21.4672, Dist contribution: ,-107.336, New scanned ratio: ,0.00661059, New Scanned Cells Contribution: ,0,Area ratio: ,0.964893, Area ratio Contribution: ,0,Perim diff: ,1.03994, Perim diff Contribution: ,0,Frontier diff: ,0, Frontier diff Contribution ,0,Inverse Area ratio: ,0.879903, Inv Area Ratio Contribution: ,0,Inverse Perim ratio: ,1.06945, Inv Perim Contribution: ,0, Final Score: ,-108.336
Point: ,230,258,Repeat score:,1, Repeat contribution: ,-1,Dist:,20.1683, Dist contribution: ,-100.841, New scanned ratio: ,0.00491293, New Scanned Cells Contribution: ,0,Area ratio: ,0.970054, Area ratio Contribution: ,0,Perim diff: ,1.03656, Perim diff Contribution: ,0,Frontier diff: ,0, Frontier diff Contribution ,0,Inverse Area ratio: ,0.890384, Inv Area Ratio Contribution: ,0,Inverse Perim ratio: ,1.06246, Inv Perim Contribution: ,0, Final Score: ,-101.841
Point: ,227,260,Repeat score:,1, Repeat contribution: ,-1,Dist:,23.5805, Dist contribution: ,-117.903, New scanned ratio: ,0.00645626, New Scanned Cells Contribution: ,0,Area ratio: ,0.967767, Area ratio Contribution: ,0,Perim diff: ,1.03987, Perim diff Contribution: ,0,Frontier diff: ,0, Frontier diff Contribution ,0,Inverse Area ratio: ,0.880831, Inv Area Ratio Contribution: ,0,Inverse Perim ratio: ,1.06822, Inv Perim Contribution: ,0, Final Score: ,-118.903
Point: ,222,260,Repeat score:,1, Repeat contribution: ,-1,Dist:,28.4788, Dist contribution: ,-142.394, New scanned ratio: ,0.00767806, New Scanned Cells Contribution: ,0,Area ratio: ,0.968329, Area ratio Contribution: ,0,Perim diff: ,1.04027, Perim diff Contribution: ,0,Frontier diff: ,0, Frontier diff Contribution ,0,Inverse Area ratio: ,0.879768, Inv Area Ratio Contribution: ,0,Inverse Perim ratio: ,1.06913, Inv Perim Contribution: ,0, Final Score: ,-143.394
Point: ,221,261,Repeat score:,1, Repeat contribution: ,-1,Dist:,29.7195, Dist contribution: ,-148.598, New scanned ratio: ,0.00837256, New Scanned Cells Contribution: ,0,Area ratio: ,0.967171, Area ratio Contribution: ,0,Perim diff: ,1.04132, Perim diff Contribution: ,0,Frontier diff: ,0, Frontier diff Contribution ,0,Inverse Area ratio: ,0.876067, Inv Area Ratio Contribution: ,0,Inverse Perim ratio: ,1.07122, Inv Perim Contribution: ,0, Final Score: ,-149.598
Point: ,220,260,Repeat score:,1, Repeat contribution: ,-1,Dist:,30.4473, Dist contribution: ,-152.237, New scanned ratio: ,0.0081282, New Scanned Cells Contribution: ,0,Area ratio: ,0.968499, Area ratio Contribution: ,0,Perim diff: ,1.04079, Perim diff Contribution: ,0,Frontier diff: ,0, Frontier diff Contribution ,0,Inverse Area ratio: ,0.877939, Inv Area Ratio Contribution: ,0,Inverse Perim ratio: ,1.06999, Inv Perim Contribution: ,0, Final Score: ,-153.237
Point: ,215,260,Repeat score:,1, Repeat contribution: ,-1,Dist:,35.3842, Dist contribution: ,-176.921, New scanned ratio: ,0.00907992, New Scanned Cells Contribution: ,0,Area ratio: ,0.9688, Area ratio Contribution: ,0,Perim diff: ,1.04318, Perim diff Contribution: ,0,Frontier diff: ,0, Frontier diff Contribution ,0,Inverse Area ratio: ,0.872012, Inv Area Ratio Contribution: ,0,Inverse Perim ratio: ,1.07417, Inv Perim Contribution: ,0, Final Score: ,-177.921
BEST Point:,230,258, Score: ,-101.841
COUNT COMMAND: 1
Signal name: ,0IP8MG, Signal value: ,18.3978
Total frontiers: ,99, Prioritised frontiers: ,23
At: ,230,257,
Point: ,264,275,Repeat score:,1, Repeat contribution: ,-1,Dist:,41.2742, Dist contribution: ,-206.371, New scanned ratio: ,0.00836054, New Scanned Cells Contribution: ,0,Area ratio: ,0.951982, Area ratio Contribution: ,0,Perim diff: ,1.04566, Perim diff Contribution: ,0,Frontier diff: ,0, Frontier diff Contribution ,0,Inverse Area ratio: ,0.841185, Inv Area Ratio Contribution: ,0,Inverse Perim ratio: ,1.09197, Inv Perim Contribution: ,0, Final Score: ,-207.371
Point: ,261,273,Repeat score:,1, Repeat contribution: ,-1,Dist:,37.3315, Dist contribution: ,-186.657, New scanned ratio: ,0.00725946, New Scanned Cells Contribution: ,0,Area ratio: ,0.954236, Area ratio Contribution: ,0,Perim diff: ,1.04519, Perim diff Contribution: ,0,Frontier diff: ,0, Frontier diff Contribution ,0,Inverse Area ratio: ,0.847838, Inv Area Ratio Contribution: ,0,Inverse Perim ratio: ,1.09197, Inv Perim Contribution: ,0, Final Score: ,-187.657
Point: ,256,276,Repeat score:,1, Repeat contribution: ,-1,Dist:,35.8621, Dist contribution: ,-179.31, New scanned ratio: ,0.00866782, New Scanned Cells Contribution: ,0,Area ratio: ,0.949742, Area ratio Contribution: ,0,Perim diff: ,1.04643, Perim diff Contribution: ,0,Frontier diff: ,0, Frontier diff Contribution ,0,Inverse Area ratio: ,0.839329, Inv Area Ratio Contribution: ,0,Inverse Perim ratio: ,1.09197, Inv Perim Contribution: ,0, Final Score: ,-180.31
Point: ,251,276,Repeat score:,1, Repeat contribution: ,-1,Dist:,32.4205, Dist contribution: ,-162.103, New scanned ratio: ,0.00853979, New Scanned Cells Contribution: ,0,Area ratio: ,0.94912, Area ratio Contribution: ,0,Perim diff: ,1.04701, Perim diff Contribution: ,0,Frontier diff: ,0, Frontier diff Contribution ,0,Inverse Area ratio: ,0.840102, Inv Area Ratio Contribution: ,0,Inverse Perim ratio: ,1.09197, Inv Perim Contribution: ,0, Final Score: ,-163.103
Point: ,250,277,Repeat score:,1, Repeat contribution: ,-1,Dist:,32.8024, Dist contribution: ,-164.012, New scanned ratio: ,0.00902631, New Scanned Cells Contribution: ,0,Area ratio: ,0.947683, Area ratio Contribution: ,0,Perim diff: ,1.0465, Perim diff Contribution: ,0,Frontier diff: ,0, Frontier diff Contribution ,0,Inverse Area ratio: ,0.837163, Inv Area Ratio Contribution: ,0,Inverse Perim ratio: ,1.09197, Inv Perim Contribution: ,0, Final Score: ,-165.012
Point: ,249,276,Repeat score:,1, Repeat contribution: ,-1,Dist:,31.1623, Dist contribution: ,-155.812, New scanned ratio: ,0.00848857, New Scanned Cells Contribution: ,0,Area ratio: ,0.948888, Area ratio Contribution: ,0,Perim diff: ,1.04472, Perim diff Contribution: ,0,Frontier diff: ,0, Frontier diff Contribution ,0,Inverse Area ratio: ,0.840412, Inv Area Ratio Contribution: ,0,Inverse Perim ratio: ,1.09197, Inv Perim Contribution: ,0, Final Score: ,-156.812
Point: ,244,276,Repeat score:,1, Repeat contribution: ,-1,Dist:,28.3917, Dist contribution: ,-141.959, New scanned ratio: ,0.00836054, New Scanned Cells Contribution: ,0,Area ratio: ,0.948172, Area ratio Contribution: ,0,Perim diff: ,1.04773, Perim diff Contribution: ,0,Frontier diff: ,0, Frontier diff Contribution ,0,Inverse Area ratio: ,0.841185, Inv Area Ratio Contribution: ,0,Inverse Perim ratio: ,1.09197, Inv Perim Contribution: ,0, Final Score: ,-142.959
Point: ,241,274,Repeat score:,1, Repeat contribution: ,-1,Dist:,24.6862, Dist contribution: ,-123.431, New scanned ratio: ,0.00725946, New Scanned Cells Contribution: ,0,Area ratio: ,0.950335, Area ratio Contribution: ,0,Perim diff: ,1.04642, Perim diff Contribution: ,0,Frontier diff: ,0, Frontier diff Contribution ,0,Inverse Area ratio: ,0.847954, Inv Area Ratio Contribution: ,0,Inverse Perim ratio: ,1.09206, Inv Perim Contribution: ,0, Final Score: ,-124.431
Point: ,236,277,Repeat score:,1, Repeat contribution: ,-1,Dist:,26.6833, Dist contribution: ,-133.417, New scanned ratio: ,0.00880866, New Scanned Cells Contribution: ,0,Area ratio: ,0.94583, Area ratio Contribution: ,0,Perim diff: ,1.05363, Perim diff Contribution: ,0,Frontier diff: ,0, Frontier diff Contribution ,0,Inverse Area ratio: ,0.838362, Inv Area Ratio Contribution: ,0,Inverse Perim ratio: ,1.10195, Inv Perim Contribution: ,0, Final Score: ,-134.417
Point: ,231,277,Repeat score:,1, Repeat contribution: ,-1,Dist:,26.0192, Dist contribution: ,-130.096, New scanned ratio: ,0.00915434, New Scanned Cells Contribution: ,0,Area ratio: ,0.94552, Area ratio Contribution: ,0,Perim diff: ,1.05781, Perim diff Contribution: ,0,Frontier diff: ,0, Frontier diff Contribution ,0,Inverse Area ratio: ,0.836196, Inv Area Ratio Contribution: ,0,Inverse Perim ratio: ,1.10861, Inv Perim Contribution: ,0, Final Score: ,-131.096
Point: ,230,278,Repeat score:,1, Repeat contribution: ,-1,Dist:,27.3, Dist contribution: ,-136.5, New scanned ratio: ,0.00974329, New Scanned Cells Contribution: ,0,Area ratio: ,0.944199, Area ratio Contribution: ,0,Perim diff: ,1.05927, Perim diff Contribution: ,0,Frontier diff: ,0, Frontier diff Contribution ,0,Inverse Area ratio: ,0.83256, Inv Area Ratio Contribution: ,0,Inverse Perim ratio: ,1.11186, Inv Perim Contribution: ,0, Final Score: ,-137.5
Point: ,229,277,Repeat score:,1, Repeat contribution: ,-1,Dist:,26.0192, Dist contribution: ,-130.096, New scanned ratio: ,0.0093848, New Scanned Cells Contribution: ,0,Area ratio: ,0.94551, Area ratio Contribution: ,0,Perim diff: ,1.0579, Perim diff Contribution: ,0,Frontier diff: ,0, Frontier diff Contribution ,0,Inverse Area ratio: ,0.834726, Inv Area Ratio Contribution: ,0,Inverse Perim ratio: ,1.11281, Inv Perim Contribution: ,0, Final Score: ,-131.096
Point: ,224,277,Repeat score:,1, Repeat contribution: ,-1,Dist:,26.6833, Dist contribution: ,-133.417, New scanned ratio: ,0.0101274, New Scanned Cells Contribution: ,0,Area ratio: ,0.945574, Area ratio Contribution: ,0,Perim diff: ,1.06547, Perim diff Contribution: ,0,Frontier diff: ,0, Frontier diff Contribution ,0,Inverse Area ratio: ,0.82993, Inv Area Ratio Contribution: ,0,Inverse Perim ratio: ,1.12099, Inv Perim Contribution: ,0, Final Score: ,-134.417
Point: ,218,274,Repeat score:,1, Repeat contribution: ,-1,Dist:,25.1478, Dist contribution: ,-125.739, New scanned ratio: ,0.0101658, New Scanned Cells Contribution: ,0,Area ratio: ,0.950141, Area ratio Contribution: ,0,Perim diff: ,1.06836, Perim diff Contribution: ,0,Frontier diff: ,0, Frontier diff Contribution ,0,Inverse Area ratio: ,0.82962, Inv Area Ratio Contribution: ,0,Inverse Perim ratio: ,1.1234, Inv Perim Contribution: ,0, Final Score: ,-126.739
Point: ,213,269,Repeat score:,1, Repeat contribution: ,-1,Dist:,23.0729, Dist contribution: ,-115.365, New scanned ratio: ,0.00962806, New Scanned Cells Contribution: ,0,Area ratio: ,0.957996, Area ratio Contribution: ,0,Perim diff: ,1.0528, Perim diff Contribution: ,0,Frontier diff: ,0, Frontier diff Contribution ,0,Inverse Area ratio: ,0.840424, Inv Area Ratio Contribution: ,0,Inverse Perim ratio: ,1.09395, Inv Perim Contribution: ,0, Final Score: ,-116.365
Point: ,210,263,Repeat score:,1, Repeat contribution: ,-1,Dist:,21.4672, Dist contribution: ,-107.336, New scanned ratio: ,0.00791243, New Scanned Cells Contribution: ,0,Area ratio: ,0.966307, Area ratio Contribution: ,0,Perim diff: ,1.0443, Perim diff Contribution: ,0,Frontier diff: ,0, Frontier diff Contribution ,0,Inverse Area ratio: ,0.851538, Inv Area Ratio Contribution: ,0,Inverse Perim ratio: ,1.07707, Inv Perim Contribution: ,0, Final Score: ,-108.336
Point: ,210,258,Repeat score:,1, Repeat contribution: ,-1,Dist:,20.0422, Dist contribution: ,-100.211, New scanned ratio: ,0.0058639, New Scanned Cells Contribution: ,0,Area ratio: ,0.972826, Area ratio Contribution: ,0,Perim diff: ,1.03933, Perim diff Contribution: ,0,Frontier diff: ,0, Frontier diff Contribution ,0,Inverse Area ratio: ,0.864329, Inv Area Ratio Contribution: ,0,Inverse Perim ratio: ,1.06705, Inv Perim Contribution: ,0, Final Score: ,-101.211
Point: ,206,254,Repeat score:,1, Repeat contribution: ,-1,Dist:,24.3148, Dist contribution: ,-121.574, New scanned ratio: ,0.00537738, New Scanned Cells Contribution: ,0,Area ratio: ,0.976677, Area ratio Contribution: ,0,Perim diff: ,1.03411, Perim diff Contribution: ,0,Frontier diff: ,0, Frontier diff Contribution ,0,Inverse Area ratio: ,0.878818, Inv Area Ratio Contribution: ,0,Inverse Perim ratio: ,1.0583, Inv Perim Contribution: ,0, Final Score: ,-122.574
Point: ,204,255,Repeat score:,1, Repeat contribution: ,-1,Dist:,26.1297, Dist contribution: ,-130.648, New scanned ratio: ,0.00620959, New Scanned Cells Contribution: ,0,Area ratio: ,0.976397, Area ratio Contribution: ,0,Perim diff: ,1.03467, Perim diff Contribution: ,0,Frontier diff: ,0, Frontier diff Contribution ,0,Inverse Area ratio: ,0.875233, Inv Area Ratio Contribution: ,0,Inverse Perim ratio: ,1.05927, Inv Perim Contribution: ,0, Final Score: ,-131.648
Point: ,199,255,Repeat score:,1, Repeat contribution: ,-1,Dist:,31.1088, Dist contribution: ,-155.544, New scanned ratio: ,0.00720825, New Scanned Cells Contribution: ,0,Area ratio: ,0.976639, Area ratio Contribution: ,0,Perim diff: ,1.03539, Perim diff Contribution: ,0,Frontier diff: ,0, Frontier diff Contribution ,0,Inverse Area ratio: ,0.869058, Inv Area Ratio Contribution: ,0,Inverse Perim ratio: ,1.0605, Inv Perim Contribution: ,0, Final Score: ,-156.544
Point: ,198,256,Repeat score:,1, Repeat contribution: ,-1,Dist:,32.0264, Dist contribution: ,-160.132, New scanned ratio: ,0.00783561, New Scanned Cells Contribution: ,0,Area ratio: ,0.975739, Area ratio Contribution: ,0,Perim diff: ,1.03784, Perim diff Contribution: ,0,Frontier diff: ,0, Frontier diff Contribution ,0,Inverse Area ratio: ,0.865099, Inv Area Ratio Contribution: ,0,Inverse Perim ratio: ,1.0647, Inv Perim Contribution: ,0, Final Score: ,-161.132
Point: ,197,255,Repeat score:,1, Repeat contribution: ,-1,Dist:,33.1023, Dist contribution: ,-165.511, New scanned ratio: ,0.00755393, New Scanned Cells Contribution: ,0,Area ratio: ,0.976684, Area ratio Contribution: ,0,Perim diff: ,1.03722, Perim diff Contribution: ,0,Frontier diff: ,0, Frontier diff Contribution ,0,Inverse Area ratio: ,0.86688, Inv Area Ratio Contribution: ,0,Inverse Perim ratio: ,1.06383, Inv Perim Contribution: ,0, Final Score: ,-166.511
Point: ,192,255,Repeat score:,1, Repeat contribution: ,-1,Dist:,38.0888, Dist contribution: ,-190.444, New scanned ratio: ,0.00823251, New Scanned Cells Contribution: ,0,Area ratio: ,0.976589, Area ratio Contribution: ,0,Perim diff: ,1.04331, Perim diff Contribution: ,0,Frontier diff: ,0, Frontier diff Contribution ,0,Inverse Area ratio: ,0.862487, Inv Area Ratio Contribution: ,0,Inverse Perim ratio: ,1.07423, Inv Perim Contribution: ,0, Final Score: ,-191.444
BEST Point:,210,258, Score: ,-101.211
COUNT COMMAND: 1
Total frontiers: ,103, Prioritised frontiers: ,27
At: ,210,257,
Point: ,244,276,Repeat score:,1, Repeat contribution: ,-1,Dist:,42.0249, Dist contribution: ,-210.124, New scanned ratio: ,0.00831498, New Scanned Cells Contribution: ,0,Area ratio: ,0.953356, Area ratio Contribution: ,0,Perim diff: ,1.05113, Perim diff Contribution: ,0,Frontier diff: ,0, Frontier diff Contribution ,0,Inverse Area ratio: ,0.814569, Inv Area Ratio Contribution: ,0,Inverse Perim ratio: ,1.09794, Inv Perim Contribution: ,0, Final Score: ,-211.124
Point: ,241,274,Repeat score:,1, Repeat contribution: ,-1,Dist:,38.0711, Dist contribution: ,-190.356, New scanned ratio: ,0.00721989, New Scanned Cells Contribution: ,0,Area ratio: ,0.955517, Area ratio Contribution: ,0,Perim diff: ,1.04996, Perim diff Contribution: ,0,Frontier diff: ,0, Frontier diff Contribution ,0,Inverse Area ratio: ,0.821316, Inv Area Ratio Contribution: ,0,Inverse Perim ratio: ,1.09804, Inv Perim Contribution: ,0, Final Score: ,-191.356
Point: ,236,277,Repeat score:,1, Repeat contribution: ,-1,Dist:,36.7696, Dist contribution: ,-183.848, New scanned ratio: ,0.00868425, New Scanned Cells Contribution: ,0,Area ratio: ,0.950956, Area ratio Contribution: ,0,Perim diff: ,1.05174, Perim diff Contribution: ,0,Frontier diff: ,0, Frontier diff Contribution ,0,Inverse Area ratio: ,0.812346, Inv Area Ratio Contribution: ,0,Inverse Perim ratio: ,1.09899, Inv Perim Contribution: ,0, Final Score: ,-184.848
Point: ,231,277,Repeat score:,1, Repeat contribution: ,-1,Dist:,33.4215, Dist contribution: ,-167.108, New scanned ratio: ,0.00862058, New Scanned Cells Contribution: ,0,Area ratio: ,0.950305, Area ratio Contribution: ,0,Perim diff: ,1.05102, Perim diff Contribution: ,0,Frontier diff: ,0, Frontier diff Contribution ,0,Inverse Area ratio: ,0.812775, Inv Area Ratio Contribution: ,0,Inverse Perim ratio: ,1.0975, Inv Perim Contribution: ,0, Final Score: ,-168.108
Point: ,230,278,Repeat score:,1, Repeat contribution: ,-1,Dist:,33.8421, Dist contribution: ,-169.211, New scanned ratio: ,0.00911719, New Scanned Cells Contribution: ,0,Area ratio: ,0.948895, Area ratio Contribution: ,0,Perim diff: ,1.05179, Perim diff Contribution: ,0,Frontier diff: ,0, Frontier diff Contribution ,0,Inverse Area ratio: ,0.809695, Inv Area Ratio Contribution: ,0,Inverse Perim ratio: ,1.0996, Inv Perim Contribution: ,0, Final Score: ,-170.211
Point: ,229,277,Repeat score:,1, Repeat contribution: ,-1,Dist:,32.2025, Dist contribution: ,-161.012, New scanned ratio: ,0.00859511, New Scanned Cells Contribution: ,0,Area ratio: ,0.950064, Area ratio Contribution: ,0,Perim diff: ,1.04953, Perim diff Contribution: ,0,Frontier diff: ,0, Frontier diff Contribution ,0,Inverse Area ratio: ,0.812892, Inv Area Ratio Contribution: ,0,Inverse Perim ratio: ,1.09899, Inv Perim Contribution: ,0, Final Score: ,-162.012
Point: ,224,277,Repeat score:,1, Repeat contribution: ,-1,Dist:,29.5296, Dist contribution: ,-147.648, New scanned ratio: ,0.00853145, New Scanned Cells Contribution: ,0,Area ratio: ,0.949365, Area ratio Contribution: ,0,Perim diff: ,1.05259, Perim diff Contribution: ,0,Frontier diff: ,0, Frontier diff Contribution ,0,Inverse Area ratio: ,0.813399, Inv Area Ratio Contribution: ,0,Inverse Perim ratio: ,1.09973, Inv Perim Contribution: ,0, Final Score: ,-148.648
Point: ,221,275,Repeat score:,1, Repeat contribution: ,-1,Dist:,25.8565, Dist contribution: ,-129.283, New scanned ratio: ,0.00747456, New Scanned Cells Contribution: ,0,Area ratio: ,0.951534, Area ratio Contribution: ,0,Perim diff: ,1.05082, Perim diff Contribution: ,0,Frontier diff: ,0, Frontier diff Contribution ,0,Inverse Area ratio: ,0.81999, Inv Area Ratio Contribution: ,0,Inverse Perim ratio: ,1.09905, Inv Perim Contribution: ,0, Final Score: ,-130.283
Point: ,219,275,Repeat score:,1, Repeat contribution: ,-1,Dist:,25.0711, Dist contribution: ,-125.355, New scanned ratio: ,0.00747456, New Scanned Cells Contribution: ,0,Area ratio: ,0.951274, Area ratio Contribution: ,0,Perim diff: ,1.05341, Perim diff Contribution: ,0,Frontier diff: ,0, Frontier diff Contribution ,0,Inverse Area ratio: ,0.819873, Inv Area Ratio Contribution: ,0,Inverse Perim ratio: ,1.09945, Inv Perim Contribution: ,0, Final Score: ,-126.355
Point: ,216,277,Repeat score:,1, Repeat contribution: ,-1,Dist:,26.6833, Dist contribution: ,-133.417, New scanned ratio: ,0.00856965, New Scanned Cells Contribution: ,0,Area ratio: ,0.948397, Area ratio Contribution: ,0,Perim diff: ,1.05626, Perim diff Contribution: ,0,Frontier diff: ,0, Frontier diff Contribution ,0,Inverse Area ratio: ,0.813087, Inv Area Ratio Contribution: ,0,Inverse Perim ratio: ,1.10547, Inv Perim Contribution: ,0, Final Score: ,-134.417
Point: ,211,277,Repeat score:,1, Repeat contribution: ,-1,Dist:,26.0192, Dist contribution: ,-130.096, New scanned ratio: ,0.00897712, New Scanned Cells Contribution: ,0,Area ratio: ,0.948147, Area ratio Contribution: ,0,Perim diff: ,1.05996, Perim diff Contribution: ,0,Frontier diff: ,0, Frontier diff Contribution ,0,Inverse Area ratio: ,0.810436, Inv Area Ratio Contribution: ,0,Inverse Perim ratio: ,1.11144, Inv Perim Contribution: ,0, Final Score: ,-131.096
Point: ,210,278,Repeat score:,1, Repeat contribution: ,-1,Dist:,27.3, Dist contribution: ,-136.5, New scanned ratio: ,0.00957559, New Scanned Cells Contribution: ,0,Area ratio: ,0.946829, Area ratio Contribution: ,0,Perim diff: ,1.06177, Perim diff Contribution: ,0,Frontier diff: ,0, Frontier diff Contribution ,0,Inverse Area ratio: ,0.806692, Inv Area Ratio Contribution: ,0,Inverse Perim ratio: ,1.11529, Inv Perim Contribution: ,0, Final Score: ,-137.5
Point: ,209,277,Repeat score:,1, Repeat contribution: ,-1,Dist:,26.0192, Dist contribution: ,-130.096, New scanned ratio: ,0.00923179, New Scanned Cells Contribution: ,0,Area ratio: ,0.948136, Area ratio Contribution: ,0,Perim diff: ,1.06157, Perim diff Contribution: ,0,Frontier diff: ,0, Frontier diff Contribution ,0,Inverse Area ratio: ,0.808837, Inv Area Ratio Contribution: ,0,Inverse Perim ratio: ,1.11414, Inv Perim Contribution: ,0, Final Score: ,-131.096
Point: ,204,277,Repeat score:,1, Repeat contribution: ,-1,Dist:,26.6833, Dist contribution: ,-133.417, New scanned ratio: ,0.010034, New Scanned Cells Contribution: ,0,Area ratio: ,0.948283, Area ratio Contribution: ,0,Perim diff: ,1.06744, Perim diff Contribution: ,0,Frontier diff: ,0, Frontier diff Contribution ,0,Inverse Area ratio: ,0.803572, Inv Area Ratio Contribution: ,0,Inverse Perim ratio: ,1.12382, Inv Perim Contribution: ,0, Final Score: ,-134.417
Point: ,198,274,Repeat score:,1, Repeat contribution: ,-1,Dist:,25.1478, Dist contribution: ,-125.739, New scanned ratio: ,0.0101231, New Scanned Cells Contribution: ,0,Area ratio: ,0.952887, Area ratio Contribution: ,0,Perim diff: ,1.07334, Perim diff Contribution: ,0,Frontier diff: ,0, Frontier diff Contribution ,0,Inverse Area ratio: ,0.802753, Inv Area Ratio Contribution: ,0,Inverse Perim ratio: ,1.1311, Inv Perim Contribution: ,0, Final Score: ,-126.739
Point: ,193,269,Repeat score:,1, Repeat contribution: ,-1,Dist:,23.0729, Dist contribution: ,-115.365, New scanned ratio: ,0.00969019, New Scanned Cells Contribution: ,0,Area ratio: ,0.960767, Area ratio Contribution: ,0,Perim diff: ,1.0543, Perim diff Contribution: ,0,Frontier diff: ,0, Frontier diff Contribution ,0,Inverse Area ratio: ,0.818549, Inv Area Ratio Contribution: ,0,Inverse Perim ratio: ,1.0969, Inv Perim Contribution: ,0, Final Score: ,-116.365
Point: ,190,263,Repeat score:,1, Repeat contribution: ,-1,Dist:,21.4672, Dist contribution: ,-107.336, New scanned ratio: ,0.00799664, New Scanned Cells Contribution: ,0,Area ratio: ,0.969187, Area ratio Contribution: ,0,Perim diff: ,1.04535, Perim diff Contribution: ,0,Frontier diff: ,0, Frontier diff Contribution ,0,Inverse Area ratio: ,0.829711, Inv Area Ratio Contribution: ,0,Inverse Perim ratio: ,1.07942, Inv Perim Contribution: ,0, Final Score: ,-108.336
Point: ,190,258,Repeat score:,1, Repeat contribution: ,-1,Dist:,20.0422, Dist contribution: ,-100.211, New scanned ratio: ,0.00597201, New Scanned Cells Contribution: ,0,Area ratio: ,0.975362, Area ratio Contribution: ,0,Perim diff: ,1.03982, Perim diff Contribution: ,0,Frontier diff: ,0, Frontier diff Contribution ,0,Inverse Area ratio: ,0.842616, Inv Area Ratio Contribution: ,0,Inverse Perim ratio: ,1.06849, Inv Perim Contribution: ,0, Final Score: ,-101.211
Point: ,189,257,Repeat score:,1, Repeat contribution: ,-1,Dist:,21, Dist contribution: ,-105, New scanned ratio: ,0.00587014, New Scanned Cells Contribution: ,0,Area ratio: ,0.976459, Area ratio Contribution: ,0,Perim diff: ,1.03898, Perim diff Contribution: ,0,Frontier diff: ,0, Frontier diff Contribution ,0,Inverse Area ratio: ,0.844036, Inv Area Ratio Contribution: ,0,Inverse Perim ratio: ,1.06689, Inv Perim Contribution: ,0, Final Score: ,-106
Point: ,190,256,Repeat score:,1, Repeat contribution: ,-1,Dist:,20.0422, Dist contribution: ,-100.211, New scanned ratio: ,0.00522074, New Scanned Cells Contribution: ,0,Area ratio: ,0.977217, Area ratio Contribution: ,0,Perim diff: ,1.03827, Perim diff Contribution: ,0,Frontier diff: ,0, Frontier diff Contribution ,0,Inverse Area ratio: ,0.847366, Inv Area Ratio Contribution: ,0,Inverse Perim ratio: ,1.06552, Inv Perim Contribution: ,0, Final Score: ,-101.211
Point: ,190,254,Repeat score:,1, Repeat contribution: ,-1,Dist:,20.3767, Dist contribution: ,-101.884, New scanned ratio: ,0.00452039, New Scanned Cells Contribution: ,0,Area ratio: ,0.978239, Area ratio Contribution: ,0,Perim diff: ,1.03658, Perim diff Contribution: ,0,Frontier diff: ,0, Frontier diff Contribution ,0,Inverse Area ratio: ,0.851799, Inv Area Ratio Contribution: ,0,Inverse Perim ratio: ,1.06261, Inv Perim Contribution: ,0, Final Score: ,-102.884
Point: ,189,253,Repeat score:,1, Repeat contribution: ,-1,Dist:,21.6342, Dist contribution: ,-108.171, New scanned ratio: ,0.00443126, New Scanned Cells Contribution: ,0,Area ratio: ,0.97817, Area ratio Contribution: ,0,Perim diff: ,1.03443, Perim diff Contribution: ,0,Frontier diff: ,0, Frontier diff Contribution ,0,Inverse Area ratio: ,0.858784, Inv Area Ratio Contribution: ,0,Inverse Perim ratio: ,1.05923, Inv Perim Contribution: ,0, Final Score: ,-109.171
Point: ,185,255,Repeat score:,1, Repeat contribution: ,-1,Dist:,25.1348, Dist contribution: ,-125.674, New scanned ratio: ,0.00608661, New Scanned Cells Contribution: ,0,Area ratio: ,0.978596, Area ratio Contribution: ,0,Perim diff: ,1.03478, Perim diff Contribution: ,0,Frontier diff: ,0, Frontier diff Contribution ,0,Inverse Area ratio: ,0.854961, Inv Area Ratio Contribution: ,0,Inverse Perim ratio: ,1.05993, Inv Perim Contribution: ,0, Final Score: ,-126.674
Point: ,180,255,Repeat score:,1, Repeat contribution: ,-1,Dist:,30.1125, Dist contribution: ,-150.562, New scanned ratio: ,0.00710529, New Scanned Cells Contribution: ,0,Area ratio: ,0.97888, Area ratio Contribution: ,0,Perim diff: ,1.03538, Perim diff Contribution: ,0,Frontier diff: ,0, Frontier diff Contribution ,0,Inverse Area ratio: ,0.848411, Inv Area Ratio Contribution: ,0,Inverse Perim ratio: ,1.06098, Inv Perim Contribution: ,0, Final Score: ,-151.562
Point: ,179,256,Repeat score:,1, Repeat contribution: ,-1,Dist:,31.0272, Dist contribution: ,-155.136, New scanned ratio: ,0.00772923, New Scanned Cells Contribution: ,0,Area ratio: ,0.978101, Area ratio Contribution: ,0,Perim diff: ,1.03782, Perim diff Contribution: ,0,Frontier diff: ,0, Frontier diff Contribution ,0,Inverse Area ratio: ,0.844392, Inv Area Ratio Contribution: ,0,Inverse Perim ratio: ,1.06518, Inv Perim Contribution: ,0, Final Score: ,-156.136
Point: ,178,255,Repeat score:,1, Repeat contribution: ,-1,Dist:,32.1055, Dist contribution: ,-160.527, New scanned ratio: ,0.00747456, New Scanned Cells Contribution: ,0,Area ratio: ,0.978949, Area ratio Contribution: ,0,Perim diff: ,1.03611, Perim diff Contribution: ,0,Frontier diff: ,0, Frontier diff Contribution ,0,Inverse Area ratio: ,0.84608, Inv Area Ratio Contribution: ,0,Inverse Perim ratio: ,1.06221, Inv Perim Contribution: ,0, Final Score: ,-161.527
Point: ,173,255,Repeat score:,1, Repeat contribution: ,-1,Dist:,37.0912, Dist contribution: ,-185.456, New scanned ratio: ,0.00820037, New Scanned Cells Contribution: ,0,Area ratio: ,0.978915, Area ratio Contribution: ,0,Perim diff: ,1.04337, Perim diff Contribution: ,0,Frontier diff: ,0, Frontier diff Contribution ,0,Inverse Area ratio: ,0.841257, Inv Area Ratio Contribution: ,0,Inverse Perim ratio: ,1.07471, Inv Perim Contribution: ,0, Final Score: ,-186.456
BEST Point:,190,258, Score: ,-101.211
COUNT COMMAND: 1
Total frontiers: ,103, Prioritised frontiers: ,28
At: ,190,257,
Point: ,224,277,Repeat score:,1, Repeat contribution: ,-1,Dist:,42.8019, Dist contribution: ,-214.009, New scanned ratio: ,0.00848402, New Scanned Cells Contribution: ,0,Area ratio: ,0.954658, Area ratio Contribution: ,0,Perim diff: ,1.05312, Perim diff Contribution: ,0,Frontier diff: ,0, Frontier diff Contribution ,0,Inverse Area ratio: ,0.790761, Inv Area Ratio Contribution: ,0,Inverse Perim ratio: ,1.10095, Inv Perim Contribution: ,0, Final Score: ,-215.009
Point: ,221,275,Repeat score:,1, Repeat contribution: ,-1,Dist:,38.8402, Dist contribution: ,-194.201, New scanned ratio: ,0.00743301, New Scanned Cells Contribution: ,0,Area ratio: ,0.95687, Area ratio Contribution: ,0,Perim diff: ,1.05131, Perim diff Contribution: ,0,Frontier diff: ,0, Frontier diff Contribution ,0,Inverse Area ratio: ,0.797292, Inv Area Ratio Contribution: ,0,Inverse Perim ratio: ,1.10025, Inv Perim Contribution: ,0, Final Score: ,-195.201
Point: ,219,275,Repeat score:,1, Repeat contribution: ,-1,Dist:,37.2634, Dist contribution: ,-186.317, New scanned ratio: ,0.00743301, New Scanned Cells Contribution: ,0,Area ratio: ,0.956596, Area ratio Contribution: ,0,Perim diff: ,1.05162, Perim diff Contribution: ,0,Frontier diff: ,0, Frontier diff Contribution ,0,Inverse Area ratio: ,0.797451, Inv Area Ratio Contribution: ,0,Inverse Perim ratio: ,1.09658, Inv Perim Contribution: ,0, Final Score: ,-187.317
Point: ,216,277,Repeat score:,1, Repeat contribution: ,-1,Dist:,36.7696, Dist contribution: ,-183.848, New scanned ratio: ,0.00844603, New Scanned Cells Contribution: ,0,Area ratio: ,0.953655, Area ratio Contribution: ,0,Perim diff: ,1.0515, Perim diff Contribution: ,0,Frontier diff: ,0, Frontier diff Contribution ,0,Inverse Area ratio: ,0.791197, Inv Area Ratio Contribution: ,0,Inverse Perim ratio: ,1.09788, Inv Perim Contribution: ,0, Final Score: ,-184.848
Point: ,211,277,Repeat score:,1, Repeat contribution: ,-1,Dist:,33.4215, Dist contribution: ,-167.108, New scanned ratio: ,0.00844603, New Scanned Cells Contribution: ,0,Area ratio: ,0.953064, Area ratio Contribution: ,0,Perim diff: ,1.0503, Perim diff Contribution: ,0,Frontier diff: ,0, Frontier diff Contribution ,0,Inverse Area ratio: ,0.791157, Inv Area Ratio Contribution: ,0,Inverse Perim ratio: ,1.0957, Inv Perim Contribution: ,0, Final Score: ,-168.108
Point: ,210,278,Repeat score:,1, Repeat contribution: ,-1,Dist:,33.8421, Dist contribution: ,-169.211, New scanned ratio: ,0.00895254, New Scanned Cells Contribution: ,0,Area ratio: ,0.951659, Area ratio Contribution: ,0,Perim diff: ,1.05143, Perim diff Contribution: ,0,Frontier diff: ,0, Frontier diff Contribution ,0,Inverse Area ratio: ,0.787951, Inv Area Ratio Contribution: ,0,Inverse Perim ratio: ,1.09841, Inv Perim Contribution: ,0, Final Score: ,-170.211
Point: ,209,277,Repeat score:,1, Repeat contribution: ,-1,Dist:,32.2025, Dist contribution: ,-161.012, New scanned ratio: ,0.00844603, New Scanned Cells Contribution: ,0,Area ratio: ,0.952823, Area ratio Contribution: ,0,Perim diff: ,1.05033, Perim diff Contribution: ,0,Frontier diff: ,0, Frontier diff Contribution ,0,Inverse Area ratio: ,0.791157, Inv Area Ratio Contribution: ,0,Inverse Perim ratio: ,1.0957, Inv Perim Contribution: ,0, Final Score: ,-162.012
Point: ,204,277,Repeat score:,1, Repeat contribution: ,-1,Dist:,29.5296, Dist contribution: ,-147.648, New scanned ratio: ,0.00844603, New Scanned Cells Contribution: ,0,Area ratio: ,0.952208, Area ratio Contribution: ,0,Perim diff: ,1.05168, Perim diff Contribution: ,0,Frontier diff: ,0, Frontier diff Contribution ,0,Inverse Area ratio: ,0.791236, Inv Area Ratio Contribution: ,0,Inverse Perim ratio: ,1.09794, Inv Perim Contribution: ,0, Final Score: ,-148.648
Point: ,201,275,Repeat score:,1, Repeat contribution: ,-1,Dist:,25.8565, Dist contribution: ,-129.283, New scanned ratio: ,0.00743301, New Scanned Cells Contribution: ,0,Area ratio: ,0.954388, Area ratio Contribution: ,0,Perim diff: ,1.0517, Perim diff Contribution: ,0,Frontier diff: ,0, Frontier diff Contribution ,0,Inverse Area ratio: ,0.797688, Inv Area Ratio Contribution: ,0,Inverse Perim ratio: ,1.09636, Inv Perim Contribution: ,0, Final Score: ,-130.283
Point: ,199,275,Repeat score:,1, Repeat contribution: ,-1,Dist:,25.0711, Dist contribution: ,-125.355, New scanned ratio: ,0.00743301, New Scanned Cells Contribution: ,0,Area ratio: ,0.954158, Area ratio Contribution: ,0,Perim diff: ,1.05398, Perim diff Contribution: ,0,Frontier diff: ,0, Frontier diff Contribution ,0,Inverse Area ratio: ,0.797411, Inv Area Ratio Contribution: ,0,Inverse Perim ratio: ,1.10043, Inv Perim Contribution: ,0, Final Score: ,-126.355
Point: ,196,277,Repeat score:,1, Repeat contribution: ,-1,Dist:,26.6833, Dist contribution: ,-133.417, New scanned ratio: ,0.00852201, New Scanned Cells Contribution: ,0,Area ratio: ,0.951264, Area ratio Contribution: ,0,Perim diff: ,1.05712, Perim diff Contribution: ,0,Frontier diff: ,0, Frontier diff Contribution ,0,Inverse Area ratio: ,0.790563, Inv Area Ratio Contribution: ,0,Inverse Perim ratio: ,1.10691, Inv Perim Contribution: ,0, Final Score: ,-134.417
Point: ,191,277,Repeat score:,1, Repeat contribution: ,-1,Dist:,26.0192, Dist contribution: ,-130.096, New scanned ratio: ,0.00892721, New Scanned Cells Contribution: ,0,Area ratio: ,0.951013, Area ratio Contribution: ,0,Perim diff: ,1.06074, Perim diff Contribution: ,0,Frontier diff: ,0, Frontier diff Contribution ,0,Inverse Area ratio: ,0.787911, Inv Area Ratio Contribution: ,0,Inverse Perim ratio: ,1.1129, Inv Perim Contribution: ,0, Final Score: ,-131.096
Point: ,190,278,Repeat score:,1, Repeat contribution: ,-1,Dist:,27.3, Dist contribution: ,-136.5, New scanned ratio: ,0.00952236, New Scanned Cells Contribution: ,0,Area ratio: ,0.949693, Area ratio Contribution: ,0,Perim diff: ,1.06255, Perim diff Contribution: ,0,Frontier diff: ,0, Frontier diff Contribution ,0,Inverse Area ratio: ,0.784111, Inv Area Ratio Contribution: ,0,Inverse Perim ratio: ,1.11675, Inv Perim Contribution: ,0, Final Score: ,-137.5
Point: ,189,277,Repeat score:,1, Repeat contribution: ,-1,Dist:,26.0192, Dist contribution: ,-130.096, New scanned ratio: ,0.00918047, New Scanned Cells Contribution: ,0,Area ratio: ,0.951001, Area ratio Contribution: ,0,Perim diff: ,1.0623, Perim diff Contribution: ,0,Frontier diff: ,0, Frontier diff Contribution ,0,Inverse Area ratio: ,0.786288, Inv Area Ratio Contribution: ,0,Inverse Perim ratio: ,1.1156, Inv Perim Contribution: ,0, Final Score: ,-131.096
Point: ,184,277,Repeat score:,1, Repeat contribution: ,-1,Dist:,26.6833, Dist contribution: ,-133.417, New scanned ratio: ,0.00997822, New Scanned Cells Contribution: ,0,Area ratio: ,0.951146, Area ratio Contribution: ,0,Perim diff: ,1.0681, Perim diff Contribution: ,0,Frontier diff: ,0, Frontier diff Contribution ,0,Inverse Area ratio: ,0.780944, Inv Area Ratio Contribution: ,0,Inverse Perim ratio: ,1.12529, Inv Perim Contribution: ,0, Final Score: ,-134.417
Point: ,178,274,Repeat score:,1, Repeat contribution: ,-1,Dist:,25.1478, Dist contribution: ,-125.739, New scanned ratio: ,0.0100669, New Scanned Cells Contribution: ,0,Area ratio: ,0.955752, Area ratio Contribution: ,0,Perim diff: ,1.07386, Perim diff Contribution: ,0,Frontier diff: ,0, Frontier diff Contribution ,0,Inverse Area ratio: ,0.780232, Inv Area Ratio Contribution: ,0,Inverse Perim ratio: ,1.13298, Inv Perim Contribution: ,0, Final Score: ,-126.739
Point: ,173,269,Repeat score:,1, Repeat contribution: ,-1,Dist:,23.0729, Dist contribution: ,-115.365, New scanned ratio: ,0.00962366, New Scanned Cells Contribution: ,0,Area ratio: ,0.963396, Area ratio Contribution: ,0,Perim diff: ,1.05422, Perim diff Contribution: ,0,Frontier diff: ,0, Frontier diff Contribution ,0,Inverse Area ratio: ,0.795925, Inv Area Ratio Contribution: ,0,Inverse Perim ratio: ,1.09739, Inv Perim Contribution: ,0, Final Score: ,-116.365
Point: ,170,263,Repeat score:,1, Repeat contribution: ,-1,Dist:,21.4672, Dist contribution: ,-107.336, New scanned ratio: ,0.00795219, New Scanned Cells Contribution: ,0,Area ratio: ,0.971855, Area ratio Contribution: ,0,Perim diff: ,1.04545, Perim diff Contribution: ,0,Frontier diff: ,0, Frontier diff Contribution ,0,Inverse Area ratio: ,0.807137, Inv Area Ratio Contribution: ,0,Inverse Perim ratio: ,1.08016, Inv Perim Contribution: ,0, Final Score: ,-108.336
Point: ,170,258,Repeat score:,1, Repeat contribution: ,-1,Dist:,20.0422, Dist contribution: ,-100.211, New scanned ratio: ,0.00595148, New Scanned Cells Contribution: ,0,Area ratio: ,0.97789, Area ratio Contribution: ,0,Perim diff: ,1.03987, Perim diff Contribution: ,0,Frontier diff: ,0, Frontier diff Contribution ,0,Inverse Area ratio: ,0.820939, Inv Area Ratio Contribution: ,0,Inverse Perim ratio: ,1.06918, Inv Perim Contribution: ,0, Final Score: ,-101.211
Point: ,169,257,Repeat score:,1, Repeat contribution: ,-1,Dist:,21, Dist contribution: ,-105, New scanned ratio: ,0.00585017, New Scanned Cells Contribution: ,0,Area ratio: ,0.979011, Area ratio Contribution: ,0,Perim diff: ,1.0377, Perim diff Contribution: ,0,Frontier diff: ,0, Frontier diff Contribution ,0,Inverse Area ratio: ,0.828487, Inv Area Ratio Contribution: ,0,Inverse Perim ratio: ,1.06549, Inv Perim Contribution: ,0, Final Score: ,-106
Point: ,170,256,Repeat score:,1, Repeat contribution: ,-1,Dist:,20.0422, Dist contribution: ,-100.211, New scanned ratio: ,0.00520438, New Scanned Cells Contribution: ,0,Area ratio: ,0.979624, Area ratio Contribution: ,0,Perim diff: ,1.03835, Perim diff Contribution: ,0,Frontier diff: ,0, Frontier diff Contribution ,0,Inverse Area ratio: ,0.825765, Inv Area Ratio Contribution: ,0,Inverse Perim ratio: ,1.06621, Inv Perim Contribution: ,0, Final Score: ,-101.211
Point: ,170,253,Repeat score:,1, Repeat contribution: ,-1,Dist:,20.6649, Dist contribution: ,-103.325, New scanned ratio: ,0.0041787, New Scanned Cells Contribution: ,0,Area ratio: ,0.980458, Area ratio Contribution: ,0,Perim diff: ,1.03361, Perim diff Contribution: ,0,Frontier diff: ,0, Frontier diff Contribution ,0,Inverse Area ratio: ,0.83875, Inv Area Ratio Contribution: ,0,Inverse Perim ratio: ,1.05835, Inv Perim Contribution: ,0, Final Score: ,-104.325
Point: ,166,255,Repeat score:,1, Repeat contribution: ,-1,Dist:,24.1404, Dist contribution: ,-120.702, New scanned ratio: ,0.00582485, New Scanned Cells Contribution: ,0,Area ratio: ,0.980782, Area ratio Contribution: ,0,Perim diff: ,1.03412, Perim diff Contribution: ,0,Frontier diff: ,0, Frontier diff Contribution ,0,Inverse Area ratio: ,0.834061, Inv Area Ratio Contribution: ,0,Inverse Perim ratio: ,1.0593, Inv Perim Contribution: ,0, Final Score: ,-121.702
Point: ,161,255,Repeat score:,1, Repeat contribution: ,-1,Dist:,29.1163, Dist contribution: ,-145.582, New scanned ratio: ,0.00686319, New Scanned Cells Contribution: ,0,Area ratio: ,0.981114, Area ratio Contribution: ,0,Perim diff: ,1.03444, Perim diff Contribution: ,0,Frontier diff: ,0, Frontier diff Contribution ,0,Inverse Area ratio: ,0.827082, Inv Area Ratio Contribution: ,0,Inverse Perim ratio: ,1.05989, Inv Perim Contribution: ,0, Final Score: ,-146.582
Point: ,160,256,Repeat score:,1, Repeat contribution: ,-1,Dist:,30.0282, Dist contribution: ,-150.141, New scanned ratio: ,0.00748367, New Scanned Cells Contribution: ,0,Area ratio: ,0.980449, Area ratio Contribution: ,0,Perim diff: ,1.03703, Perim diff Contribution: ,0,Frontier diff: ,0, Frontier diff Contribution ,0,Inverse Area ratio: ,0.823042, Inv Area Ratio Contribution: ,0,Inverse Perim ratio: ,1.06436, Inv Perim Contribution: ,0, Final Score: ,-151.141
Point: ,159,255,Repeat score:,1, Repeat contribution: ,-1,Dist:,31.1088, Dist contribution: ,-155.544, New scanned ratio: ,0.00724307, New Scanned Cells Contribution: ,0,Area ratio: ,0.981188, Area ratio Contribution: ,0,Perim diff: ,1.03533, Perim diff Contribution: ,0,Frontier diff: ,0, Frontier diff Contribution ,0,Inverse Area ratio: ,0.824675, Inv Area Ratio Contribution: ,0,Inverse Perim ratio: ,1.06139, Inv Perim Contribution: ,0, Final Score: ,-156.544
Point: ,154,255,Repeat score:,1, Repeat contribution: ,-1,Dist:,36.0938, Dist contribution: ,-180.469, New scanned ratio: ,0.00802816, New Scanned Cells Contribution: ,0,Area ratio: ,0.981208, Area ratio Contribution: ,0,Perim diff: ,1.04104, Perim diff Contribution: ,0,Frontier diff: ,0, Frontier diff Contribution ,0,Inverse Area ratio: ,0.819451, Inv Area Ratio Contribution: ,0,Inverse Perim ratio: ,1.07159, Inv Perim Contribution: ,0, Final Score: ,-181.469
Point: ,151,253,Repeat score:,1, Repeat contribution: ,-1,Dist:,39.3451, Dist contribution: ,-196.726, New scanned ratio: ,0.00740769, New Scanned Cells Contribution: ,0,Area ratio: ,0.982367, Area ratio Contribution: ,0,Perim diff: ,1.04481, Perim diff Contribution: ,0,Frontier diff: ,0, Frontier diff Contribution ,0,Inverse Area ratio: ,0.830869, Inv Area Ratio Contribution: ,0,Inverse Perim ratio: ,1.07739, Inv Perim Contribution: ,0, Final Score: ,-197.726
BEST Point:,170,258, Score: ,-101.211
COUNT COMMAND: 1
Total frontiers: ,104, Prioritised frontiers: ,28
At: ,170,257,
Point: ,204,277,Repeat score:,1, Repeat contribution: ,-1,Dist:,42.8019, Dist contribution: ,-214.009, New scanned ratio: ,0.00839923, New Scanned Cells Contribution: ,0,Area ratio: ,0.957494, Area ratio Contribution: ,0,Perim diff: ,1.05182, Perim diff Contribution: ,0,Frontier diff: ,0, Frontier diff Contribution ,0,Inverse Area ratio: ,0.768572, Inv Area Ratio Contribution: ,0,Inverse Perim ratio: ,1.0984, Inv Perim Contribution: ,0, Final Score: ,-215.009
Point: ,201,275,Repeat score:,1, Repeat contribution: ,-1,Dist:,38.8402, Dist contribution: ,-194.201, New scanned ratio: ,0.00739183, New Scanned Cells Contribution: ,0,Area ratio: ,0.959715, Area ratio Contribution: ,0,Perim diff: ,1.05178, Perim diff Contribution: ,0,Frontier diff: ,0, Frontier diff Contribution ,0,Inverse Area ratio: ,0.774967, Inv Area Ratio Contribution: ,0,Inverse Perim ratio: ,1.09679, Inv Perim Contribution: ,0, Final Score: ,-195.201
Point: ,199,275,Repeat score:,1, Repeat contribution: ,-1,Dist:,37.2634, Dist contribution: ,-186.317, New scanned ratio: ,0.00739183, New Scanned Cells Contribution: ,0,Area ratio: ,0.959472, Area ratio Contribution: ,0,Perim diff: ,1.05179, Perim diff Contribution: ,0,Frontier diff: ,0, Frontier diff Contribution ,0,Inverse Area ratio: ,0.774967, Inv Area Ratio Contribution: ,0,Inverse Perim ratio: ,1.09679, Inv Perim Contribution: ,0, Final Score: ,-187.317
Point: ,196,277,Repeat score:,1, Repeat contribution: ,-1,Dist:,36.7696, Dist contribution: ,-183.848, New scanned ratio: ,0.00839923, New Scanned Cells Contribution: ,0,Area ratio: ,0.956515, Area ratio Contribution: ,0,Perim diff: ,1.05196, Perim diff Contribution: ,0,Frontier diff: ,0, Frontier diff Contribution ,0,Inverse Area ratio: ,0.768652, Inv Area Ratio Contribution: ,0,Inverse Perim ratio: ,1.09856, Inv Perim Contribution: ,0, Final Score: ,-184.848
Point: ,191,277,Repeat score:,1, Repeat contribution: ,-1,Dist:,33.4215, Dist contribution: ,-167.108, New scanned ratio: ,0.00839923, New Scanned Cells Contribution: ,0,Area ratio: ,0.955923, Area ratio Contribution: ,0,Perim diff: ,1.05067, Perim diff Contribution: ,0,Frontier diff: ,0, Frontier diff Contribution ,0,Inverse Area ratio: ,0.768652, Inv Area Ratio Contribution: ,0,Inverse Perim ratio: ,1.0964, Inv Perim Contribution: ,0, Final Score: ,-168.108
Point: ,190,278,Repeat score:,1, Repeat contribution: ,-1,Dist:,33.8421, Dist contribution: ,-169.211, New scanned ratio: ,0.00890294, New Scanned Cells Contribution: ,0,Area ratio: ,0.954516, Area ratio Contribution: ,0,Perim diff: ,1.05181, Perim diff Contribution: ,0,Frontier diff: ,0, Frontier diff Contribution ,0,Inverse Area ratio: ,0.765394, Inv Area Ratio Contribution: ,0,Inverse Perim ratio: ,1.0991, Inv Perim Contribution: ,0, Final Score: ,-170.211
Point: ,189,277,Repeat score:,1, Repeat contribution: ,-1,Dist:,32.2025, Dist contribution: ,-161.012, New scanned ratio: ,0.00839923, New Scanned Cells Contribution: ,0,Area ratio: ,0.955682, Area ratio Contribution: ,0,Perim diff: ,1.05067, Perim diff Contribution: ,0,Frontier diff: ,0, Frontier diff Contribution ,0,Inverse Area ratio: ,0.768652, Inv Area Ratio Contribution: ,0,Inverse Perim ratio: ,1.0964, Inv Perim Contribution: ,0, Final Score: ,-162.012
Point: ,184,277,Repeat score:,1, Repeat contribution: ,-1,Dist:,29.5296, Dist contribution: ,-147.648, New scanned ratio: ,0.00839923, New Scanned Cells Contribution: ,0,Area ratio: ,0.955067, Area ratio Contribution: ,0,Perim diff: ,1.05194, Perim diff Contribution: ,0,Frontier diff: ,0, Frontier diff Contribution ,0,Inverse Area ratio: ,0.768733, Inv Area Ratio Contribution: ,0,Inverse Perim ratio: ,1.09863, Inv Perim Contribution: ,0, Final Score: ,-148.648
Point: ,181,275,Repeat score:,1, Repeat contribution: ,-1,Dist:,25.8565, Dist contribution: ,-129.283, New scanned ratio: ,0.00739183, New Scanned Cells Contribution: ,0,Area ratio: ,0.957251, Area ratio Contribution: ,0,Perim diff: ,1.05187, Perim diff Contribution: ,0,Frontier diff: ,0, Frontier diff Contribution ,0,Inverse Area ratio: ,0.775289, Inv Area Ratio Contribution: ,0,Inverse Perim ratio: ,1.09706, Inv Perim Contribution: ,0, Final Score: ,-130.283
Point: ,179,275,Repeat score:,1, Repeat contribution: ,-1,Dist:,25.0711, Dist contribution: ,-125.355, New scanned ratio: ,0.00739183, New Scanned Cells Contribution: ,0,Area ratio: ,0.95702, Area ratio Contribution: ,0,Perim diff: ,1.05412, Perim diff Contribution: ,0,Frontier diff: ,0, Frontier diff Contribution ,0,Inverse Area ratio: ,0.775007, Inv Area Ratio Contribution: ,0,Inverse Perim ratio: ,1.10113, Inv Perim Contribution: ,0, Final Score: ,-126.355
Point: ,176,277,Repeat score:,1, Repeat contribution: ,-1,Dist:,26.6833, Dist contribution: ,-133.417, New scanned ratio: ,0.00847479, New Scanned Cells Contribution: ,0,Area ratio: ,0.954123, Area ratio Contribution: ,0,Perim diff: ,1.05725, Perim diff Contribution: ,0,Frontier diff: ,0, Frontier diff Contribution ,0,Inverse Area ratio: ,0.768049, Inv Area Ratio Contribution: ,0,Inverse Perim ratio: ,1.10761, Inv Perim Contribution: ,0, Final Score: ,-134.417
Point: ,171,277,Repeat score:,1, Repeat contribution: ,-1,Dist:,26.0192, Dist contribution: ,-130.096, New scanned ratio: ,0.00887775, New Scanned Cells Contribution: ,0,Area ratio: ,0.95387, Area ratio Contribution: ,0,Perim diff: ,1.0608, Perim diff Contribution: ,0,Frontier diff: ,0, Frontier diff Contribution ,0,Inverse Area ratio: ,0.765354, Inv Area Ratio Contribution: ,0,Inverse Perim ratio: ,1.1136, Inv Perim Contribution: ,0, Final Score: ,-131.096
Point: ,170,278,Repeat score:,1, Repeat contribution: ,-1,Dist:,27.3, Dist contribution: ,-136.5, New scanned ratio: ,0.0094696, New Scanned Cells Contribution: ,0,Area ratio: ,0.952548, Area ratio Contribution: ,0,Perim diff: ,1.06261, Perim diff Contribution: ,0,Frontier diff: ,0, Frontier diff Contribution ,0,Inverse Area ratio: ,0.761493, Inv Area Ratio Contribution: ,0,Inverse Perim ratio: ,1.11746, Inv Perim Contribution: ,0, Final Score: ,-137.5
Point: ,169,277,Repeat score:,1, Repeat contribution: ,-1,Dist:,26.0192, Dist contribution: ,-130.096, New scanned ratio: ,0.0091296, New Scanned Cells Contribution: ,0,Area ratio: ,0.953857, Area ratio Contribution: ,0,Perim diff: ,1.06234, Perim diff Contribution: ,0,Frontier diff: ,0, Frontier diff Contribution ,0,Inverse Area ratio: ,0.763705, Inv Area Ratio Contribution: ,0,Inverse Perim ratio: ,1.11631, Inv Perim Contribution: ,0, Final Score: ,-131.096
Point: ,164,277,Repeat score:,1, Repeat contribution: ,-1,Dist:,26.6833, Dist contribution: ,-133.417, New scanned ratio: ,0.00992293, New Scanned Cells Contribution: ,0,Area ratio: ,0.954, Area ratio Contribution: ,0,Perim diff: ,1.06806, Perim diff Contribution: ,0,Frontier diff: ,0, Frontier diff Contribution ,0,Inverse Area ratio: ,0.758275, Inv Area Ratio Contribution: ,0,Inverse Perim ratio: ,1.12599, Inv Perim Contribution: ,0, Final Score: ,-134.417
Point: ,158,274,Repeat score:,1, Repeat contribution: ,-1,Dist:,25.1478, Dist contribution: ,-125.739, New scanned ratio: ,0.0100111, New Scanned Cells Contribution: ,0,Area ratio: ,0.95847, Area ratio Contribution: ,0,Perim diff: ,1.07375, Perim diff Contribution: ,0,Frontier diff: ,0, Frontier diff Contribution ,0,Inverse Area ratio: ,0.757551, Inv Area Ratio Contribution: ,0,Inverse Perim ratio: ,1.13369, Inv Perim Contribution: ,0, Final Score: ,-126.739
Point: ,153,269,Repeat score:,1, Repeat contribution: ,-1,Dist:,23.0729, Dist contribution: ,-115.365, New scanned ratio: ,0.00954516, New Scanned Cells Contribution: ,0,Area ratio: ,0.96601, Area ratio Contribution: ,0,Perim diff: ,1.05398, Perim diff Contribution: ,0,Frontier diff: ,0, Frontier diff Contribution ,0,Inverse Area ratio: ,0.772599, Inv Area Ratio Contribution: ,0,Inverse Perim ratio: ,1.09781, Inv Perim Contribution: ,0, Final Score: ,-116.365
Point: ,150,263,Repeat score:,1, Repeat contribution: ,-1,Dist:,21.4672, Dist contribution: ,-107.336, New scanned ratio: ,0.00789553, New Scanned Cells Contribution: ,0,Area ratio: ,0.974485, Area ratio Contribution: ,0,Perim diff: ,1.04562, Perim diff Contribution: ,0,Frontier diff: ,0, Frontier diff Contribution ,0,Inverse Area ratio: ,0.783782, Inv Area Ratio Contribution: ,0,Inverse Perim ratio: ,1.08125, Inv Perim Contribution: ,0, Final Score: ,-108.336
Point: ,150,258,Repeat score:,1, Repeat contribution: ,-1,Dist:,20.0422, Dist contribution: ,-100.211, New scanned ratio: ,0.0059185, New Scanned Cells Contribution: ,0,Area ratio: ,0.980331, Area ratio Contribution: ,0,Perim diff: ,1.03853, Perim diff Contribution: ,0,Frontier diff: ,0, Frontier diff Contribution ,0,Inverse Area ratio: ,0.805219, Inv Area Ratio Contribution: ,0,Inverse Perim ratio: ,1.0677, Inv Perim Contribution: ,0, Final Score: ,-101.211
Point: ,149,257,Repeat score:,1, Repeat contribution: ,-1,Dist:,21, Dist contribution: ,-105, New scanned ratio: ,0.00580517, New Scanned Cells Contribution: ,0,Area ratio: ,0.981481, Area ratio Contribution: ,0,Perim diff: ,1.03775, Perim diff Contribution: ,0,Frontier diff: ,0, Frontier diff Contribution ,0,Inverse Area ratio: ,0.806675, Inv Area Ratio Contribution: ,0,Inverse Perim ratio: ,1.06615, Inv Perim Contribution: ,0, Final Score: ,-106
Point: ,150,256,Repeat score:,1, Repeat contribution: ,-1,Dist:,20.0422, Dist contribution: ,-100.211, New scanned ratio: ,0.00517554, New Scanned Cells Contribution: ,0,Area ratio: ,0.982048, Area ratio Contribution: ,0,Perim diff: ,1.03688, Perim diff Contribution: ,0,Frontier diff: ,0, Frontier diff Contribution ,0,Inverse Area ratio: ,0.810124, Inv Area Ratio Contribution: ,0,Inverse Perim ratio: ,1.06446, Inv Perim Contribution: ,0, Final Score: ,-101.211
Point: ,150,253,Repeat score:,1, Repeat contribution: ,-1,Dist:,20.6649, Dist contribution: ,-103.325, New scanned ratio: ,0.00414295, New Scanned Cells Contribution: ,0,Area ratio: ,0.982981, Area ratio Contribution: ,0,Perim diff: ,1.03339, Perim diff Contribution: ,0,Frontier diff: ,0, Frontier diff Contribution ,0,Inverse Area ratio: ,0.81705, Inv Area Ratio Contribution: ,0,Inverse Perim ratio: ,1.05848, Inv Perim Contribution: ,0, Final Score: ,-104.325
Point: ,147,255,Repeat score:,1, Repeat contribution: ,-1,Dist:,23.1465, Dist contribution: ,-115.732, New scanned ratio: ,0.00554072, New Scanned Cells Contribution: ,0,Area ratio: ,0.982974, Area ratio Contribution: ,0,Perim diff: ,1.03393, Perim diff Contribution: ,0,Frontier diff: ,0, Frontier diff Contribution ,0,Inverse Area ratio: ,0.812378, Inv Area Ratio Contribution: ,0,Inverse Perim ratio: ,1.05947, Inv Perim Contribution: ,0, Final Score: ,-116.732
Point: ,142,255,Repeat score:,1, Repeat contribution: ,-1,Dist:,28.1205, Dist contribution: ,-140.602, New scanned ratio: ,0.0065985, New Scanned Cells Contribution: ,0,Area ratio: ,0.98329, Area ratio Contribution: ,0,Perim diff: ,1.03446, Perim diff Contribution: ,0,Frontier diff: ,0, Frontier diff Contribution ,0,Inverse Area ratio: ,0.805372, Inv Area Ratio Contribution: ,0,Inverse Perim ratio: ,1.06044, Inv Perim Contribution: ,0, Final Score: ,-141.602
Point: ,141,256,Repeat score:,1, Repeat contribution: ,-1,Dist:,29.0291, Dist contribution: ,-145.146, New scanned ratio: ,0.00721553, New Scanned Cells Contribution: ,0,Area ratio: ,0.98271, Area ratio Contribution: ,0,Perim diff: ,1.03692, Perim diff Contribution: ,0,Frontier diff: ,0, Frontier diff Contribution ,0,Inverse Area ratio: ,0.801103, Inv Area Ratio Contribution: ,0,Inverse Perim ratio: ,1.06473, Inv Perim Contribution: ,0, Final Score: ,-146.146
Point: ,140,255,Repeat score:,1, Repeat contribution: ,-1,Dist:,30.1125, Dist contribution: ,-150.562, New scanned ratio: ,0.00698887, New Scanned Cells Contribution: ,0,Area ratio: ,0.9834, Area ratio Contribution: ,0,Perim diff: ,1.03523, Perim diff Contribution: ,0,Frontier diff: ,0, Frontier diff Contribution ,0,Inverse Area ratio: ,0.802678, Inv Area Ratio Contribution: ,0,Inverse Perim ratio: ,1.06176, Inv Perim Contribution: ,0, Final Score: ,-151.562
Point: ,135,255,Repeat score:,1, Repeat contribution: ,-1,Dist:,35.0964, Dist contribution: ,-175.482, New scanned ratio: ,0.00781998, New Scanned Cells Contribution: ,0,Area ratio: ,0.983413, Area ratio Contribution: ,0,Perim diff: ,1.041, Perim diff Contribution: ,0,Frontier diff: ,0, Frontier diff Contribution ,0,Inverse Area ratio: ,0.79704, Inv Area Ratio Contribution: ,0,Inverse Perim ratio: ,1.07196, Inv Perim Contribution: ,0, Final Score: ,-176.482
Point: ,132,253,Repeat score:,1, Repeat contribution: ,-1,Dist:,38.3541, Dist contribution: ,-191.771, New scanned ratio: ,0.0072785, New Scanned Cells Contribution: ,0,Area ratio: ,0.984477, Area ratio Contribution: ,0,Perim diff: ,1.04169, Perim diff Contribution: ,0,Frontier diff: ,0, Frontier diff Contribution ,0,Inverse Area ratio: ,0.80882, Inv Area Ratio Contribution: ,0,Inverse Perim ratio: ,1.07281, Inv Perim Contribution: ,0, Final Score: ,-192.771
BEST Point:,150,258, Score: ,-101.211
COUNT COMMAND: 1
Total frontiers: ,105, Prioritised frontiers: ,28
At: ,150,257,
Point: ,184,277,Repeat score:,1, Repeat contribution: ,-1,Dist:,42.8019, Dist contribution: ,-214.009, New scanned ratio: ,0.00835295, New Scanned Cells Contribution: ,0,Area ratio: ,0.960364, Area ratio Contribution: ,0,Perim diff: ,1.05074, Perim diff Contribution: ,0,Frontier diff: ,0, Frontier diff Contribution ,0,Inverse Area ratio: ,0.751546, Inv Area Ratio Contribution: ,0,Inverse Perim ratio: ,1.09692, Inv Perim Contribution: ,0, Final Score: ,-215.009
Point: ,181,275,Repeat score:,1, Repeat contribution: ,-1,Dist:,38.8402, Dist contribution: ,-194.201, New scanned ratio: ,0.0073511, New Scanned Cells Contribution: ,0,Area ratio: ,0.962589, Area ratio Contribution: ,0,Perim diff: ,1.05062, Perim diff Contribution: ,0,Frontier diff: ,0, Frontier diff Contribution ,0,Inverse Area ratio: ,0.7581, Inv Area Ratio Contribution: ,0,Inverse Perim ratio: ,1.09532, Inv Perim Contribution: ,0, Final Score: ,-195.201
Point: ,179,275,Repeat score:,1, Repeat contribution: ,-1,Dist:,37.2634, Dist contribution: ,-186.317, New scanned ratio: ,0.0073511, New Scanned Cells Contribution: ,0,Area ratio: ,0.962345, Area ratio Contribution: ,0,Perim diff: ,1.0506, Perim diff Contribution: ,0,Frontier diff: ,0, Frontier diff Contribution ,0,Inverse Area ratio: ,0.7581, Inv Area Ratio Contribution: ,0,Inverse Perim ratio: ,1.09532, Inv Perim Contribution: ,0, Final Score: ,-187.317
Point: ,176,277,Repeat score:,1, Repeat contribution: ,-1,Dist:,36.7696, Dist contribution: ,-183.848, New scanned ratio: ,0.00835295, New Scanned Cells Contribution: ,0,Area ratio: ,0.959384, Area ratio Contribution: ,0,Perim diff: ,1.05077, Perim diff Contribution: ,0,Frontier diff: ,0, Frontier diff Contribution ,0,Inverse Area ratio: ,0.751628, Inv Area Ratio Contribution: ,0,Inverse Perim ratio: ,1.09709, Inv Perim Contribution: ,0, Final Score: ,-184.848
Point: ,171,277,Repeat score:,1, Repeat contribution: ,-1,Dist:,33.4215, Dist contribution: ,-167.108, New scanned ratio: ,0.00835295, New Scanned Cells Contribution: ,0,Area ratio: ,0.958792, Area ratio Contribution: ,0,Perim diff: ,1.04941, Perim diff Contribution: ,0,Frontier diff: ,0, Frontier diff Contribution ,0,Inverse Area ratio: ,0.751628, Inv Area Ratio Contribution: ,0,Inverse Perim ratio: ,1.09492, Inv Perim Contribution: ,0, Final Score: ,-168.108
Point: ,170,278,Repeat score:,1, Repeat contribution: ,-1,Dist:,33.8421, Dist contribution: ,-169.211, New scanned ratio: ,0.00885388, New Scanned Cells Contribution: ,0,Area ratio: ,0.957383, Area ratio Contribution: ,0,Perim diff: ,1.05054, Perim diff Contribution: ,0,Frontier diff: ,0, Frontier diff Contribution ,0,Inverse Area ratio: ,0.748289, Inv Area Ratio Contribution: ,0,Inverse Perim ratio: ,1.09763, Inv Perim Contribution: ,0, Final Score: ,-170.211
Point: ,169,277,Repeat score:,1, Repeat contribution: ,-1,Dist:,32.2025, Dist contribution: ,-161.012, New scanned ratio: ,0.00835295, New Scanned Cells Contribution: ,0,Area ratio: ,0.958551, Area ratio Contribution: ,0,Perim diff: ,1.04937, Perim diff Contribution: ,0,Frontier diff: ,0, Frontier diff Contribution ,0,Inverse Area ratio: ,0.751628, Inv Area Ratio Contribution: ,0,Inverse Perim ratio: ,1.09492, Inv Perim Contribution: ,0, Final Score: ,-162.012
Point: ,164,277,Repeat score:,1, Repeat contribution: ,-1,Dist:,29.5296, Dist contribution: ,-147.648, New scanned ratio: ,0.00835295, New Scanned Cells Contribution: ,0,Area ratio: ,0.957936, Area ratio Contribution: ,0,Perim diff: ,1.05058, Perim diff Contribution: ,0,Frontier diff: ,0, Frontier diff Contribution ,0,Inverse Area ratio: ,0.751711, Inv Area Ratio Contribution: ,0,Inverse Perim ratio: ,1.09716, Inv Perim Contribution: ,0, Final Score: ,-148.648
Point: ,161,275,Repeat score:,1, Repeat contribution: ,-1,Dist:,25.8565, Dist contribution: ,-129.283, New scanned ratio: ,0.0073511, New Scanned Cells Contribution: ,0,Area ratio: ,0.960088, Area ratio Contribution: ,0,Perim diff: ,1.05047, Perim diff Contribution: ,0,Frontier diff: ,0, Frontier diff Contribution ,0,Inverse Area ratio: ,0.75843, Inv Area Ratio Contribution: ,0,Inverse Perim ratio: ,1.09558, Inv Perim Contribution: ,0, Final Score: ,-130.283
Point: ,159,275,Repeat score:,1, Repeat contribution: ,-1,Dist:,25.0711, Dist contribution: ,-125.355, New scanned ratio: ,0.0073511, New Scanned Cells Contribution: ,0,Area ratio: ,0.959835, Area ratio Contribution: ,0,Perim diff: ,1.0527, Perim diff Contribution: ,0,Frontier diff: ,0, Frontier diff Contribution ,0,Inverse Area ratio: ,0.758142, Inv Area Ratio Contribution: ,0,Inverse Perim ratio: ,1.09965, Inv Perim Contribution: ,0, Final Score: ,-126.355
Point: ,156,277,Repeat score:,1, Repeat contribution: ,-1,Dist:,26.6833, Dist contribution: ,-133.417, New scanned ratio: ,0.00842809, New Scanned Cells Contribution: ,0,Area ratio: ,0.956991, Area ratio Contribution: ,0,Perim diff: ,1.05579, Perim diff Contribution: ,0,Frontier diff: ,0, Frontier diff Contribution ,0,Inverse Area ratio: ,0.75101, Inv Area Ratio Contribution: ,0,Inverse Perim ratio: ,1.10613, Inv Perim Contribution: ,0, Final Score: ,-134.417
Point: ,151,277,Repeat score:,1, Repeat contribution: ,-1,Dist:,26.0192, Dist contribution: ,-130.096, New scanned ratio: ,0.00882883, New Scanned Cells Contribution: ,0,Area ratio: ,0.956725, Area ratio Contribution: ,0,Perim diff: ,1.05926, Perim diff Contribution: ,0,Frontier diff: ,0, Frontier diff Contribution ,0,Inverse Area ratio: ,0.748248, Inv Area Ratio Contribution: ,0,Inverse Perim ratio: ,1.11213, Inv Perim Contribution: ,0, Final Score: ,-131.096
Point: ,150,278,Repeat score:,1, Repeat contribution: ,-1,Dist:,27.3, Dist contribution: ,-136.5, New scanned ratio: ,0.00941742, New Scanned Cells Contribution: ,0,Area ratio: ,0.955413, Area ratio Contribution: ,0,Perim diff: ,1.06106, Perim diff Contribution: ,0,Frontier diff: ,0, Frontier diff Contribution ,0,Inverse Area ratio: ,0.744291, Inv Area Ratio Contribution: ,0,Inverse Perim ratio: ,1.11599, Inv Perim Contribution: ,0, Final Score: ,-137.5
Point: ,149,277,Repeat score:,1, Repeat contribution: ,-1,Dist:,26.0192, Dist contribution: ,-130.096, New scanned ratio: ,0.0090793, New Scanned Cells Contribution: ,0,Area ratio: ,0.956689, Area ratio Contribution: ,0,Perim diff: ,1.06078, Perim diff Contribution: ,0,Frontier diff: ,0, Frontier diff Contribution ,0,Inverse Area ratio: ,0.746558, Inv Area Ratio Contribution: ,0,Inverse Perim ratio: ,1.11484, Inv Perim Contribution: ,0, Final Score: ,-131.096
Point: ,144,277,Repeat score:,1, Repeat contribution: ,-1,Dist:,26.6833, Dist contribution: ,-133.417, New scanned ratio: ,0.00986826, New Scanned Cells Contribution: ,0,Area ratio: ,0.956773, Area ratio Contribution: ,0,Perim diff: ,1.06643, Perim diff Contribution: ,0,Frontier diff: ,0, Frontier diff Contribution ,0,Inverse Area ratio: ,0.740993, Inv Area Ratio Contribution: ,0,Inverse Perim ratio: ,1.12452, Inv Perim Contribution: ,0, Final Score: ,-134.417
Point: ,138,274,Repeat score:,1, Repeat contribution: ,-1,Dist:,25.1478, Dist contribution: ,-125.739, New scanned ratio: ,0.00995592, New Scanned Cells Contribution: ,0,Area ratio: ,0.961111, Area ratio Contribution: ,0,Perim diff: ,1.07192, Perim diff Contribution: ,0,Frontier diff: ,0, Frontier diff Contribution ,0,Inverse Area ratio: ,0.740209, Inv Area Ratio Contribution: ,0,Inverse Perim ratio: ,1.13196, Inv Perim Contribution: ,0, Final Score: ,-126.739
Point: ,133,269,Repeat score:,1, Repeat contribution: ,-1,Dist:,23.0729, Dist contribution: ,-115.365, New scanned ratio: ,0.00946751, New Scanned Cells Contribution: ,0,Area ratio: ,0.968603, Area ratio Contribution: ,0,Perim diff: ,1.05328, Perim diff Contribution: ,0,Frontier diff: ,0, Frontier diff Contribution ,0,Inverse Area ratio: ,0.748539, Inv Area Ratio Contribution: ,0,Inverse Perim ratio: ,1.09818, Inv Perim Contribution: ,0, Final Score: ,-116.365
Point: ,130,263,Repeat score:,1, Repeat contribution: ,-1,Dist:,21.4672, Dist contribution: ,-107.336, New scanned ratio: ,0.00785203, New Scanned Cells Contribution: ,0,Area ratio: ,0.9771, Area ratio Contribution: ,0,Perim diff: ,1.04543, Perim diff Contribution: ,0,Frontier diff: ,0, Frontier diff Contribution ,0,Inverse Area ratio: ,0.760445, Inv Area Ratio Contribution: ,0,Inverse Perim ratio: ,1.08183, Inv Perim Contribution: ,0, Final Score: ,-108.336
Point: ,130,258,Repeat score:,1, Repeat contribution: ,-1,Dist:,20.0422, Dist contribution: ,-100.211, New scanned ratio: ,0.00587337, New Scanned Cells Contribution: ,0,Area ratio: ,0.982581, Area ratio Contribution: ,0,Perim diff: ,1.03848, Perim diff Contribution: ,0,Frontier diff: ,0, Frontier diff Contribution ,0,Inverse Area ratio: ,0.782634, Inv Area Ratio Contribution: ,0,Inverse Perim ratio: ,1.06831, Inv Perim Contribution: ,0, Final Score: ,-101.211
Point: ,129,257,Repeat score:,1, Repeat contribution: ,-1,Dist:,21, Dist contribution: ,-105, New scanned ratio: ,0.00576066, New Scanned Cells Contribution: ,0,Area ratio: ,0.983749, Area ratio Contribution: ,0,Perim diff: ,1.03614, Perim diff Contribution: ,0,Frontier diff: ,0, Frontier diff Contribution ,0,Inverse Area ratio: ,0.787262, Inv Area Ratio Contribution: ,0,Inverse Perim ratio: ,1.06414, Inv Perim Contribution: ,0, Final Score: ,-106
Point: ,130,256,Repeat score:,1, Repeat contribution: ,-1,Dist:,20.0422, Dist contribution: ,-100.211, New scanned ratio: ,0.0051345, New Scanned Cells Contribution: ,0,Area ratio: ,0.984224, Area ratio Contribution: ,0,Perim diff: ,1.03688, Perim diff Contribution: ,0,Frontier diff: ,0, Frontier diff Contribution ,0,Inverse Area ratio: ,0.787626, Inv Area Ratio Contribution: ,0,Inverse Perim ratio: ,1.06508, Inv Perim Contribution: ,0, Final Score: ,-101.211
Point: ,130,254,Repeat score:,1, Repeat contribution: ,-1,Dist:,20.3767, Dist contribution: ,-101.884, New scanned ratio: ,0.00444572, New Scanned Cells Contribution: ,0,Area ratio: ,0.985432, Area ratio Contribution: ,0,Perim diff: ,1.03344, Perim diff Contribution: ,0,Frontier diff: ,0, Frontier diff Contribution ,0,Inverse Area ratio: ,0.796282, Inv Area Ratio Contribution: ,0,Inverse Perim ratio: ,1.05911, Inv Perim Contribution: ,0, Final Score: ,-102.884
Point: ,128,255,Repeat score:,1, Repeat contribution: ,-1,Dist:,22.1531, Dist contribution: ,-110.766, New scanned ratio: ,0.00525973, New Scanned Cells Contribution: ,0,Area ratio: ,0.984981, Area ratio Contribution: ,0,Perim diff: ,1.03391, Perim diff Contribution: ,0,Frontier diff: ,0, Frontier diff Contribution ,0,Inverse Area ratio: ,0.790803, Inv Area Ratio Contribution: ,0,Inverse Perim ratio: ,1.06001, Inv Perim Contribution: ,0, Final Score: ,-111.766
Point: ,123,255,Repeat score:,1, Repeat contribution: ,-1,Dist:,27.1249, Dist contribution: ,-135.624, New scanned ratio: ,0.00633672, New Scanned Cells Contribution: ,0,Area ratio: ,0.985271, Area ratio Contribution: ,0,Perim diff: ,1.03374, Perim diff Contribution: ,0,Frontier diff: ,0, Frontier diff Contribution ,0,Inverse Area ratio: ,0.782799, Inv Area Ratio Contribution: ,0,Inverse Perim ratio: ,1.05981, Inv Perim Contribution: ,0, Final Score: ,-136.624
Point: ,122,256,Repeat score:,1, Repeat contribution: ,-1,Dist:,28.0302, Dist contribution: ,-140.151, New scanned ratio: ,0.00695036, New Scanned Cells Contribution: ,0,Area ratio: ,0.984763, Area ratio Contribution: ,0,Perim diff: ,1.03573, Perim diff Contribution: ,0,Frontier diff: ,0, Frontier diff Contribution ,0,Inverse Area ratio: ,0.778629, Inv Area Ratio Contribution: ,0,Inverse Perim ratio: ,1.06339, Inv Perim Contribution: ,0, Final Score: ,-141.151
Point: ,121,255,Repeat score:,1, Repeat contribution: ,-1,Dist:,29.1163, Dist contribution: ,-145.582, New scanned ratio: ,0.00673746, New Scanned Cells Contribution: ,0,Area ratio: ,0.985374, Area ratio Contribution: ,0,Perim diff: ,1.03418, Perim diff Contribution: ,0,Frontier diff: ,0, Frontier diff Contribution ,0,Inverse Area ratio: ,0.779935, Inv Area Ratio Contribution: ,0,Inverse Perim ratio: ,1.0606, Inv Perim Contribution: ,0, Final Score: ,-146.582
Point: ,116,255,Repeat score:,1, Repeat contribution: ,-1,Dist:,34.0993, Dist contribution: ,-170.496, New scanned ratio: ,0.00761409, New Scanned Cells Contribution: ,0,Area ratio: ,0.985429, Area ratio Contribution: ,0,Perim diff: ,1.03861, Perim diff Contribution: ,0,Frontier diff: ,0, Frontier diff Contribution ,0,Inverse Area ratio: ,0.773997, Inv Area Ratio Contribution: ,0,Inverse Perim ratio: ,1.06847, Inv Perim Contribution: ,0, Final Score: ,-171.496
Point: ,112,253,Repeat score:,1, Repeat contribution: ,-1,Dist:,38.3541, Dist contribution: ,-191.771, New scanned ratio: ,0.00722587, New Scanned Cells Contribution: ,0,Area ratio: ,0.986293, Area ratio Contribution: ,0,Perim diff: ,1.04136, Perim diff Contribution: ,0,Frontier diff: ,0, Frontier diff Contribution ,0,Inverse Area ratio: ,0.785848, Inv Area Ratio Contribution: ,0,Inverse Perim ratio: ,1.07287, Inv Perim Contribution: ,0, Final Score: ,-192.771
BEST Point:,130,258, Score: ,-101.211
COUNT COMMAND: 1
Total frontiers: ,106, Prioritised frontiers: ,28
At: ,130,257,
Point: ,164,277,Repeat score:,1, Repeat contribution: ,-1,Dist:,42.8019, Dist contribution: ,-214.009, New scanned ratio: ,0.00830728, New Scanned Cells Contribution: ,0,Area ratio: ,0.963189, Area ratio Contribution: ,0,Perim diff: ,1.05075, Perim diff Contribution: ,0,Frontier diff: ,0, Frontier diff Contribution ,0,Inverse Area ratio: ,0.72802, Inv Area Ratio Contribution: ,0,Inverse Perim ratio: ,1.09754, Inv Perim Contribution: ,0, Final Score: ,-215.009
Point: ,161,275,Repeat score:,1, Repeat contribution: ,-1,Dist:,38.8402, Dist contribution: ,-194.201, New scanned ratio: ,0.00731091, New Scanned Cells Contribution: ,0,Area ratio: ,0.965383, Area ratio Contribution: ,0,Perim diff: ,1.05059, Perim diff Contribution: ,0,Frontier diff: ,0, Frontier diff Contribution ,0,Inverse Area ratio: ,0.73469, Inv Area Ratio Contribution: ,0,Inverse Perim ratio: ,1.09594, Inv Perim Contribution: ,0, Final Score: ,-195.201
Point: ,159,275,Repeat score:,1, Repeat contribution: ,-1,Dist:,37.2634, Dist contribution: ,-186.317, New scanned ratio: ,0.00731091, New Scanned Cells Contribution: ,0,Area ratio: ,0.965116, Area ratio Contribution: ,0,Perim diff: ,1.05055, Perim diff Contribution: ,0,Frontier diff: ,0, Frontier diff Contribution ,0,Inverse Area ratio: ,0.73469, Inv Area Ratio Contribution: ,0,Inverse Perim ratio: ,1.09594, Inv Perim Contribution: ,0, Final Score: ,-187.317
Point: ,156,277,Repeat score:,1, Repeat contribution: ,-1,Dist:,36.7696, Dist contribution: ,-183.848, New scanned ratio: ,0.00830728, New Scanned Cells Contribution: ,0,Area ratio: ,0.962209, Area ratio Contribution: ,0,Perim diff: ,1.05067, Perim diff Contribution: ,0,Frontier diff: ,0, Frontier diff Contribution ,0,Inverse Area ratio: ,0.728104, Inv Area Ratio Contribution: ,0,Inverse Perim ratio: ,1.09771, Inv Perim Contribution: ,0, Final Score: ,-184.848
Point: ,151,277,Repeat score:,1, Repeat contribution: ,-1,Dist:,33.4215, Dist contribution: ,-167.108, New scanned ratio: ,0.00830728, New Scanned Cells Contribution: ,0,Area ratio: ,0.961605, Area ratio Contribution: ,0,Perim diff: ,1.04925, Perim diff Contribution: ,0,Frontier diff: ,0, Frontier diff Contribution ,0,Inverse Area ratio: ,0.728104, Inv Area Ratio Contribution: ,0,Inverse Perim ratio: ,1.09554, Inv Perim Contribution: ,0, Final Score: ,-168.108
Point: ,150,278,Repeat score:,1, Repeat contribution: ,-1,Dist:,33.8421, Dist contribution: ,-169.211, New scanned ratio: ,0.00880547, New Scanned Cells Contribution: ,0,Area ratio: ,0.960206, Area ratio Contribution: ,0,Perim diff: ,1.05036, Perim diff Contribution: ,0,Frontier diff: ,0, Frontier diff Contribution ,0,Inverse Area ratio: ,0.724706, Inv Area Ratio Contribution: ,0,Inverse Perim ratio: ,1.09825, Inv Perim Contribution: ,0, Final Score: ,-170.211
Point: ,149,277,Repeat score:,1, Repeat contribution: ,-1,Dist:,32.2025, Dist contribution: ,-161.012, New scanned ratio: ,0.00830728, New Scanned Cells Contribution: ,0,Area ratio: ,0.961341, Area ratio Contribution: ,0,Perim diff: ,1.04919, Perim diff Contribution: ,0,Frontier diff: ,0, Frontier diff Contribution ,0,Inverse Area ratio: ,0.728104, Inv Area Ratio Contribution: ,0,Inverse Perim ratio: ,1.09554, Inv Perim Contribution: ,0, Final Score: ,-162.012
Point: ,144,277,Repeat score:,1, Repeat contribution: ,-1,Dist:,29.5296, Dist contribution: ,-147.648, New scanned ratio: ,0.00830728, New Scanned Cells Contribution: ,0,Area ratio: ,0.960668, Area ratio Contribution: ,0,Perim diff: ,1.05032, Perim diff Contribution: ,0,Frontier diff: ,0, Frontier diff Contribution ,0,Inverse Area ratio: ,0.728188, Inv Area Ratio Contribution: ,0,Inverse Perim ratio: ,1.09778, Inv Perim Contribution: ,0, Final Score: ,-148.648
Point: ,141,275,Repeat score:,1, Repeat contribution: ,-1,Dist:,25.8565, Dist contribution: ,-129.283, New scanned ratio: ,0.00731091, New Scanned Cells Contribution: ,0,Area ratio: ,0.962686, Area ratio Contribution: ,0,Perim diff: ,1.0502, Perim diff Contribution: ,0,Frontier diff: ,0, Frontier diff Contribution ,0,Inverse Area ratio: ,0.735025, Inv Area Ratio Contribution: ,0,Inverse Perim ratio: ,1.0962, Inv Perim Contribution: ,0, Final Score: ,-130.283
Point: ,139,275,Repeat score:,1, Repeat contribution: ,-1,Dist:,25.0711, Dist contribution: ,-125.355, New scanned ratio: ,0.00731091, New Scanned Cells Contribution: ,0,Area ratio: ,0.962432, Area ratio Contribution: ,0,Perim diff: ,1.0524, Perim diff Contribution: ,0,Frontier diff: ,0, Frontier diff Contribution ,0,Inverse Area ratio: ,0.734732, Inv Area Ratio Contribution: ,0,Inverse Perim ratio: ,1.10027, Inv Perim Contribution: ,0, Final Score: ,-126.355
Point: ,136,277,Repeat score:,1, Repeat contribution: ,-1,Dist:,26.6833, Dist contribution: ,-133.417, New scanned ratio: ,0.00838201, New Scanned Cells Contribution: ,0,Area ratio: ,0.959631, Area ratio Contribution: ,0,Perim diff: ,1.05541, Perim diff Contribution: ,0,Frontier diff: ,0, Frontier diff Contribution ,0,Inverse Area ratio: ,0.727475, Inv Area Ratio Contribution: ,0,Inverse Perim ratio: ,1.10676, Inv Perim Contribution: ,0, Final Score: ,-134.417
Point: ,131,277,Repeat score:,1, Repeat contribution: ,-1,Dist:,26.0192, Dist contribution: ,-130.096, New scanned ratio: ,0.00878056, New Scanned Cells Contribution: ,0,Area ratio: ,0.959319, Area ratio Contribution: ,0,Perim diff: ,1.05881, Perim diff Contribution: ,0,Frontier diff: ,0, Frontier diff Contribution ,0,Inverse Area ratio: ,0.724664, Inv Area Ratio Contribution: ,0,Inverse Perim ratio: ,1.11275, Inv Perim Contribution: ,0, Final Score: ,-131.096
Point: ,130,278,Repeat score:,1, Repeat contribution: ,-1,Dist:,27.3, Dist contribution: ,-136.5, New scanned ratio: ,0.00936593, New Scanned Cells Contribution: ,0,Area ratio: ,0.958051, Area ratio Contribution: ,0,Perim diff: ,1.06056, Perim diff Contribution: ,0,Frontier diff: ,0, Frontier diff Contribution ,0,Inverse Area ratio: ,0.720638, Inv Area Ratio Contribution: ,0,Inverse Perim ratio: ,1.11661, Inv Perim Contribution: ,0, Final Score: ,-137.5
Point: ,129,277,Repeat score:,1, Repeat contribution: ,-1,Dist:,26.0192, Dist contribution: ,-130.096, New scanned ratio: ,0.00902965, New Scanned Cells Contribution: ,0,Area ratio: ,0.959283, Area ratio Contribution: ,0,Perim diff: ,1.06029, Perim diff Contribution: ,0,Frontier diff: ,0, Frontier diff Contribution ,0,Inverse Area ratio: ,0.722945, Inv Area Ratio Contribution: ,0,Inverse Perim ratio: ,1.11546, Inv Perim Contribution: ,0, Final Score: ,-131.096
Point: ,124,277,Repeat score:,1, Repeat contribution: ,-1,Dist:,26.6833, Dist contribution: ,-133.417, New scanned ratio: ,0.0098143, New Scanned Cells Contribution: ,0,Area ratio: ,0.959364, Area ratio Contribution: ,0,Perim diff: ,1.06585, Perim diff Contribution: ,0,Frontier diff: ,0, Frontier diff Contribution ,0,Inverse Area ratio: ,0.717282, Inv Area Ratio Contribution: ,0,Inverse Perim ratio: ,1.12515, Inv Perim Contribution: ,0, Final Score: ,-134.417
Point: ,118,274,Repeat score:,1, Repeat contribution: ,-1,Dist:,25.1478, Dist contribution: ,-125.739, New scanned ratio: ,0.00990148, New Scanned Cells Contribution: ,0,Area ratio: ,0.963702, Area ratio Contribution: ,0,Perim diff: ,1.07131, Perim diff Contribution: ,0,Frontier diff: ,0, Frontier diff Contribution ,0,Inverse Area ratio: ,0.716485, Inv Area Ratio Contribution: ,0,Inverse Perim ratio: ,1.13259, Inv Perim Contribution: ,0, Final Score: ,-126.739
Point: ,113,269,Repeat score:,1, Repeat contribution: ,-1,Dist:,23.0729, Dist contribution: ,-115.365, New scanned ratio: ,0.0094033, New Scanned Cells Contribution: ,0,Area ratio: ,0.971195, Area ratio Contribution: ,0,Perim diff: ,1.05273, Perim diff Contribution: ,0,Frontier diff: ,0, Frontier diff Contribution ,0,Inverse Area ratio: ,0.723792, Inv Area Ratio Contribution: ,0,Inverse Perim ratio: ,1.09832, Inv Perim Contribution: ,0, Final Score: ,-116.365
Point: ,110,263,Repeat score:,1, Repeat contribution: ,-1,Dist:,21.4672, Dist contribution: ,-107.336, New scanned ratio: ,0.00782155, New Scanned Cells Contribution: ,0,Area ratio: ,0.979718, Area ratio Contribution: ,0,Perim diff: ,1.04388, Perim diff Contribution: ,0,Frontier diff: ,0, Frontier diff Contribution ,0,Inverse Area ratio: ,0.743947, Inv Area Ratio Contribution: ,0,Inverse Perim ratio: ,1.08043, Inv Perim Contribution: ,0, Final Score: ,-108.336
Point: ,110,258,Repeat score:,1, Repeat contribution: ,-1,Dist:,20.0422, Dist contribution: ,-100.211, New scanned ratio: ,0.00584125, New Scanned Cells Contribution: ,0,Area ratio: ,0.984828, Area ratio Contribution: ,0,Perim diff: ,1.0369, Perim diff Contribution: ,0,Frontier diff: ,0, Frontier diff Contribution ,0,Inverse Area ratio: ,0.761128, Inv Area Ratio Contribution: ,0,Inverse Perim ratio: ,1.06653, Inv Perim Contribution: ,0, Final Score: ,-101.211
Point: ,109,257,Repeat score:,1, Repeat contribution: ,-1,Dist:,21, Dist contribution: ,-105, New scanned ratio: ,0.00571671, New Scanned Cells Contribution: ,0,Area ratio: ,0.985977, Area ratio Contribution: ,0,Perim diff: ,1.03584, Perim diff Contribution: ,0,Frontier diff: ,0, Frontier diff Contribution ,0,Inverse Area ratio: ,0.761984, Inv Area Ratio Contribution: ,0,Inverse Perim ratio: ,1.06444, Inv Perim Contribution: ,0, Final Score: ,-106
Point: ,110,256,Repeat score:,1, Repeat contribution: ,-1,Dist:,20.0422, Dist contribution: ,-100.211, New scanned ratio: ,0.00510643, New Scanned Cells Contribution: ,0,Area ratio: ,0.986345, Area ratio Contribution: ,0,Perim diff: ,1.03552, Perim diff Contribution: ,0,Frontier diff: ,0, Frontier diff Contribution ,0,Inverse Area ratio: ,0.766264, Inv Area Ratio Contribution: ,0,Inverse Perim ratio: ,1.06356, Inv Perim Contribution: ,0, Final Score: ,-101.211
Point: ,110,254,Repeat score:,1, Repeat contribution: ,-1,Dist:,20.3767, Dist contribution: ,-101.884, New scanned ratio: ,0.00440896, New Scanned Cells Contribution: ,0,Area ratio: ,0.987296, Area ratio Contribution: ,0,Perim diff: ,1.03324, Perim diff Contribution: ,0,Frontier diff: ,0, Frontier diff Contribution ,0,Inverse Area ratio: ,0.771144, Inv Area Ratio Contribution: ,0,Inverse Perim ratio: ,1.05941, Inv Perim Contribution: ,0, Final Score: ,-102.884
Point: ,109,255,Repeat score:,1, Repeat contribution: ,-1,Dist:,21.1603, Dist contribution: ,-105.802, New scanned ratio: ,0.00499433, New Scanned Cells Contribution: ,0,Area ratio: ,0.986902, Area ratio Contribution: ,0,Perim diff: ,1.03331, Perim diff Contribution: ,0,Frontier diff: ,0, Frontier diff Contribution ,0,Inverse Area ratio: ,0.76712, Inv Area Ratio Contribution: ,0,Inverse Perim ratio: ,1.05969, Inv Perim Contribution: ,0, Final Score: ,-106.802
Point: ,104,255,Repeat score:,1, Repeat contribution: ,-1,Dist:,26.1297, Dist contribution: ,-130.648, New scanned ratio: ,0.00607789, New Scanned Cells Contribution: ,0,Area ratio: ,0.98722, Area ratio Contribution: ,0,Perim diff: ,1.03337, Perim diff Contribution: ,0,Frontier diff: ,0, Frontier diff Contribution ,0,Inverse Area ratio: ,0.759449, Inv Area Ratio Contribution: ,0,Inverse Perim ratio: ,1.05994, Inv Perim Contribution: ,0, Final Score: ,-131.648
Point: ,103,256,Repeat score:,1, Repeat contribution: ,-1,Dist:,27.0313, Dist contribution: ,-135.156, New scanned ratio: ,0.00668817, New Scanned Cells Contribution: ,0,Area ratio: ,0.986821, Area ratio Contribution: ,0,Perim diff: ,1.03565, Perim diff Contribution: ,0,Frontier diff: ,0, Frontier diff Contribution ,0,Inverse Area ratio: ,0.755297, Inv Area Ratio Contribution: ,0,Inverse Perim ratio: ,1.06405, Inv Perim Contribution: ,0, Final Score: ,-136.156
Point: ,102,255,Repeat score:,1, Repeat contribution: ,-1,Dist:,28.1205, Dist contribution: ,-140.602, New scanned ratio: ,0.0064889, New Scanned Cells Contribution: ,0,Area ratio: ,0.987292, Area ratio Contribution: ,0,Perim diff: ,1.03401, Perim diff Contribution: ,0,Frontier diff: ,0, Frontier diff Contribution ,0,Inverse Area ratio: ,0.756752, Inv Area Ratio Contribution: ,0,Inverse Perim ratio: ,1.06108, Inv Perim Contribution: ,0, Final Score: ,-141.602
Point: ,97,255,Repeat score:,1, Repeat contribution: ,-1,Dist:,33.1023, Dist contribution: ,-165.511, New scanned ratio: ,0.00739809, New Scanned Cells Contribution: ,0,Area ratio: ,0.987407, Area ratio Contribution: ,0,Perim diff: ,1.0383, Perim diff Contribution: ,0,Frontier diff: ,0, Frontier diff Contribution ,0,Inverse Area ratio: ,0.750289, Inv Area Ratio Contribution: ,0,Inverse Perim ratio: ,1.06878, Inv Perim Contribution: ,0, Final Score: ,-166.511
Point: ,93,253,Repeat score:,1, Repeat contribution: ,-1,Dist:,37.3636, Dist contribution: ,-186.818, New scanned ratio: ,0.00708672, New Scanned Cells Contribution: ,0,Area ratio: ,0.988101, Area ratio Contribution: ,0,Perim diff: ,1.03889, Perim diff Contribution: ,0,Frontier diff: ,0, Frontier diff Contribution ,0,Inverse Area ratio: ,0.762173, Inv Area Ratio Contribution: ,0,Inverse Perim ratio: ,1.06959, Inv Perim Contribution: ,0, Final Score: ,-187.818
BEST Point:,110,258, Score: ,-101.211
COUNT COMMAND: 1
Total frontiers: ,105, Prioritised frontiers: ,27
At: ,110,257,
Point: ,144,277,Repeat score:,1, Repeat contribution: ,-1,Dist:,42.8019, Dist contribution: ,-214.009, New scanned ratio: ,0.00826211, New Scanned Cells Contribution: ,0,Area ratio: ,0.965926, Area ratio Contribution: ,0,Perim diff: ,1.04893, Perim diff Contribution: ,0,Frontier diff: ,0, Frontier diff Contribution ,0,Inverse Area ratio: ,0.705359, Inv Area Ratio Contribution: ,0,Inverse Perim ratio: ,1.0955, Inv Perim Contribution: ,0, Final Score: ,-215.009
Point: ,141,275,Repeat score:,1, Repeat contribution: ,-1,Dist:,38.8402, Dist contribution: ,-194.201, New scanned ratio: ,0.00727115, New Scanned Cells Contribution: ,0,Area ratio: ,0.967984, Area ratio Contribution: ,0,Perim diff: ,1.04875, Perim diff Contribution: ,0,Frontier diff: ,0, Frontier diff Contribution ,0,Inverse Area ratio: ,0.712164, Inv Area Ratio Contribution: ,0,Inverse Perim ratio: ,1.09389, Inv Perim Contribution: ,0, Final Score: ,-195.201
Point: ,139,275,Repeat score:,1, Repeat contribution: ,-1,Dist:,37.2634, Dist contribution: ,-186.317, New scanned ratio: ,0.00727115, New Scanned Cells Contribution: ,0,Area ratio: ,0.967717, Area ratio Contribution: ,0,Perim diff: ,1.04868, Perim diff Contribution: ,0,Frontier diff: ,0, Frontier diff Contribution ,0,Inverse Area ratio: ,0.712164, Inv Area Ratio Contribution: ,0,Inverse Perim ratio: ,1.09389, Inv Perim Contribution: ,0, Final Score: ,-187.317
Point: ,136,277,Repeat score:,1, Repeat contribution: ,-1,Dist:,36.7696, Dist contribution: ,-183.848, New scanned ratio: ,0.00826211, New Scanned Cells Contribution: ,0,Area ratio: ,0.964854, Area ratio Contribution: ,0,Perim diff: ,1.04873, Perim diff Contribution: ,0,Frontier diff: ,0, Frontier diff Contribution ,0,Inverse Area ratio: ,0.705444, Inv Area Ratio Contribution: ,0,Inverse Perim ratio: ,1.09566, Inv Perim Contribution: ,0, Final Score: ,-184.848
Point: ,131,277,Repeat score:,1, Repeat contribution: ,-1,Dist:,33.4215, Dist contribution: ,-167.108, New scanned ratio: ,0.00826211, New Scanned Cells Contribution: ,0,Area ratio: ,0.964204, Area ratio Contribution: ,0,Perim diff: ,1.04723, Perim diff Contribution: ,0,Frontier diff: ,0, Frontier diff Contribution ,0,Inverse Area ratio: ,0.705444, Inv Area Ratio Contribution: ,0,Inverse Perim ratio: ,1.0935, Inv Perim Contribution: ,0, Final Score: ,-168.108
Point: ,130,278,Repeat score:,1, Repeat contribution: ,-1,Dist:,33.8421, Dist contribution: ,-169.211, New scanned ratio: ,0.00875759, New Scanned Cells Contribution: ,0,Area ratio: ,0.962849, Area ratio Contribution: ,0,Perim diff: ,1.0483, Perim diff Contribution: ,0,Frontier diff: ,0, Frontier diff Contribution ,0,Inverse Area ratio: ,0.701977, Inv Area Ratio Contribution: ,0,Inverse Perim ratio: ,1.0962, Inv Perim Contribution: ,0, Final Score: ,-170.211
Point: ,129,277,Repeat score:,1, Repeat contribution: ,-1,Dist:,32.2025, Dist contribution: ,-161.012, New scanned ratio: ,0.00826211, New Scanned Cells Contribution: ,0,Area ratio: ,0.963939, Area ratio Contribution: ,0,Perim diff: ,1.04714, Perim diff Contribution: ,0,Frontier diff: ,0, Frontier diff Contribution ,0,Inverse Area ratio: ,0.705444, Inv Area Ratio Contribution: ,0,Inverse Perim ratio: ,1.0935, Inv Perim Contribution: ,0, Final Score: ,-162.012
Point: ,124,277,Repeat score:,1, Repeat contribution: ,-1,Dist:,29.5296, Dist contribution: ,-147.648, New scanned ratio: ,0.00826211, New Scanned Cells Contribution: ,0,Area ratio: ,0.963267, Area ratio Contribution: ,0,Perim diff: ,1.04818, Perim diff Contribution: ,0,Frontier diff: ,0, Frontier diff Contribution ,0,Inverse Area ratio: ,0.70553, Inv Area Ratio Contribution: ,0,Inverse Perim ratio: ,1.09573, Inv Perim Contribution: ,0, Final Score: ,-148.648
Point: ,121,275,Repeat score:,1, Repeat contribution: ,-1,Dist:,25.8565, Dist contribution: ,-129.283, New scanned ratio: ,0.00727115, New Scanned Cells Contribution: ,0,Area ratio: ,0.965287, Area ratio Contribution: ,0,Perim diff: ,1.04806, Perim diff Contribution: ,0,Frontier diff: ,0, Frontier diff Contribution ,0,Inverse Area ratio: ,0.712506, Inv Area Ratio Contribution: ,0,Inverse Perim ratio: ,1.09415, Inv Perim Contribution: ,0, Final Score: ,-130.283
Point: ,119,275,Repeat score:,1, Repeat contribution: ,-1,Dist:,25.0711, Dist contribution: ,-125.355, New scanned ratio: ,0.00727115, New Scanned Cells Contribution: ,0,Area ratio: ,0.965033, Area ratio Contribution: ,0,Perim diff: ,1.05023, Perim diff Contribution: ,0,Frontier diff: ,0, Frontier diff Contribution ,0,Inverse Area ratio: ,0.712207, Inv Area Ratio Contribution: ,0,Inverse Perim ratio: ,1.09823, Inv Perim Contribution: ,0, Final Score: ,-126.355
Point: ,116,277,Repeat score:,1, Repeat contribution: ,-1,Dist:,26.6833, Dist contribution: ,-133.417, New scanned ratio: ,0.00833643, New Scanned Cells Contribution: ,0,Area ratio: ,0.96223, Area ratio Contribution: ,0,Perim diff: ,1.05312, Perim diff Contribution: ,0,Frontier diff: ,0, Frontier diff Contribution ,0,Inverse Area ratio: ,0.704802, Inv Area Ratio Contribution: ,0,Inverse Perim ratio: ,1.10471, Inv Perim Contribution: ,0, Final Score: ,-134.417
Point: ,111,277,Repeat score:,1, Repeat contribution: ,-1,Dist:,26.0192, Dist contribution: ,-130.096, New scanned ratio: ,0.00873281, New Scanned Cells Contribution: ,0,Area ratio: ,0.961917, Area ratio Contribution: ,0,Perim diff: ,1.0564, Perim diff Contribution: ,0,Frontier diff: ,0, Frontier diff Contribution ,0,Inverse Area ratio: ,0.701935, Inv Area Ratio Contribution: ,0,Inverse Perim ratio: ,1.11071, Inv Perim Contribution: ,0, Final Score: ,-131.096
Point: ,110,278,Repeat score:,1, Repeat contribution: ,-1,Dist:,27.3, Dist contribution: ,-136.5, New scanned ratio: ,0.009315, New Scanned Cells Contribution: ,0,Area ratio: ,0.960647, Area ratio Contribution: ,0,Perim diff: ,1.0581, Perim diff Contribution: ,0,Frontier diff: ,0, Frontier diff Contribution ,0,Inverse Area ratio: ,0.697826, Inv Area Ratio Contribution: ,0,Inverse Perim ratio: ,1.11457, Inv Perim Contribution: ,0, Final Score: ,-137.5
Point: ,109,277,Repeat score:,1, Repeat contribution: ,-1,Dist:,26.0192, Dist contribution: ,-130.096, New scanned ratio: ,0.00898055, New Scanned Cells Contribution: ,0,Area ratio: ,0.961879, Area ratio Contribution: ,0,Perim diff: ,1.05784, Perim diff Contribution: ,0,Frontier diff: ,0, Frontier diff Contribution ,0,Inverse Area ratio: ,0.70018, Inv Area Ratio Contribution: ,0,Inverse Perim ratio: ,1.11342, Inv Perim Contribution: ,0, Final Score: ,-131.096
Point: ,104,277,Repeat score:,1, Repeat contribution: ,-1,Dist:,26.6833, Dist contribution: ,-133.417, New scanned ratio: ,0.00976093, New Scanned Cells Contribution: ,0,Area ratio: ,0.961959, Area ratio Contribution: ,0,Perim diff: ,1.06327, Perim diff Contribution: ,0,Frontier diff: ,0, Frontier diff Contribution ,0,Inverse Area ratio: ,0.694402, Inv Area Ratio Contribution: ,0,Inverse Perim ratio: ,1.12311, Inv Perim Contribution: ,0, Final Score: ,-134.417
Point: ,98,274,Repeat score:,1, Repeat contribution: ,-1,Dist:,25.1478, Dist contribution: ,-125.739, New scanned ratio: ,0.00984764, New Scanned Cells Contribution: ,0,Area ratio: ,0.966284, Area ratio Contribution: ,0,Perim diff: ,1.06902, Perim diff Contribution: ,0,Frontier diff: ,0, Frontier diff Contribution ,0,Inverse Area ratio: ,0.693588, Inv Area Ratio Contribution: ,0,Inverse Perim ratio: ,1.13092, Inv Perim Contribution: ,0, Final Score: ,-126.739
Point: ,93,269,Repeat score:,1, Repeat contribution: ,-1,Dist:,23.0729, Dist contribution: ,-115.365, New scanned ratio: ,0.00933977, New Scanned Cells Contribution: ,0,Area ratio: ,0.973771, Area ratio Contribution: ,0,Perim diff: ,1.05183, Perim diff Contribution: ,0,Frontier diff: ,0, Frontier diff Contribution ,0,Inverse Area ratio: ,0.69807, Inv Area Ratio Contribution: ,0,Inverse Perim ratio: ,1.09883, Inv Perim Contribution: ,0, Final Score: ,-116.365
Point: ,90,263,Repeat score:,1, Repeat contribution: ,-1,Dist:,21.4672, Dist contribution: ,-107.336, New scanned ratio: ,0.00777902, New Scanned Cells Contribution: ,0,Area ratio: ,0.98197, Area ratio Contribution: ,0,Perim diff: ,1.04078, Perim diff Contribution: ,0,Frontier diff: ,0, Frontier diff Contribution ,0,Inverse Area ratio: ,0.719406, Inv Area Ratio Contribution: ,0,Inverse Perim ratio: ,1.08098, Inv Perim Contribution: ,0, Final Score: ,-108.336
Point: ,90,258,Repeat score:,1, Repeat contribution: ,-1,Dist:,20.0422, Dist contribution: ,-100.211, New scanned ratio: ,0.0057971, New Scanned Cells Contribution: ,0,Area ratio: ,0.987043, Area ratio Contribution: ,0,Perim diff: ,1.03636, Perim diff Contribution: ,0,Frontier diff: ,0, Frontier diff Contribution ,0,Inverse Area ratio: ,0.735686, Inv Area Ratio Contribution: ,0,Inverse Perim ratio: ,1.06681, Inv Perim Contribution: ,0, Final Score: ,-101.211
Point: ,89,257,Repeat score:,1, Repeat contribution: ,-1,Dist:,21, Dist contribution: ,-105, New scanned ratio: ,0.00567323, New Scanned Cells Contribution: ,0,Area ratio: ,0.988191, Area ratio Contribution: ,0,Perim diff: ,1.03534, Perim diff Contribution: ,0,Frontier diff: ,0, Frontier diff Contribution ,0,Inverse Area ratio: ,0.736556, Inv Area Ratio Contribution: ,0,Inverse Perim ratio: ,1.06472, Inv Perim Contribution: ,0, Final Score: ,-106
Point: ,90,255,Repeat score:,1, Repeat contribution: ,-1,Dist:,20.1683, Dist contribution: ,-100.841, New scanned ratio: ,0.00471944, New Scanned Cells Contribution: ,0,Area ratio: ,0.988799, Area ratio Contribution: ,0,Perim diff: ,1.03294, Perim diff Contribution: ,0,Frontier diff: ,0, Frontier diff Contribution ,0,Inverse Area ratio: ,0.74343, Inv Area Ratio Contribution: ,0,Inverse Perim ratio: ,1.05996, Inv Perim Contribution: ,0, Final Score: ,-101.841
Point: ,85,255,Repeat score:,1, Repeat contribution: ,-1,Dist:,25.1348, Dist contribution: ,-125.674, New scanned ratio: ,0.00582188, New Scanned Cells Contribution: ,0,Area ratio: ,0.98912, Area ratio Contribution: ,0,Perim diff: ,1.03305, Perim diff Contribution: ,0,Frontier diff: ,0, Frontier diff Contribution ,0,Inverse Area ratio: ,0.735587, Inv Area Ratio Contribution: ,0,Inverse Perim ratio: ,1.0604, Inv Perim Contribution: ,0, Final Score: ,-126.674
Point: ,84,256,Repeat score:,1, Repeat contribution: ,-1,Dist:,26.0325, Dist contribution: ,-130.162, New scanned ratio: ,0.00642884, New Scanned Cells Contribution: ,0,Area ratio: ,0.988842, Area ratio Contribution: ,0,Perim diff: ,1.03454, Perim diff Contribution: ,0,Frontier diff: ,0, Frontier diff Contribution ,0,Inverse Area ratio: ,0.731335, Inv Area Ratio Contribution: ,0,Inverse Perim ratio: ,1.06328, Inv Perim Contribution: ,0, Final Score: ,-131.162
Point: ,83,255,Repeat score:,1, Repeat contribution: ,-1,Dist:,27.1249, Dist contribution: ,-135.624, New scanned ratio: ,0.00624303, New Scanned Cells Contribution: ,0,Area ratio: ,0.989222, Area ratio Contribution: ,0,Perim diff: ,1.03299, Perim diff Contribution: ,0,Frontier diff: ,0, Frontier diff Contribution ,0,Inverse Area ratio: ,0.732628, Inv Area Ratio Contribution: ,0,Inverse Perim ratio: ,1.0604, Inv Perim Contribution: ,0, Final Score: ,-136.624
Point: ,78,255,Repeat score:,1, Repeat contribution: ,-1,Dist:,32.1055, Dist contribution: ,-160.527, New scanned ratio: ,0.00718444, New Scanned Cells Contribution: ,0,Area ratio: ,0.989371, Area ratio Contribution: ,0,Perim diff: ,1.03668, Perim diff Contribution: ,0,Frontier diff: ,0, Frontier diff Contribution ,0,Inverse Area ratio: ,0.725841, Inv Area Ratio Contribution: ,0,Inverse Perim ratio: ,1.06695, Inv Perim Contribution: ,0, Final Score: ,-161.527
Point: ,75,253,Repeat score:,1, Repeat contribution: ,-1,Dist:,35.3842, Dist contribution: ,-176.921, New scanned ratio: ,0.00680045, New Scanned Cells Contribution: ,0,Area ratio: ,0.98992, Area ratio Contribution: ,0,Perim diff: ,1.03667, Perim diff Contribution: ,0,Frontier diff: ,0, Frontier diff Contribution ,0,Inverse Area ratio: ,0.729721, Inv Area Ratio Contribution: ,0,Inverse Perim ratio: ,1.06658, Inv Perim Contribution: ,0, Final Score: ,-177.921
Point: ,71,255,Repeat score:,1, Repeat contribution: ,-1,Dist:,39.0866, Dist contribution: ,-195.433, New scanned ratio: ,0.00822495, New Scanned Cells Contribution: ,0,Area ratio: ,0.989298, Area ratio Contribution: ,0,Perim diff: ,1.04351, Perim diff Contribution: ,0,Frontier diff: ,0, Frontier diff Contribution ,0,Inverse Area ratio: ,0.72249, Inv Area Ratio Contribution: ,0,Inverse Perim ratio: ,1.07912, Inv Perim Contribution: ,0, Final Score: ,-196.433
BEST Point:,90,258, Score: ,-101.211
COUNT COMMAND: 1
Total frontiers: ,106, Prioritised frontiers: ,28
At: ,90,257,
Point: ,124,277,Repeat score:,1, Repeat contribution: ,-1,Dist:,42.8019, Dist contribution: ,-214.009, New scanned ratio: ,0.00821752, New Scanned Cells Contribution: ,0,Area ratio: ,0.968486, Area ratio Contribution: ,0,Perim diff: ,1.0482, Perim diff Contribution: ,0,Frontier diff: ,0, Frontier diff Contribution ,0,Inverse Area ratio: ,0.678994, Inv Area Ratio Contribution: ,0,Inverse Perim ratio: ,1.09578, Inv Perim Contribution: ,0, Final Score: ,-215.009
Point: ,121,275,Repeat score:,1, Repeat contribution: ,-1,Dist:,38.8402, Dist contribution: ,-194.201, New scanned ratio: ,0.00723191, New Scanned Cells Contribution: ,0,Area ratio: ,0.970546, Area ratio Contribution: ,0,Perim diff: ,1.04803, Perim diff Contribution: ,0,Frontier diff: ,0, Frontier diff Contribution ,0,Inverse Area ratio: ,0.685912, Inv Area Ratio Contribution: ,0,Inverse Perim ratio: ,1.09417, Inv Perim Contribution: ,0, Final Score: ,-195.201
Point: ,119,275,Repeat score:,1, Repeat contribution: ,-1,Dist:,37.2634, Dist contribution: ,-186.317, New scanned ratio: ,0.00723191, New Scanned Cells Contribution: ,0,Area ratio: ,0.970279, Area ratio Contribution: ,0,Perim diff: ,1.04792, Perim diff Contribution: ,0,Frontier diff: ,0, Frontier diff Contribution ,0,Inverse Area ratio: ,0.685912, Inv Area Ratio Contribution: ,0,Inverse Perim ratio: ,1.09417, Inv Perim Contribution: ,0, Final Score: ,-187.317
Point: ,116,277,Repeat score:,1, Repeat contribution: ,-1,Dist:,36.7696, Dist contribution: ,-183.848, New scanned ratio: ,0.00821752, New Scanned Cells Contribution: ,0,Area ratio: ,0.967414, Area ratio Contribution: ,0,Perim diff: ,1.04786, Perim diff Contribution: ,0,Frontier diff: ,0, Frontier diff Contribution ,0,Inverse Area ratio: ,0.679081, Inv Area Ratio Contribution: ,0,Inverse Perim ratio: ,1.09594, Inv Perim Contribution: ,0, Final Score: ,-184.848
Point: ,111,277,Repeat score:,1, Repeat contribution: ,-1,Dist:,33.4215, Dist contribution: ,-167.108, New scanned ratio: ,0.00821752, New Scanned Cells Contribution: ,0,Area ratio: ,0.966764, Area ratio Contribution: ,0,Perim diff: ,1.04625, Perim diff Contribution: ,0,Frontier diff: ,0, Frontier diff Contribution ,0,Inverse Area ratio: ,0.679081, Inv Area Ratio Contribution: ,0,Inverse Perim ratio: ,1.09377, Inv Perim Contribution: ,0, Final Score: ,-168.108
Point: ,110,278,Repeat score:,1, Repeat contribution: ,-1,Dist:,33.8421, Dist contribution: ,-169.211, New scanned ratio: ,0.00871033, New Scanned Cells Contribution: ,0,Area ratio: ,0.965408, Area ratio Contribution: ,0,Perim diff: ,1.04726, Perim diff Contribution: ,0,Frontier diff: ,0, Frontier diff Contribution ,0,Inverse Area ratio: ,0.675557, Inv Area Ratio Contribution: ,0,Inverse Perim ratio: ,1.09648, Inv Perim Contribution: ,0, Final Score: ,-170.211
Point: ,109,277,Repeat score:,1, Repeat contribution: ,-1,Dist:,32.2025, Dist contribution: ,-161.012, New scanned ratio: ,0.00821752, New Scanned Cells Contribution: ,0,Area ratio: ,0.9665, Area ratio Contribution: ,0,Perim diff: ,1.04611, Perim diff Contribution: ,0,Frontier diff: ,0, Frontier diff Contribution ,0,Inverse Area ratio: ,0.679081, Inv Area Ratio Contribution: ,0,Inverse Perim ratio: ,1.09377, Inv Perim Contribution: ,0, Final Score: ,-162.012
Point: ,104,277,Repeat score:,1, Repeat contribution: ,-1,Dist:,29.5296, Dist contribution: ,-147.648, New scanned ratio: ,0.00821752, New Scanned Cells Contribution: ,0,Area ratio: ,0.965827, Area ratio Contribution: ,0,Perim diff: ,1.04703, Perim diff Contribution: ,0,Frontier diff: ,0, Frontier diff Contribution ,0,Inverse Area ratio: ,0.679168, Inv Area Ratio Contribution: ,0,Inverse Perim ratio: ,1.09601, Inv Perim Contribution: ,0, Final Score: ,-148.648
Point: ,101,275,Repeat score:,1, Repeat contribution: ,-1,Dist:,25.8565, Dist contribution: ,-129.283, New scanned ratio: ,0.00723191, New Scanned Cells Contribution: ,0,Area ratio: ,0.967849, Area ratio Contribution: ,0,Perim diff: ,1.04693, Perim diff Contribution: ,0,Frontier diff: ,0, Frontier diff Contribution ,0,Inverse Area ratio: ,0.68626, Inv Area Ratio Contribution: ,0,Inverse Perim ratio: ,1.09443, Inv Perim Contribution: ,0, Final Score: ,-130.283
Point: ,99,275,Repeat score:,1, Repeat contribution: ,-1,Dist:,25.0711, Dist contribution: ,-125.355, New scanned ratio: ,0.00723191, New Scanned Cells Contribution: ,0,Area ratio: ,0.967596, Area ratio Contribution: ,0,Perim diff: ,1.04904, Perim diff Contribution: ,0,Frontier diff: ,0, Frontier diff Contribution ,0,Inverse Area ratio: ,0.685955, Inv Area Ratio Contribution: ,0,Inverse Perim ratio: ,1.09851, Inv Perim Contribution: ,0, Final Score: ,-126.355
Point: ,96,277,Repeat score:,1, Repeat contribution: ,-1,Dist:,26.6833, Dist contribution: ,-133.417, New scanned ratio: ,0.00829144, New Scanned Cells Contribution: ,0,Area ratio: ,0.96479, Area ratio Contribution: ,0,Perim diff: ,1.05174, Perim diff Contribution: ,0,Frontier diff: ,0, Frontier diff Contribution ,0,Inverse Area ratio: ,0.678428, Inv Area Ratio Contribution: ,0,Inverse Perim ratio: ,1.10499, Inv Perim Contribution: ,0, Final Score: ,-134.417
Point: ,91,277,Repeat score:,1, Repeat contribution: ,-1,Dist:,26.0192, Dist contribution: ,-130.096, New scanned ratio: ,0.00868569, New Scanned Cells Contribution: ,0,Area ratio: ,0.964362, Area ratio Contribution: ,0,Perim diff: ,1.05485, Perim diff Contribution: ,0,Frontier diff: ,0, Frontier diff Contribution ,0,Inverse Area ratio: ,0.675513, Inv Area Ratio Contribution: ,0,Inverse Perim ratio: ,1.11099, Inv Perim Contribution: ,0, Final Score: ,-131.096
Point: ,90,278,Repeat score:,1, Repeat contribution: ,-1,Dist:,27.3, Dist contribution: ,-136.5, New scanned ratio: ,0.00926473, New Scanned Cells Contribution: ,0,Area ratio: ,0.963022, Area ratio Contribution: ,0,Perim diff: ,1.05644, Perim diff Contribution: ,0,Frontier diff: ,0, Frontier diff Contribution ,0,Inverse Area ratio: ,0.671337, Inv Area Ratio Contribution: ,0,Inverse Perim ratio: ,1.11485, Inv Perim Contribution: ,0, Final Score: ,-137.5
Point: ,89,277,Repeat score:,1, Repeat contribution: ,-1,Dist:,26.0192, Dist contribution: ,-130.096, New scanned ratio: ,0.00893209, New Scanned Cells Contribution: ,0,Area ratio: ,0.964278, Area ratio Contribution: ,0,Perim diff: ,1.05621, Perim diff Contribution: ,0,Frontier diff: ,0, Frontier diff Contribution ,0,Inverse Area ratio: ,0.67373, Inv Area Ratio Contribution: ,0,Inverse Perim ratio: ,1.1137, Inv Perim Contribution: ,0, Final Score: ,-131.096
Point: ,84,277,Repeat score:,1, Repeat contribution: ,-1,Dist:,26.6833, Dist contribution: ,-133.417, New scanned ratio: ,0.00970826, New Scanned Cells Contribution: ,0,Area ratio: ,0.964242, Area ratio Contribution: ,0,Perim diff: ,1.06143, Perim diff Contribution: ,0,Frontier diff: ,0, Frontier diff Contribution ,0,Inverse Area ratio: ,0.667856, Inv Area Ratio Contribution: ,0,Inverse Perim ratio: ,1.12339, Inv Perim Contribution: ,0, Final Score: ,-134.417
Point: ,78,274,Repeat score:,1, Repeat contribution: ,-1,Dist:,25.1478, Dist contribution: ,-125.739, New scanned ratio: ,0.0097945, New Scanned Cells Contribution: ,0,Area ratio: ,0.968564, Area ratio Contribution: ,0,Perim diff: ,1.06712, Perim diff Contribution: ,0,Frontier diff: ,0, Frontier diff Contribution ,0,Inverse Area ratio: ,0.667029, Inv Area Ratio Contribution: ,0,Inverse Perim ratio: ,1.1312, Inv Perim Contribution: ,0, Final Score: ,-126.739
Point: ,73,269,Repeat score:,1, Repeat contribution: ,-1,Dist:,23.0729, Dist contribution: ,-115.365, New scanned ratio: ,0.00928938, New Scanned Cells Contribution: ,0,Area ratio: ,0.976152, Area ratio Contribution: ,0,Perim diff: ,1.05056, Perim diff Contribution: ,0,Frontier diff: ,0, Frontier diff Contribution ,0,Inverse Area ratio: ,0.671627, Inv Area Ratio Contribution: ,0,Inverse Perim ratio: ,1.09969, Inv Perim Contribution: ,0, Final Score: ,-116.365
Point: ,70,263,Repeat score:,1, Repeat contribution: ,-1,Dist:,21.4672, Dist contribution: ,-107.336, New scanned ratio: ,0.007774, New Scanned Cells Contribution: ,0,Area ratio: ,0.984189, Area ratio Contribution: ,0,Perim diff: ,1.04162, Perim diff Contribution: ,0,Frontier diff: ,0, Frontier diff Contribution ,0,Inverse Area ratio: ,0.687035, Inv Area Ratio Contribution: ,0,Inverse Perim ratio: ,1.08066, Inv Perim Contribution: ,0, Final Score: ,-108.336
Point: ,70,258,Repeat score:,1, Repeat contribution: ,-1,Dist:,20.0422, Dist contribution: ,-100.211, New scanned ratio: ,0.0058151, New Scanned Cells Contribution: ,0,Area ratio: ,0.989299, Area ratio Contribution: ,0,Perim diff: ,1.03639, Perim diff Contribution: ,0,Frontier diff: ,0, Frontier diff Contribution ,0,Inverse Area ratio: ,0.701392, Inv Area Ratio Contribution: ,0,Inverse Perim ratio: ,1.06859, Inv Perim Contribution: ,0, Final Score: ,-101.211
Point: ,69,257,Repeat score:,1, Repeat contribution: ,-1,Dist:,21, Dist contribution: ,-105, New scanned ratio: ,0.00570422, New Scanned Cells Contribution: ,0,Area ratio: ,0.990452, Area ratio Contribution: ,0,Perim diff: ,1.03558, Perim diff Contribution: ,0,Frontier diff: ,0, Frontier diff Contribution ,0,Inverse Area ratio: ,0.702224, Inv Area Ratio Contribution: ,0,Inverse Perim ratio: ,1.06677, Inv Perim Contribution: ,0, Final Score: ,-106
Point: ,70,255,Repeat score:,1, Repeat contribution: ,-1,Dist:,20.1683, Dist contribution: ,-100.841, New scanned ratio: ,0.00474325, New Scanned Cells Contribution: ,0,Area ratio: ,0.990807, Area ratio Contribution: ,0,Perim diff: ,1.03444, Perim diff Contribution: ,0,Frontier diff: ,0, Frontier diff Contribution ,0,Inverse Area ratio: ,0.709139, Inv Area Ratio Contribution: ,0,Inverse Perim ratio: ,1.06385, Inv Perim Contribution: ,0, Final Score: ,-101.841
Point: ,66,255,Repeat score:,1, Repeat contribution: ,-1,Dist:,24.1404, Dist contribution: ,-120.702, New scanned ratio: ,0.0056919, New Scanned Cells Contribution: ,0,Area ratio: ,0.991124, Area ratio Contribution: ,0,Perim diff: ,1.03242, Perim diff Contribution: ,0,Frontier diff: ,0, Frontier diff Contribution ,0,Inverse Area ratio: ,0.702486, Inv Area Ratio Contribution: ,0,Inverse Perim ratio: ,1.06088, Inv Perim Contribution: ,0, Final Score: ,-121.702
Point: ,65,256,Repeat score:,1, Repeat contribution: ,-1,Dist:,25.0338, Dist contribution: ,-125.169, New scanned ratio: ,0.00628326, New Scanned Cells Contribution: ,0,Area ratio: ,0.990996, Area ratio Contribution: ,0,Perim diff: ,1.03435, Perim diff Contribution: ,0,Frontier diff: ,0, Frontier diff Contribution ,0,Inverse Area ratio: ,0.697978, Inv Area Ratio Contribution: ,0,Inverse Perim ratio: ,1.06462, Inv Perim Contribution: ,0, Final Score: ,-126.169
Point: ,64,255,Repeat score:,1, Repeat contribution: ,-1,Dist:,26.1297, Dist contribution: ,-130.648, New scanned ratio: ,0.0061231, New Scanned Cells Contribution: ,0,Area ratio: ,0.991268, Area ratio Contribution: ,0,Perim diff: ,1.03427, Perim diff Contribution: ,0,Frontier diff: ,0, Frontier diff Contribution ,0,Inverse Area ratio: ,0.699072, Inv Area Ratio Contribution: ,0,Inverse Perim ratio: ,1.0641, Inv Perim Contribution: ,0, Final Score: ,-131.648
Point: ,59,255,Repeat score:,1, Repeat contribution: ,-1,Dist:,31.1088, Dist contribution: ,-155.544, New scanned ratio: ,0.00715799, New Scanned Cells Contribution: ,0,Area ratio: ,0.991506, Area ratio Contribution: ,0,Perim diff: ,1.03576, Perim diff Contribution: ,0,Frontier diff: ,0, Frontier diff Contribution ,0,Inverse Area ratio: ,0.69107, Inv Area Ratio Contribution: ,0,Inverse Perim ratio: ,1.06723, Inv Perim Contribution: ,0, Final Score: ,-156.544
Point: ,56,253,Repeat score:,1, Repeat contribution: ,-1,Dist:,34.3953, Dist contribution: ,-171.977, New scanned ratio: ,0.00684999, New Scanned Cells Contribution: ,0,Area ratio: ,0.991886, Area ratio Contribution: ,0,Perim diff: ,1.03579, Perim diff Contribution: ,0,Frontier diff: ,0, Frontier diff Contribution ,0,Inverse Area ratio: ,0.693907, Inv Area Ratio Contribution: ,0,Inverse Perim ratio: ,1.07092, Inv Perim Contribution: ,0, Final Score: ,-172.977
Point: ,53,253,Repeat score:,1, Repeat contribution: ,-1,Dist:,37.3636, Dist contribution: ,-186.818, New scanned ratio: ,0.00728119, New Scanned Cells Contribution: ,0,Area ratio: ,0.991822, Area ratio Contribution: ,0,Perim diff: ,1.0372, Perim diff Contribution: ,0,Frontier diff: ,0, Frontier diff Contribution ,0,Inverse Area ratio: ,0.701903, Inv Area Ratio Contribution: ,0,Inverse Perim ratio: ,1.06982, Inv Perim Contribution: ,0, Final Score: ,-187.818
Point: ,52,254,Repeat score:,1, Repeat contribution: ,-1,Dist:,38.1996, Dist contribution: ,-190.998, New scanned ratio: ,0.00786024, New Scanned Cells Contribution: ,0,Area ratio: ,0.991651, Area ratio Contribution: ,0,Perim diff: ,1.03873, Perim diff Contribution: ,0,Frontier diff: ,0, Frontier diff Contribution ,0,Inverse Area ratio: ,0.697545, Inv Area Ratio Contribution: ,0,Inverse Perim ratio: ,1.07264, Inv Perim Contribution: ,0, Final Score: ,-191.998
BEST Point:,70,258, Score: ,-101.211
COUNT COMMAND: 1
Total frontiers: ,107, Prioritised frontiers: ,28
At: ,70,257,
Point: ,104,277,Repeat score:,1, Repeat contribution: ,-1,Dist:,42.8019, Dist contribution: ,-214.009, New scanned ratio: ,0.00817302, New Scanned Cells Contribution: ,0,Area ratio: ,0.97108, Area ratio Contribution: ,0,Perim diff: ,1.04814, Perim diff Contribution: ,0,Frontier diff: ,0, Frontier diff Contribution ,0,Inverse Area ratio: ,0.644402, Inv Area Ratio Contribution: ,0,Inverse Perim ratio: ,1.09782, Inv Perim Contribution: ,0, Final Score: ,-215.009
Point: ,101,275,Repeat score:,1, Repeat contribution: ,-1,Dist:,38.8402, Dist contribution: ,-194.201, New scanned ratio: ,0.00719275, New Scanned Cells Contribution: ,0,Area ratio: ,0.973142, Area ratio Contribution: ,0,Perim diff: ,1.04798, Perim diff Contribution: ,0,Frontier diff: ,0, Frontier diff Contribution ,0,Inverse Area ratio: ,0.651361, Inv Area Ratio Contribution: ,0,Inverse Perim ratio: ,1.09622, Inv Perim Contribution: ,0, Final Score: ,-195.201
Point: ,99,275,Repeat score:,1, Repeat contribution: ,-1,Dist:,37.2634, Dist contribution: ,-186.317, New scanned ratio: ,0.00719275, New Scanned Cells Contribution: ,0,Area ratio: ,0.972876, Area ratio Contribution: ,0,Perim diff: ,1.04783, Perim diff Contribution: ,0,Frontier diff: ,0, Frontier diff Contribution ,0,Inverse Area ratio: ,0.651361, Inv Area Ratio Contribution: ,0,Inverse Perim ratio: ,1.09622, Inv Perim Contribution: ,0, Final Score: ,-187.317
Point: ,96,277,Repeat score:,1, Repeat contribution: ,-1,Dist:,36.7696, Dist contribution: ,-183.848, New scanned ratio: ,0.00817302, New Scanned Cells Contribution: ,0,Area ratio: ,0.970008, Area ratio Contribution: ,0,Perim diff: ,1.04757, Perim diff Contribution: ,0,Frontier diff: ,0, Frontier diff Contribution ,0,Inverse Area ratio: ,0.644489, Inv Area Ratio Contribution: ,0,Inverse Perim ratio: ,1.09799, Inv Perim Contribution: ,0, Final Score: ,-184.848
Point: ,91,277,Repeat score:,1, Repeat contribution: ,-1,Dist:,33.4215, Dist contribution: ,-167.108, New scanned ratio: ,0.00817302, New Scanned Cells Contribution: ,0,Area ratio: ,0.969243, Area ratio Contribution: ,0,Perim diff: ,1.0458, Perim diff Contribution: ,0,Frontier diff: ,0, Frontier diff Contribution ,0,Inverse Area ratio: ,0.644489, Inv Area Ratio Contribution: ,0,Inverse Perim ratio: ,1.09582, Inv Perim Contribution: ,0, Final Score: ,-168.108
Point: ,90,278,Repeat score:,1, Repeat contribution: ,-1,Dist:,33.8421, Dist contribution: ,-169.211, New scanned ratio: ,0.00866315, New Scanned Cells Contribution: ,0,Area ratio: ,0.967817, Area ratio Contribution: ,0,Perim diff: ,1.04672, Perim diff Contribution: ,0,Frontier diff: ,0, Frontier diff Contribution ,0,Inverse Area ratio: ,0.640944, Inv Area Ratio Contribution: ,0,Inverse Perim ratio: ,1.09853, Inv Perim Contribution: ,0, Final Score: ,-170.211
Point: ,89,277,Repeat score:,1, Repeat contribution: ,-1,Dist:,32.2025, Dist contribution: ,-161.012, New scanned ratio: ,0.00817302, New Scanned Cells Contribution: ,0,Area ratio: ,0.968932, Area ratio Contribution: ,0,Perim diff: ,1.04559, Perim diff Contribution: ,0,Frontier diff: ,0, Frontier diff Contribution ,0,Inverse Area ratio: ,0.644489, Inv Area Ratio Contribution: ,0,Inverse Perim ratio: ,1.09582, Inv Perim Contribution: ,0, Final Score: ,-162.012
Point: ,84,277,Repeat score:,1, Repeat contribution: ,-1,Dist:,29.5296, Dist contribution: ,-147.648, New scanned ratio: ,0.00817302, New Scanned Cells Contribution: ,0,Area ratio: ,0.968146, Area ratio Contribution: ,0,Perim diff: ,1.04631, Perim diff Contribution: ,0,Frontier diff: ,0, Frontier diff Contribution ,0,Inverse Area ratio: ,0.644577, Inv Area Ratio Contribution: ,0,Inverse Perim ratio: ,1.09806, Inv Perim Contribution: ,0, Final Score: ,-148.648
Point: ,81,275,Repeat score:,1, Repeat contribution: ,-1,Dist:,25.8565, Dist contribution: ,-129.283, New scanned ratio: ,0.00719275, New Scanned Cells Contribution: ,0,Area ratio: ,0.970192, Area ratio Contribution: ,0,Perim diff: ,1.04622, Perim diff Contribution: ,0,Frontier diff: ,0, Frontier diff Contribution ,0,Inverse Area ratio: ,0.651711, Inv Area Ratio Contribution: ,0,Inverse Perim ratio: ,1.09648, Inv Perim Contribution: ,0, Final Score: ,-130.283
Point: ,79,275,Repeat score:,1, Repeat contribution: ,-1,Dist:,25.0711, Dist contribution: ,-125.355, New scanned ratio: ,0.00719275, New Scanned Cells Contribution: ,0,Area ratio: ,0.969893, Area ratio Contribution: ,0,Perim diff: ,1.04824, Perim diff Contribution: ,0,Frontier diff: ,0, Frontier diff Contribution ,0,Inverse Area ratio: ,0.651405, Inv Area Ratio Contribution: ,0,Inverse Perim ratio: ,1.10056, Inv Perim Contribution: ,0, Final Score: ,-126.355
Point: ,76,277,Repeat score:,1, Repeat contribution: ,-1,Dist:,26.6833, Dist contribution: ,-133.417, New scanned ratio: ,0.00824654, New Scanned Cells Contribution: ,0,Area ratio: ,0.966926, Area ratio Contribution: ,0,Perim diff: ,1.05062, Perim diff Contribution: ,0,Frontier diff: ,0, Frontier diff Contribution ,0,Inverse Area ratio: ,0.643833, Inv Area Ratio Contribution: ,0,Inverse Perim ratio: ,1.10704, Inv Perim Contribution: ,0, Final Score: ,-134.417
Point: ,71,277,Repeat score:,1, Repeat contribution: ,-1,Dist:,26.0192, Dist contribution: ,-130.096, New scanned ratio: ,0.00863865, New Scanned Cells Contribution: ,0,Area ratio: ,0.966497, Area ratio Contribution: ,0,Perim diff: ,1.05343, Perim diff Contribution: ,0,Frontier diff: ,0, Frontier diff Contribution ,0,Inverse Area ratio: ,0.6409, Inv Area Ratio Contribution: ,0,Inverse Perim ratio: ,1.11304, Inv Perim Contribution: ,0, Final Score: ,-131.096
Point: ,70,278,Repeat score:,1, Repeat contribution: ,-1,Dist:,27.3, Dist contribution: ,-136.5, New scanned ratio: ,0.00921456, New Scanned Cells Contribution: ,0,Area ratio: ,0.965158, Area ratio Contribution: ,0,Perim diff: ,1.05486, Perim diff Contribution: ,0,Frontier diff: ,0, Frontier diff Contribution ,0,Inverse Area ratio: ,0.636698, Inv Area Ratio Contribution: ,0,Inverse Perim ratio: ,1.1169, Inv Perim Contribution: ,0, Final Score: ,-137.5
Point: ,69,277,Repeat score:,1, Repeat contribution: ,-1,Dist:,26.0192, Dist contribution: ,-130.096, New scanned ratio: ,0.00888372, New Scanned Cells Contribution: ,0,Area ratio: ,0.966414, Area ratio Contribution: ,0,Perim diff: ,1.05465, Perim diff Contribution: ,0,Frontier diff: ,0, Frontier diff Contribution ,0,Inverse Area ratio: ,0.639105, Inv Area Ratio Contribution: ,0,Inverse Perim ratio: ,1.11575, Inv Perim Contribution: ,0, Final Score: ,-131.096
Point: ,64,277,Repeat score:,1, Repeat contribution: ,-1,Dist:,26.6833, Dist contribution: ,-133.417, New scanned ratio: ,0.00965568, New Scanned Cells Contribution: ,0,Area ratio: ,0.966375, Area ratio Contribution: ,0,Perim diff: ,1.05948, Perim diff Contribution: ,0,Frontier diff: ,0, Frontier diff Contribution ,0,Inverse Area ratio: ,0.633196, Inv Area Ratio Contribution: ,0,Inverse Perim ratio: ,1.12544, Inv Perim Contribution: ,0, Final Score: ,-134.417
Point: ,58,274,Repeat score:,1, Repeat contribution: ,-1,Dist:,25.1478, Dist contribution: ,-125.739, New scanned ratio: ,0.00974145, New Scanned Cells Contribution: ,0,Area ratio: ,0.970705, Area ratio Contribution: ,0,Perim diff: ,1.06467, Perim diff Contribution: ,0,Frontier diff: ,0, Frontier diff Contribution ,0,Inverse Area ratio: ,0.632365, Inv Area Ratio Contribution: ,0,Inverse Perim ratio: ,1.13288, Inv Perim Contribution: ,0, Final Score: ,-126.739
Point: ,53,269,Repeat score:,1, Repeat contribution: ,-1,Dist:,23.0729, Dist contribution: ,-115.365, New scanned ratio: ,0.00937385, New Scanned Cells Contribution: ,0,Area ratio: ,0.9784, Area ratio Contribution: ,0,Perim diff: ,1.04977, Perim diff Contribution: ,0,Frontier diff: ,0, Frontier diff Contribution ,0,Inverse Area ratio: ,0.63591, Inv Area Ratio Contribution: ,0,Inverse Perim ratio: ,1.10403, Inv Perim Contribution: ,0, Final Score: ,-116.365
Point: ,50,263,Repeat score:,1, Repeat contribution: ,-1,Dist:,21.4672, Dist contribution: ,-107.336, New scanned ratio: ,0.00792795, New Scanned Cells Contribution: ,0,Area ratio: ,0.986189, Area ratio Contribution: ,0,Perim diff: ,1.03918, Perim diff Contribution: ,0,Frontier diff: ,0, Frontier diff Contribution ,0,Inverse Area ratio: ,0.657387, Inv Area Ratio Contribution: ,0,Inverse Perim ratio: ,1.08094, Inv Perim Contribution: ,0, Final Score: ,-108.336
Point: ,50,258,Repeat score:,1, Repeat contribution: ,-1,Dist:,20.0422, Dist contribution: ,-100.211, New scanned ratio: ,0.00597966, New Scanned Cells Contribution: ,0,Area ratio: ,0.991536, Area ratio Contribution: ,0,Perim diff: ,1.03463, Perim diff Contribution: ,0,Frontier diff: ,0, Frontier diff Contribution ,0,Inverse Area ratio: ,0.671974, Inv Area Ratio Contribution: ,0,Inverse Perim ratio: ,1.06887, Inv Perim Contribution: ,0, Final Score: ,-101.211
Point: ,49,257,Repeat score:,1, Repeat contribution: ,-1,Dist:,21, Dist contribution: ,-105, New scanned ratio: ,0.00586938, New Scanned Cells Contribution: ,0,Area ratio: ,0.992718, Area ratio Contribution: ,0,Perim diff: ,1.03373, Perim diff Contribution: ,0,Frontier diff: ,0, Frontier diff Contribution ,0,Inverse Area ratio: ,0.672774, Inv Area Ratio Contribution: ,0,Inverse Perim ratio: ,1.06678, Inv Perim Contribution: ,0, Final Score: ,-106
Point: ,50,256,Repeat score:,1, Repeat contribution: ,-1,Dist:,20.0422, Dist contribution: ,-100.211, New scanned ratio: ,0.00525671, New Scanned Cells Contribution: ,0,Area ratio: ,0.992793, Area ratio Contribution: ,0,Perim diff: ,1.0336, Perim diff Contribution: ,0,Frontier diff: ,0, Frontier diff Contribution ,0,Inverse Area ratio: ,0.677266, Inv Area Ratio Contribution: ,0,Inverse Perim ratio: ,1.06563, Inv Perim Contribution: ,0, Final Score: ,-101.211
Point: ,50,254,Repeat score:,1, Repeat contribution: ,-1,Dist:,20.3767, Dist contribution: ,-101.884, New scanned ratio: ,0.00458277, New Scanned Cells Contribution: ,0,Area ratio: ,0.993133, Area ratio Contribution: ,0,Perim diff: ,1.03127, Perim diff Contribution: ,0,Frontier diff: ,0, Frontier diff Contribution ,0,Inverse Area ratio: ,0.682291, Inv Area Ratio Contribution: ,0,Inverse Perim ratio: ,1.06061, Inv Perim Contribution: ,0, Final Score: ,-102.884
Point: ,47,254,Repeat score:,1, Repeat contribution: ,-1,Dist:,23.3283, Dist contribution: ,-116.642, New scanned ratio: ,0.00525671, New Scanned Cells Contribution: ,0,Area ratio: ,0.993271, Area ratio Contribution: ,0,Perim diff: ,1.031, Perim diff Contribution: ,0,Frontier diff: ,0, Frontier diff Contribution ,0,Inverse Area ratio: ,0.67731, Inv Area Ratio Contribution: ,0,Inverse Perim ratio: ,1.06064, Inv Perim Contribution: ,0, Final Score: ,-117.642
Point: ,46,255,Repeat score:,1, Repeat contribution: ,-1,Dist:,24.1404, Dist contribution: ,-120.702, New scanned ratio: ,0.00584487, New Scanned Cells Contribution: ,0,Area ratio: ,0.993148, Area ratio Contribution: ,0,Perim diff: ,1.03226, Perim diff Contribution: ,0,Frontier diff: ,0, Frontier diff Contribution ,0,Inverse Area ratio: ,0.673085, Inv Area Ratio Contribution: ,0,Inverse Perim ratio: ,1.06352, Inv Perim Contribution: ,0, Final Score: ,-121.702
Point: ,45,254,Repeat score:,1, Repeat contribution: ,-1,Dist:,25.3024, Dist contribution: ,-126.512, New scanned ratio: ,0.00569783, New Scanned Cells Contribution: ,0,Area ratio: ,0.993346, Area ratio Contribution: ,0,Perim diff: ,1.03079, Perim diff Contribution: ,0,Frontier diff: ,0, Frontier diff Contribution ,0,Inverse Area ratio: ,0.674108, Inv Area Ratio Contribution: ,0,Inverse Perim ratio: ,1.06064, Inv Perim Contribution: ,0, Final Score: ,-127.512
Point: ,40,254,Repeat score:,1, Repeat contribution: ,-1,Dist:,30.2524, Dist contribution: ,-151.262, New scanned ratio: ,0.00671486, New Scanned Cells Contribution: ,0,Area ratio: ,0.993462, Area ratio Contribution: ,0,Perim diff: ,1.03293, Perim diff Contribution: ,0,Frontier diff: ,0, Frontier diff Contribution ,0,Inverse Area ratio: ,0.666504, Inv Area Ratio Contribution: ,0,Inverse Perim ratio: ,1.06541, Inv Perim Contribution: ,0, Final Score: ,-152.262
Point: ,36,252,Repeat score:,1, Repeat contribution: ,-1,Dist:,34.6157, Dist contribution: ,-173.079, New scanned ratio: ,0.00660458, New Scanned Cells Contribution: ,0,Area ratio: ,0.993625, Area ratio Contribution: ,0,Perim diff: ,1.0339, Perim diff Contribution: ,0,Frontier diff: ,0, Frontier diff Contribution ,0,Inverse Area ratio: ,0.669089, Inv Area Ratio Contribution: ,0,Inverse Perim ratio: ,1.06681, Inv Perim Contribution: ,0, Final Score: ,-174.079
Point: ,33,254,Repeat score:,1, Repeat contribution: ,-1,Dist:,37.205, Dist contribution: ,-186.025, New scanned ratio: ,0.0079402, New Scanned Cells Contribution: ,0,Area ratio: ,0.993385, Area ratio Contribution: ,0,Perim diff: ,1.03699, Perim diff Contribution: ,0,Frontier diff: ,0, Frontier diff Contribution ,0,Inverse Area ratio: ,0.668083, Inv Area Ratio Contribution: ,0,Inverse Perim ratio: ,1.07473, Inv Perim Contribution: ,0, Final Score: ,-187.025
BEST Point:,50,258, Score: ,-101.211
COUNT COMMAND: 1
Total frontiers: ,108, Prioritised frontiers: ,29
At: ,50,257,
Point: ,84,277,Repeat score:,1, Repeat contribution: ,-1,Dist:,42.8019, Dist contribution: ,-214.009, New scanned ratio: ,0.00812741, New Scanned Cells Contribution: ,0,Area ratio: ,0.973572, Area ratio Contribution: ,0,Perim diff: ,1.04633, Perim diff Contribution: ,0,Frontier diff: ,0, Frontier diff Contribution ,0,Inverse Area ratio: ,0.614071, Inv Area Ratio Contribution: ,0,Inverse Perim ratio: ,1.0981, Inv Perim Contribution: ,0, Final Score: ,-215.009
Point: ,81,275,Repeat score:,1, Repeat contribution: ,-1,Dist:,38.8402, Dist contribution: ,-194.201, New scanned ratio: ,0.00715261, New Scanned Cells Contribution: ,0,Area ratio: ,0.975659, Area ratio Contribution: ,0,Perim diff: ,1.04618, Perim diff Contribution: ,0,Frontier diff: ,0, Frontier diff Contribution ,0,Inverse Area ratio: ,0.621142, Inv Area Ratio Contribution: ,0,Inverse Perim ratio: ,1.0965, Inv Perim Contribution: ,0, Final Score: ,-195.201
Point: ,79,275,Repeat score:,1, Repeat contribution: ,-1,Dist:,37.2634, Dist contribution: ,-186.317, New scanned ratio: ,0.00715261, New Scanned Cells Contribution: ,0,Area ratio: ,0.975346, Area ratio Contribution: ,0,Perim diff: ,1.04594, Perim diff Contribution: ,0,Frontier diff: ,0, Frontier diff Contribution ,0,Inverse Area ratio: ,0.621142, Inv Area Ratio Contribution: ,0,Inverse Perim ratio: ,1.0965, Inv Perim Contribution: ,0, Final Score: ,-187.317
Point: ,76,277,Repeat score:,1, Repeat contribution: ,-1,Dist:,36.7696, Dist contribution: ,-183.848, New scanned ratio: ,0.00812741, New Scanned Cells Contribution: ,0,Area ratio: ,0.972316, Area ratio Contribution: ,0,Perim diff: ,1.04537, Perim diff Contribution: ,0,Frontier diff: ,0, Frontier diff Contribution ,0,Inverse Area ratio: ,0.61416, Inv Area Ratio Contribution: ,0,Inverse Perim ratio: ,1.09827, Inv Perim Contribution: ,0, Final Score: ,-184.848
Point: ,71,277,Repeat score:,1, Repeat contribution: ,-1,Dist:,33.4215, Dist contribution: ,-167.108, New scanned ratio: ,0.00812741, New Scanned Cells Contribution: ,0,Area ratio: ,0.971552, Area ratio Contribution: ,0,Perim diff: ,1.04331, Perim diff Contribution: ,0,Frontier diff: ,0, Frontier diff Contribution ,0,Inverse Area ratio: ,0.61416, Inv Area Ratio Contribution: ,0,Inverse Perim ratio: ,1.0961, Inv Perim Contribution: ,0, Final Score: ,-168.108
Point: ,70,278,Repeat score:,1, Repeat contribution: ,-1,Dist:,33.8421, Dist contribution: ,-169.211, New scanned ratio: ,0.00861481, New Scanned Cells Contribution: ,0,Area ratio: ,0.970126, Area ratio Contribution: ,0,Perim diff: ,1.04407, Perim diff Contribution: ,0,Frontier diff: ,0, Frontier diff Contribution ,0,Inverse Area ratio: ,0.610558, Inv Area Ratio Contribution: ,0,Inverse Perim ratio: ,1.09881, Inv Perim Contribution: ,0, Final Score: ,-170.211
Point: ,69,277,Repeat score:,1, Repeat contribution: ,-1,Dist:,32.2025, Dist contribution: ,-161.012, New scanned ratio: ,0.00812741, New Scanned Cells Contribution: ,0,Area ratio: ,0.971242, Area ratio Contribution: ,0,Perim diff: ,1.04297, Perim diff Contribution: ,0,Frontier diff: ,0, Frontier diff Contribution ,0,Inverse Area ratio: ,0.61416, Inv Area Ratio Contribution: ,0,Inverse Perim ratio: ,1.0961, Inv Perim Contribution: ,0, Final Score: ,-162.012
Point: ,64,277,Repeat score:,1, Repeat contribution: ,-1,Dist:,29.5296, Dist contribution: ,-147.648, New scanned ratio: ,0.00812741, New Scanned Cells Contribution: ,0,Area ratio: ,0.970456, Area ratio Contribution: ,0,Perim diff: ,1.04333, Perim diff Contribution: ,0,Frontier diff: ,0, Frontier diff Contribution ,0,Inverse Area ratio: ,0.614249, Inv Area Ratio Contribution: ,0,Inverse Perim ratio: ,1.09834, Inv Perim Contribution: ,0, Final Score: ,-148.648
Point: ,61,275,Repeat score:,1, Repeat contribution: ,-1,Dist:,25.8565, Dist contribution: ,-129.283, New scanned ratio: ,0.00715261, New Scanned Cells Contribution: ,0,Area ratio: ,0.972503, Area ratio Contribution: ,0,Perim diff: ,1.0432, Perim diff Contribution: ,0,Frontier diff: ,0, Frontier diff Contribution ,0,Inverse Area ratio: ,0.621498, Inv Area Ratio Contribution: ,0,Inverse Perim ratio: ,1.09676, Inv Perim Contribution: ,0, Final Score: ,-130.283
Point: ,59,275,Repeat score:,1, Repeat contribution: ,-1,Dist:,25.0711, Dist contribution: ,-125.355, New scanned ratio: ,0.00715261, New Scanned Cells Contribution: ,0,Area ratio: ,0.972204, Area ratio Contribution: ,0,Perim diff: ,1.04504, Perim diff Contribution: ,0,Frontier diff: ,0, Frontier diff Contribution ,0,Inverse Area ratio: ,0.621187, Inv Area Ratio Contribution: ,0,Inverse Perim ratio: ,1.10084, Inv Perim Contribution: ,0, Final Score: ,-126.355
Point: ,56,277,Repeat score:,1, Repeat contribution: ,-1,Dist:,26.6833, Dist contribution: ,-133.417, New scanned ratio: ,0.00820052, New Scanned Cells Contribution: ,0,Area ratio: ,0.969237, Area ratio Contribution: ,0,Perim diff: ,1.04689, Perim diff Contribution: ,0,Frontier diff: ,0, Frontier diff Contribution ,0,Inverse Area ratio: ,0.613493, Inv Area Ratio Contribution: ,0,Inverse Perim ratio: ,1.10732, Inv Perim Contribution: ,0, Final Score: ,-134.417
Point: ,51,277,Repeat score:,1, Repeat contribution: ,-1,Dist:,26.0192, Dist contribution: ,-130.096, New scanned ratio: ,0.00859044, New Scanned Cells Contribution: ,0,Area ratio: ,0.96874, Area ratio Contribution: ,0,Perim diff: ,1.04912, Perim diff Contribution: ,0,Frontier diff: ,0, Frontier diff Contribution ,0,Inverse Area ratio: ,0.610513, Inv Area Ratio Contribution: ,0,Inverse Perim ratio: ,1.11332, Inv Perim Contribution: ,0, Final Score: ,-131.096
Point: ,50,278,Repeat score:,1, Repeat contribution: ,-1,Dist:,27.3, Dist contribution: ,-136.5, New scanned ratio: ,0.00916313, New Scanned Cells Contribution: ,0,Area ratio: ,0.967355, Area ratio Contribution: ,0,Perim diff: ,1.05028, Perim diff Contribution: ,0,Frontier diff: ,0, Frontier diff Contribution ,0,Inverse Area ratio: ,0.606244, Inv Area Ratio Contribution: ,0,Inverse Perim ratio: ,1.11718, Inv Perim Contribution: ,0, Final Score: ,-137.5
Point: ,49,277,Repeat score:,1, Repeat contribution: ,-1,Dist:,26.0192, Dist contribution: ,-130.096, New scanned ratio: ,0.00883414, New Scanned Cells Contribution: ,0,Area ratio: ,0.96861, Area ratio Contribution: ,0,Perim diff: ,1.05007, Perim diff Contribution: ,0,Frontier diff: ,0, Frontier diff Contribution ,0,Inverse Area ratio: ,0.60869, Inv Area Ratio Contribution: ,0,Inverse Perim ratio: ,1.11602, Inv Perim Contribution: ,0, Final Score: ,-131.096
Point: ,44,277,Repeat score:,1, Repeat contribution: ,-1,Dist:,26.6833, Dist contribution: ,-133.417, New scanned ratio: ,0.00960179, New Scanned Cells Contribution: ,0,Area ratio: ,0.968456, Area ratio Contribution: ,0,Perim diff: ,1.05411, Perim diff Contribution: ,0,Frontier diff: ,0, Frontier diff Contribution ,0,Inverse Area ratio: ,0.602686, Inv Area Ratio Contribution: ,0,Inverse Perim ratio: ,1.12572, Inv Perim Contribution: ,0, Final Score: ,-134.417
Point: ,38,274,Repeat score:,1, Repeat contribution: ,-1,Dist:,25.1478, Dist contribution: ,-125.739, New scanned ratio: ,0.00968709, New Scanned Cells Contribution: ,0,Area ratio: ,0.972705, Area ratio Contribution: ,0,Perim diff: ,1.05878, Perim diff Contribution: ,0,Frontier diff: ,0, Frontier diff Contribution ,0,Inverse Area ratio: ,0.601841, Inv Area Ratio Contribution: ,0,Inverse Perim ratio: ,1.13316, Inv Perim Contribution: ,0, Final Score: ,-126.739
Point: ,33,269,Repeat score:,1, Repeat contribution: ,-1,Dist:,23.0729, Dist contribution: ,-115.365, New scanned ratio: ,0.00932154, New Scanned Cells Contribution: ,0,Area ratio: ,0.980395, Area ratio Contribution: ,0,Perim diff: ,1.0449, Perim diff Contribution: ,0,Frontier diff: ,0, Frontier diff Contribution ,0,Inverse Area ratio: ,0.605354, Inv Area Ratio Contribution: ,0,Inverse Perim ratio: ,1.10632, Inv Perim Contribution: ,0, Final Score: ,-116.365
Point: ,30,263,Repeat score:,1, Repeat contribution: ,-1,Dist:,21.4672, Dist contribution: ,-107.336, New scanned ratio: ,0.00793245, New Scanned Cells Contribution: ,0,Area ratio: ,0.987956, Area ratio Contribution: ,0,Perim diff: ,1.03441, Perim diff Contribution: ,0,Frontier diff: ,0, Frontier diff Contribution ,0,Inverse Area ratio: ,0.626186, Inv Area Ratio Contribution: ,0,Inverse Perim ratio: ,1.08258, Inv Perim Contribution: ,0, Final Score: ,-108.336
Point: ,30,258,Repeat score:,1, Repeat contribution: ,-1,Dist:,20.0422, Dist contribution: ,-100.211, New scanned ratio: ,0.0060194, New Scanned Cells Contribution: ,0,Area ratio: ,0.993433, Area ratio Contribution: ,0,Perim diff: ,1.03111, Perim diff Contribution: ,0,Frontier diff: ,0, Frontier diff Contribution ,0,Inverse Area ratio: ,0.640875, Inv Area Ratio Contribution: ,0,Inverse Perim ratio: ,1.07044, Inv Perim Contribution: ,0, Final Score: ,-101.211
Point: ,29,257,Repeat score:,1, Repeat contribution: ,-1,Dist:,21, Dist contribution: ,-105, New scanned ratio: ,0.00592192, New Scanned Cells Contribution: ,0,Area ratio: ,0.994614, Area ratio Contribution: ,0,Perim diff: ,1.03055, Perim diff Contribution: ,0,Frontier diff: ,0, Frontier diff Contribution ,0,Inverse Area ratio: ,0.641689, Inv Area Ratio Contribution: ,0,Inverse Perim ratio: ,1.06888, Inv Perim Contribution: ,0, Final Score: ,-106
Point: ,30,256,Repeat score:,1, Repeat contribution: ,-1,Dist:,20.0422, Dist contribution: ,-100.211, New scanned ratio: ,0.00530048, New Scanned Cells Contribution: ,0,Area ratio: ,0.994611, Area ratio Contribution: ,0,Perim diff: ,1.03076, Perim diff Contribution: ,0,Frontier diff: ,0, Frontier diff Contribution ,0,Inverse Area ratio: ,0.646298, Inv Area Ratio Contribution: ,0,Inverse Perim ratio: ,1.06747, Inv Perim Contribution: ,0, Final Score: ,-101.211
Point: ,30,254,Repeat score:,1, Repeat contribution: ,-1,Dist:,20.3767, Dist contribution: ,-101.884, New scanned ratio: ,0.00463031, New Scanned Cells Contribution: ,0,Area ratio: ,0.994752, Area ratio Contribution: ,0,Perim diff: ,1.03021, Perim diff Contribution: ,0,Frontier diff: ,0, Frontier diff Contribution ,0,Inverse Area ratio: ,0.65136, Inv Area Ratio Contribution: ,0,Inverse Perim ratio: ,1.06455, Inv Perim Contribution: ,0, Final Score: ,-102.884
Point: ,28,254,Repeat score:,1, Repeat contribution: ,-1,Dist:,22.343, Dist contribution: ,-111.715, New scanned ratio: ,0.00511771, New Scanned Cells Contribution: ,0,Area ratio: ,0.994827, Area ratio Contribution: ,0,Perim diff: ,1.02758, Perim diff Contribution: ,0,Frontier diff: ,0, Frontier diff Contribution ,0,Inverse Area ratio: ,0.64788, Inv Area Ratio Contribution: ,0,Inverse Perim ratio: ,1.06122, Inv Perim Contribution: ,0, Final Score: ,-112.715
Point: ,27,255,Repeat score:,1, Repeat contribution: ,-1,Dist:,23.1465, Dist contribution: ,-115.732, New scanned ratio: ,0.0056904, New Scanned Cells Contribution: ,0,Area ratio: ,0.9948, Area ratio Contribution: ,0,Perim diff: ,1.02881, Perim diff Contribution: ,0,Frontier diff: ,0, Frontier diff Contribution ,0,Inverse Area ratio: ,0.643361, Inv Area Ratio Contribution: ,0,Inverse Perim ratio: ,1.0649, Inv Perim Contribution: ,0, Final Score: ,-116.732
Point: ,26,254,Repeat score:,1, Repeat contribution: ,-1,Dist:,24.3148, Dist contribution: ,-121.574, New scanned ratio: ,0.00556855, New Scanned Cells Contribution: ,0,Area ratio: ,0.99489, Area ratio Contribution: ,0,Perim diff: ,1.02877, Perim diff Contribution: ,0,Frontier diff: ,0, Frontier diff Contribution ,0,Inverse Area ratio: ,0.644219, Inv Area Ratio Contribution: ,0,Inverse Perim ratio: ,1.06438, Inv Perim Contribution: ,0, Final Score: ,-122.574
Point: ,21,254,Repeat score:,1, Repeat contribution: ,-1,Dist:,29.2611, Dist contribution: ,-146.305, New scanned ratio: ,0.0066652, New Scanned Cells Contribution: ,0,Area ratio: ,0.994853, Area ratio Contribution: ,0,Perim diff: ,1.02778, Perim diff Contribution: ,0,Frontier diff: ,0, Frontier diff Contribution ,0,Inverse Area ratio: ,0.635555, Inv Area Ratio Contribution: ,0,Inverse Perim ratio: ,1.06735, Inv Perim Contribution: ,0, Final Score: ,-147.305
Point: ,18,252,Repeat score:,1, Repeat contribution: ,-1,Dist:,32.6535, Dist contribution: ,-163.267, New scanned ratio: ,0.00636058, New Scanned Cells Contribution: ,0,Area ratio: ,0.994695, Area ratio Contribution: ,0,Perim diff: ,1.02788, Perim diff Contribution: ,0,Frontier diff: ,0, Frontier diff Contribution ,0,Inverse Area ratio: ,0.727656, Inv Area Ratio Contribution: ,0,Inverse Perim ratio: ,1.05685, Inv Perim Contribution: ,0, Final Score: ,-164.267
Point: ,15,252,Repeat score:,1, Repeat contribution: ,-1,Dist:,35.5985, Dist contribution: ,-177.992, New scanned ratio: ,0.00645806, New Scanned Cells Contribution: ,0,Area ratio: ,0.994345, Area ratio Contribution: ,0,Perim diff: ,1.02984, Perim diff Contribution: ,0,Frontier diff: ,0, Frontier diff Contribution ,0,Inverse Area ratio: ,0.766947, Inv Area Ratio Contribution: ,0,Inverse Perim ratio: ,1.05603, Inv Perim Contribution: ,0, Final Score: ,-178.992
Point: ,14,253,Repeat score:,1, Repeat contribution: ,-1,Dist:,36.3736, Dist contribution: ,-181.868, New scanned ratio: ,0.00681142, New Scanned Cells Contribution: ,0,Area ratio: ,0.994203, Area ratio Contribution: ,0,Perim diff: ,1.03164, Perim diff Contribution: ,0,Frontier diff: ,0, Frontier diff Contribution ,0,Inverse Area ratio: ,0.754206, Inv Area Ratio Contribution: ,0,Inverse Perim ratio: ,1.05868, Inv Perim Contribution: ,0, Final Score: ,-182.868
BEST Point:,30,258, Score: ,-101.211
COUNT COMMAND: 1
Total frontiers: ,107, Prioritised frontiers: ,26
At: ,30,257,
Point: ,0,252,Repeat score:,1, Repeat contribution: ,-1,Dist:,30.6961, Dist contribution: ,-153.48, New scanned ratio: ,0.0025687, New Scanned Cells Contribution: ,0,Area ratio: ,0.994578, Area ratio Contribution: ,0,Perim diff: ,1.02848, Perim diff Contribution: ,0,Frontier diff: ,0, Frontier diff Contribution ,0,Inverse Area ratio: ,0.799158, Inv Area Ratio Contribution: ,0,Inverse Perim ratio: ,1.05028, Inv Perim Contribution: ,0, Final Score: ,-154.48
Point: ,64,277,Repeat score:,1, Repeat contribution: ,-1,Dist:,42.8019, Dist contribution: ,-214.009, New scanned ratio: ,0.00808171, New Scanned Cells Contribution: ,0,Area ratio: ,0.973625, Area ratio Contribution: ,0,Perim diff: ,1.04314, Perim diff Contribution: ,0,Frontier diff: ,0, Frontier diff Contribution ,0,Inverse Area ratio: ,0.58203, Inv Area Ratio Contribution: ,0,Inverse Perim ratio: ,1.09968, Inv Perim Contribution: ,0, Final Score: ,-215.009
Point: ,61,275,Repeat score:,1, Repeat contribution: ,-1,Dist:,38.8402, Dist contribution: ,-194.201, New scanned ratio: ,0.00711239, New Scanned Cells Contribution: ,0,Area ratio: ,0.975873, Area ratio Contribution: ,0,Perim diff: ,1.04297, Perim diff Contribution: ,0,Frontier diff: ,0, Frontier diff Contribution ,0,Inverse Area ratio: ,0.589216, Inv Area Ratio Contribution: ,0,Inverse Perim ratio: ,1.09808, Inv Perim Contribution: ,0, Final Score: ,-195.201
Point: ,59,275,Repeat score:,1, Repeat contribution: ,-1,Dist:,37.2634, Dist contribution: ,-186.317, New scanned ratio: ,0.00711239, New Scanned Cells Contribution: ,0,Area ratio: ,0.975816, Area ratio Contribution: ,0,Perim diff: ,1.04272, Perim diff Contribution: ,0,Frontier diff: ,0, Frontier diff Contribution ,0,Inverse Area ratio: ,0.589216, Inv Area Ratio Contribution: ,0,Inverse Perim ratio: ,1.09808, Inv Perim Contribution: ,0, Final Score: ,-187.317
Point: ,56,277,Repeat score:,1, Repeat contribution: ,-1,Dist:,36.7696, Dist contribution: ,-183.848, New scanned ratio: ,0.00808171, New Scanned Cells Contribution: ,0,Area ratio: ,0.973384, Area ratio Contribution: ,0,Perim diff: ,1.04204, Perim diff Contribution: ,0,Frontier diff: ,0, Frontier diff Contribution ,0,Inverse Area ratio: ,0.582121, Inv Area Ratio Contribution: ,0,Inverse Perim ratio: ,1.09985, Inv Perim Contribution: ,0, Final Score: ,-184.848
Point: ,51,277,Repeat score:,1, Repeat contribution: ,-1,Dist:,33.4215, Dist contribution: ,-167.108, New scanned ratio: ,0.00808171, New Scanned Cells Contribution: ,0,Area ratio: ,0.973252, Area ratio Contribution: ,0,Perim diff: ,1.03969, Perim diff Contribution: ,0,Frontier diff: ,0, Frontier diff Contribution ,0,Inverse Area ratio: ,0.582121, Inv Area Ratio Contribution: ,0,Inverse Perim ratio: ,1.09768, Inv Perim Contribution: ,0, Final Score: ,-168.108
Point: ,50,278,Repeat score:,1, Repeat contribution: ,-1,Dist:,33.8421, Dist contribution: ,-169.211, New scanned ratio: ,0.00856637, New Scanned Cells Contribution: ,0,Area ratio: ,0.972012, Area ratio Contribution: ,0,Perim diff: ,1.04025, Perim diff Contribution: ,0,Frontier diff: ,0, Frontier diff Contribution ,0,Inverse Area ratio: ,0.57846, Inv Area Ratio Contribution: ,0,Inverse Perim ratio: ,1.10039, Inv Perim Contribution: ,0, Final Score: ,-170.211
Point: ,49,277,Repeat score:,1, Repeat contribution: ,-1,Dist:,32.2025, Dist contribution: ,-161.012, New scanned ratio: ,0.00808171, New Scanned Cells Contribution: ,0,Area ratio: ,0.973149, Area ratio Contribution: ,0,Perim diff: ,1.03916, Perim diff Contribution: ,0,Frontier diff: ,0, Frontier diff Contribution ,0,Inverse Area ratio: ,0.582121, Inv Area Ratio Contribution: ,0,Inverse Perim ratio: ,1.09768, Inv Perim Contribution: ,0, Final Score: ,-162.012
Point: ,44,277,Repeat score:,1, Repeat contribution: ,-1,Dist:,29.5296, Dist contribution: ,-147.648, New scanned ratio: ,0.00808171, New Scanned Cells Contribution: ,0,Area ratio: ,0.972605, Area ratio Contribution: ,0,Perim diff: ,1.03881, Perim diff Contribution: ,0,Frontier diff: ,0, Frontier diff Contribution ,0,Inverse Area ratio: ,0.582211, Inv Area Ratio Contribution: ,0,Inverse Perim ratio: ,1.09992, Inv Perim Contribution: ,0, Final Score: ,-148.648
Point: ,41,275,Repeat score:,1, Repeat contribution: ,-1,Dist:,25.8565, Dist contribution: ,-129.283, New scanned ratio: ,0.00711239, New Scanned Cells Contribution: ,0,Area ratio: ,0.974628, Area ratio Contribution: ,0,Perim diff: ,1.03847, Perim diff Contribution: ,0,Frontier diff: ,0, Frontier diff Contribution ,0,Inverse Area ratio: ,0.589578, Inv Area Ratio Contribution: ,0,Inverse Perim ratio: ,1.09834, Inv Perim Contribution: ,0, Final Score: ,-130.283
Point: ,39,275,Repeat score:,1, Repeat contribution: ,-1,Dist:,25.0711, Dist contribution: ,-125.355, New scanned ratio: ,0.00711239, New Scanned Cells Contribution: ,0,Area ratio: ,0.974283, Area ratio Contribution: ,0,Perim diff: ,1.03991, Perim diff Contribution: ,0,Frontier diff: ,0, Frontier diff Contribution ,0,Inverse Area ratio: ,0.589262, Inv Area Ratio Contribution: ,0,Inverse Perim ratio: ,1.10241, Inv Perim Contribution: ,0, Final Score: ,-126.355
Point: ,36,277,Repeat score:,1, Repeat contribution: ,-1,Dist:,26.6833, Dist contribution: ,-133.417, New scanned ratio: ,0.00815441, New Scanned Cells Contribution: ,0,Area ratio: ,0.971205, Area ratio Contribution: ,0,Perim diff: ,1.04076, Perim diff Contribution: ,0,Frontier diff: ,0, Frontier diff Contribution ,0,Inverse Area ratio: ,0.581443, Inv Area Ratio Contribution: ,0,Inverse Perim ratio: ,1.1089, Inv Perim Contribution: ,0, Final Score: ,-134.417
Point: ,31,277,Repeat score:,1, Repeat contribution: ,-1,Dist:,26.0192, Dist contribution: ,-130.096, New scanned ratio: ,0.00854214, New Scanned Cells Contribution: ,0,Area ratio: ,0.970525, Area ratio Contribution: ,0,Perim diff: ,1.04166, Perim diff Contribution: ,0,Frontier diff: ,0, Frontier diff Contribution ,0,Inverse Area ratio: ,0.578415, Inv Area Ratio Contribution: ,0,Inverse Perim ratio: ,1.11489, Inv Perim Contribution: ,0, Final Score: ,-131.096
Point: ,30,278,Repeat score:,1, Repeat contribution: ,-1,Dist:,27.3, Dist contribution: ,-136.5, New scanned ratio: ,0.00911162, New Scanned Cells Contribution: ,0,Area ratio: ,0.969091, Area ratio Contribution: ,0,Perim diff: ,1.04235, Perim diff Contribution: ,0,Frontier diff: ,0, Frontier diff Contribution ,0,Inverse Area ratio: ,0.574076, Inv Area Ratio Contribution: ,0,Inverse Perim ratio: ,1.11875, Inv Perim Contribution: ,0, Final Score: ,-137.5
Point: ,29,277,Repeat score:,1, Repeat contribution: ,-1,Dist:,26.0192, Dist contribution: ,-130.096, New scanned ratio: ,0.00878447, New Scanned Cells Contribution: ,0,Area ratio: ,0.970326, Area ratio Contribution: ,0,Perim diff: ,1.04199, Perim diff Contribution: ,0,Frontier diff: ,0, Frontier diff Contribution ,0,Inverse Area ratio: ,0.576562, Inv Area Ratio Contribution: ,0,Inverse Perim ratio: ,1.1176, Inv Perim Contribution: ,0, Final Score: ,-131.096
Point: ,24,277,Repeat score:,1, Repeat contribution: ,-1,Dist:,26.6833, Dist contribution: ,-133.417, New scanned ratio: ,0.00954781, New Scanned Cells Contribution: ,0,Area ratio: ,0.96999, Area ratio Contribution: ,0,Perim diff: ,1.04421, Perim diff Contribution: ,0,Frontier diff: ,0, Frontier diff Contribution ,0,Inverse Area ratio: ,0.57046, Inv Area Ratio Contribution: ,0,Inverse Perim ratio: ,1.1273, Inv Perim Contribution: ,0, Final Score: ,-134.417
Point: ,18,274,Repeat score:,1, Repeat contribution: ,-1,Dist:,25.1478, Dist contribution: ,-125.739, New scanned ratio: ,0.009463, New Scanned Cells Contribution: ,0,Area ratio: ,0.974086, Area ratio Contribution: ,0,Perim diff: ,1.04565, Perim diff Contribution: ,0,Frontier diff: ,-1, Frontier diff Contribution ,-0,Inverse Area ratio: ,0.843317, Inv Area Ratio Contribution: ,0,Inverse Perim ratio: ,1.06524, Inv Perim Contribution: ,0, Final Score: ,-126.739
Point: ,13,269,Repeat score:,1, Repeat contribution: ,-1,Dist:,23.0729, Dist contribution: ,-115.365, New scanned ratio: ,0.0077788, New Scanned Cells Contribution: ,0,Area ratio: ,0.981364, Area ratio Contribution: ,0,Perim diff: ,1.03018, Perim diff Contribution: ,0,Frontier diff: ,-1, Frontier diff Contribution ,-0,Inverse Area ratio: ,0.878489, Inv Area Ratio Contribution: ,0,Inverse Perim ratio: ,1.05229, Inv Perim Contribution: ,0, Final Score: ,-116.365
Point: ,10,263,Repeat score:,1, Repeat contribution: ,-1,Dist:,21.4672, Dist contribution: ,-107.336, New scanned ratio: ,0.00551301, New Scanned Cells Contribution: ,0,Area ratio: ,0.988106, Area ratio Contribution: ,0,Perim diff: ,1.02649, Perim diff Contribution: ,0,Frontier diff: ,0, Frontier diff Contribution ,0,Inverse Area ratio: ,0.894237, Inv Area Ratio Contribution: ,0,Inverse Perim ratio: ,1.04879, Inv Perim Contribution: ,0, Final Score: ,-108.336
Point: ,10,258,Repeat score:,1, Repeat contribution: ,-1,Dist:,20.0422, Dist contribution: ,-100.211, New scanned ratio: ,0.00408326, New Scanned Cells Contribution: ,0,Area ratio: ,0.993853, Area ratio Contribution: ,0,Perim diff: ,1.02623, Perim diff Contribution: ,0,Frontier diff: ,0, Frontier diff Contribution ,0,Inverse Area ratio: ,0.894277, Inv Area Ratio Contribution: ,0,Inverse Perim ratio: ,1.04833, Inv Perim Contribution: ,0, Final Score: ,-101.211
Point: ,9,257,Repeat score:,1, Repeat contribution: ,-1,Dist:,21, Dist contribution: ,-105, New scanned ratio: ,0.00382882, New Scanned Cells Contribution: ,0,Area ratio: ,0.995011, Area ratio Contribution: ,0,Perim diff: ,1.02605, Perim diff Contribution: ,0,Frontier diff: ,0, Frontier diff Contribution ,0,Inverse Area ratio: ,0.892178, Inv Area Ratio Contribution: ,0,Inverse Perim ratio: ,1.04815, Inv Perim Contribution: ,0, Final Score: ,-106
Point: ,10,256,Repeat score:,1, Repeat contribution: ,-1,Dist:,20.0422, Dist contribution: ,-100.211, New scanned ratio: ,0.00358649, New Scanned Cells Contribution: ,0,Area ratio: ,0.995052, Area ratio Contribution: ,0,Perim diff: ,1.02625, Perim diff Contribution: ,0,Frontier diff: ,0, Frontier diff Contribution ,0,Inverse Area ratio: ,0.878465, Inv Area Ratio Contribution: ,0,Inverse Perim ratio: ,1.04824, Inv Perim Contribution: ,0, Final Score: ,-101.211
Point: ,10,253,Repeat score:,1, Repeat contribution: ,-1,Dist:,20.6649, Dist contribution: ,-103.325, New scanned ratio: ,0.0029322, New Scanned Cells Contribution: ,0,Area ratio: ,0.995091, Area ratio Contribution: ,0,Perim diff: ,1.02566, Perim diff Contribution: ,0,Frontier diff: ,0, Frontier diff Contribution ,0,Inverse Area ratio: ,0.838857, Inv Area Ratio Contribution: ,0,Inverse Perim ratio: ,1.04745, Inv Perim Contribution: ,0, Final Score: ,-104.325
Point: ,8,254,Repeat score:,1, Repeat contribution: ,-1,Dist:,22.343, Dist contribution: ,-111.715, New scanned ratio: ,0.00316241, New Scanned Cells Contribution: ,0,Area ratio: ,0.995014, Area ratio Contribution: ,0,Perim diff: ,1.02616, Perim diff Contribution: ,0,Frontier diff: ,0, Frontier diff Contribution ,0,Inverse Area ratio: ,0.867318, Inv Area Ratio Contribution: ,0,Inverse Perim ratio: ,1.04787, Inv Perim Contribution: ,0, Final Score: ,-112.715
Point: ,7,253,Repeat score:,1, Repeat contribution: ,-1,Dist:,23.5805, Dist contribution: ,-117.903, New scanned ratio: ,0.00295643, New Scanned Cells Contribution: ,0,Area ratio: ,0.995001, Area ratio Contribution: ,0,Perim diff: ,1.02646, Perim diff Contribution: ,0,Frontier diff: ,0, Frontier diff Contribution ,0,Inverse Area ratio: ,0.854143, Inv Area Ratio Contribution: ,0,Inverse Perim ratio: ,1.0488, Inv Perim Contribution: ,0, Final Score: ,-118.903
Point: ,2,253,Repeat score:,1, Repeat contribution: ,-1,Dist:,28.4788, Dist contribution: ,-142.394, New scanned ratio: ,0.00282315, New Scanned Cells Contribution: ,0,Area ratio: ,0.994736, Area ratio Contribution: ,0,Perim diff: ,1.02719, Perim diff Contribution: ,0,Frontier diff: ,0, Frontier diff Contribution ,0,Inverse Area ratio: ,0.825463, Inv Area Ratio Contribution: ,0,Inverse Perim ratio: ,1.04917, Inv Perim Contribution: ,0, Final Score: ,-143.394
BEST Point:,10,258, Score: ,-101.211
COUNT COMMAND: 1
Total frontiers: ,104, Prioritised frontiers: ,16
At: ,10,257,
Point: ,44,277,Repeat score:,1, Repeat contribution: ,-1,Dist:,42.8019, Dist contribution: ,-214.009, New scanned ratio: ,0.00805089, New Scanned Cells Contribution: ,0,Area ratio: ,0.972259, Area ratio Contribution: ,0,Perim diff: ,1.03842, Perim diff Contribution: ,0,Frontier diff: ,0, Frontier diff Contribution ,0,Inverse Area ratio: ,0.80298, Inv Area Ratio Contribution: ,0,Inverse Perim ratio: ,1.08014, Inv Perim Contribution: ,0, Final Score: ,-215.009
Point: ,41,275,Repeat score:,1, Repeat contribution: ,-1,Dist:,38.8402, Dist contribution: ,-194.201, New scanned ratio: ,0.00708526, New Scanned Cells Contribution: ,0,Area ratio: ,0.974715, Area ratio Contribution: ,0,Perim diff: ,1.03824, Perim diff Contribution: ,0,Frontier diff: ,0, Frontier diff Contribution ,0,Inverse Area ratio: ,0.81337, Inv Area Ratio Contribution: ,0,Inverse Perim ratio: ,1.07848, Inv Perim Contribution: ,0, Final Score: ,-195.201
Point: ,39,275,Repeat score:,1, Repeat contribution: ,-1,Dist:,37.2634, Dist contribution: ,-186.317, New scanned ratio: ,0.00708526, New Scanned Cells Contribution: ,0,Area ratio: ,0.974669, Area ratio Contribution: ,0,Perim diff: ,1.03798, Perim diff Contribution: ,0,Frontier diff: ,0, Frontier diff Contribution ,0,Inverse Area ratio: ,0.81337, Inv Area Ratio Contribution: ,0,Inverse Perim ratio: ,1.07848, Inv Perim Contribution: ,0, Final Score: ,-187.317
Point: ,36,277,Repeat score:,1, Repeat contribution: ,-1,Dist:,36.7696, Dist contribution: ,-183.848, New scanned ratio: ,0.00805089, New Scanned Cells Contribution: ,0,Area ratio: ,0.972065, Area ratio Contribution: ,0,Perim diff: ,1.03729, Perim diff Contribution: ,0,Frontier diff: ,0, Frontier diff Contribution ,0,Inverse Area ratio: ,0.803111, Inv Area Ratio Contribution: ,0,Inverse Perim ratio: ,1.08031, Inv Perim Contribution: ,0, Final Score: ,-184.848
Point: ,31,277,Repeat score:,1, Repeat contribution: ,-1,Dist:,33.4215, Dist contribution: ,-167.108, New scanned ratio: ,0.00805089, New Scanned Cells Contribution: ,0,Area ratio: ,0.971963, Area ratio Contribution: ,0,Perim diff: ,1.03491, Perim diff Contribution: ,0,Frontier diff: ,0, Frontier diff Contribution ,0,Inverse Area ratio: ,0.803111, Inv Area Ratio Contribution: ,0,Inverse Perim ratio: ,1.07807, Inv Perim Contribution: ,0, Final Score: ,-168.108
Point: ,30,278,Repeat score:,1, Repeat contribution: ,-1,Dist:,33.8421, Dist contribution: ,-169.211, New scanned ratio: ,0.0085337, New Scanned Cells Contribution: ,0,Area ratio: ,0.970634, Area ratio Contribution: ,0,Perim diff: ,1.03544, Perim diff Contribution: ,0,Frontier diff: ,0, Frontier diff Contribution ,0,Inverse Area ratio: ,0.797817, Inv Area Ratio Contribution: ,0,Inverse Perim ratio: ,1.08087, Inv Perim Contribution: ,0, Final Score: ,-170.211
Point: ,29,277,Repeat score:,1, Repeat contribution: ,-1,Dist:,32.2025, Dist contribution: ,-161.012, New scanned ratio: ,0.00805089, New Scanned Cells Contribution: ,0,Area ratio: ,0.971872, Area ratio Contribution: ,0,Perim diff: ,1.03435, Perim diff Contribution: ,0,Frontier diff: ,0, Frontier diff Contribution ,0,Inverse Area ratio: ,0.803111, Inv Area Ratio Contribution: ,0,Inverse Perim ratio: ,1.07807, Inv Perim Contribution: ,0, Final Score: ,-162.012
Point: ,24,277,Repeat score:,1, Repeat contribution: ,-1,Dist:,29.5296, Dist contribution: ,-147.648, New scanned ratio: ,0.00805089, New Scanned Cells Contribution: ,0,Area ratio: ,0.971633, Area ratio Contribution: ,0,Perim diff: ,1.03371, Perim diff Contribution: ,0,Frontier diff: ,0, Frontier diff Contribution ,0,Inverse Area ratio: ,0.803176, Inv Area Ratio Contribution: ,0,Inverse Perim ratio: ,1.08041, Inv Perim Contribution: ,0, Final Score: ,-148.648
Point: ,21,275,Repeat score:,1, Repeat contribution: ,-1,Dist:,25.8565, Dist contribution: ,-129.283, New scanned ratio: ,0.00708526, New Scanned Cells Contribution: ,0,Area ratio: ,0.973999, Area ratio Contribution: ,0,Perim diff: ,1.03311, Perim diff Contribution: ,0,Frontier diff: ,0, Frontier diff Contribution ,0,Inverse Area ratio: ,0.813631, Inv Area Ratio Contribution: ,0,Inverse Perim ratio: ,1.07889, Inv Perim Contribution: ,0, Final Score: ,-130.283
Point: ,19,275,Repeat score:,1, Repeat contribution: ,-1,Dist:,25.0711, Dist contribution: ,-125.355, New scanned ratio: ,0.00707319, New Scanned Cells Contribution: ,0,Area ratio: ,0.973827, Area ratio Contribution: ,0,Perim diff: ,1.033, Perim diff Contribution: ,0,Frontier diff: ,0, Frontier diff Contribution ,0,Inverse Area ratio: ,0.836476, Inv Area Ratio Contribution: ,0,Inverse Perim ratio: ,1.07053, Inv Perim Contribution: ,0, Final Score: ,-126.355
Point: ,16,277,Repeat score:,1, Repeat contribution: ,-1,Dist:,26.6833, Dist contribution: ,-133.417, New scanned ratio: ,0.00766464, New Scanned Cells Contribution: ,0,Area ratio: ,0.970823, Area ratio Contribution: ,0,Perim diff: ,1.03373, Perim diff Contribution: ,0,Frontier diff: ,0, Frontier diff Contribution ,0,Inverse Area ratio: ,0.848024, Inv Area Ratio Contribution: ,0,Inverse Perim ratio: ,1.06366, Inv Perim Contribution: ,0, Final Score: ,-134.417
Point: ,11,277,Repeat score:,1, Repeat contribution: ,-1,Dist:,26.0192, Dist contribution: ,-130.096, New scanned ratio: ,0.00675937, New Scanned Cells Contribution: ,0,Area ratio: ,0.970268, Area ratio Contribution: ,0,Perim diff: ,1.03332, Perim diff Contribution: ,0,Frontier diff: ,0, Frontier diff Contribution ,0,Inverse Area ratio: ,0.86469, Inv Area Ratio Contribution: ,0,Inverse Perim ratio: ,1.05803, Inv Perim Contribution: ,0, Final Score: ,-131.096
Point: ,10,278,Repeat score:,1, Repeat contribution: ,-1,Dist:,27.3, Dist contribution: ,-136.5, New scanned ratio: ,0.00692835, New Scanned Cells Contribution: ,0,Area ratio: ,0.968803, Area ratio Contribution: ,0,Perim diff: ,1.03387, Perim diff Contribution: ,0,Frontier diff: ,0, Frontier diff Contribution ,0,Inverse Area ratio: ,0.865325, Inv Area Ratio Contribution: ,0,Inverse Perim ratio: ,1.05712, Inv Perim Contribution: ,0, Final Score: ,-137.5
Point: ,9,277,Repeat score:,1, Repeat contribution: ,-1,Dist:,26.0192, Dist contribution: ,-130.096, New scanned ratio: ,0.00634898, New Scanned Cells Contribution: ,0,Area ratio: ,0.970051, Area ratio Contribution: ,0,Perim diff: ,1.03312, Perim diff Contribution: ,0,Frontier diff: ,0, Frontier diff Contribution ,0,Inverse Area ratio: ,0.869937, Inv Area Ratio Contribution: ,0,Inverse Perim ratio: ,1.05651, Inv Perim Contribution: ,0, Final Score: ,-131.096
Point: ,4,277,Repeat score:,1, Repeat contribution: ,-1,Dist:,26.6833, Dist contribution: ,-133.417, New scanned ratio: ,0.00519023, New Scanned Cells Contribution: ,0,Area ratio: ,0.969489, Area ratio Contribution: ,0,Perim diff: ,1.03396, Perim diff Contribution: ,0,Frontier diff: ,0, Frontier diff Contribution ,0,Inverse Area ratio: ,0.87931, Inv Area Ratio Contribution: ,0,Inverse Perim ratio: ,1.05389, Inv Perim Contribution: ,0, Final Score: ,-134.417
Point: ,0,275,Repeat score:,1, Repeat contribution: ,-1,Dist:,25.4472, Dist contribution: ,-127.236, New scanned ratio: ,0.00366937, New Scanned Cells Contribution: ,0,Area ratio: ,0.971823, Area ratio Contribution: ,0,Perim diff: ,1.03441, Perim diff Contribution: ,0,Frontier diff: ,0, Frontier diff Contribution ,0,Inverse Area ratio: ,0.881951, Inv Area Ratio Contribution: ,0,Inverse Perim ratio: ,1.05156, Inv Perim Contribution: ,0, Final Score: ,-128.236
BEST Point:,19,275, Score: ,-126.355
COUNT COMMAND: 1
Total frontiers: ,103, Prioritised frontiers: ,19
At: ,18,274,
Point: ,56,277,Repeat score:,1, Repeat contribution: ,-1,Dist:,38.1996, Dist contribution: ,-190.998, New scanned ratio: ,0.0079267, New Scanned Cells Contribution: ,0,Area ratio: ,0.97377, Area ratio Contribution: ,0,Perim diff: ,1.04066, Perim diff Contribution: ,0,Frontier diff: ,0, Frontier diff Contribution ,0,Inverse Area ratio: ,0.777678, Inv Area Ratio Contribution: ,0,Inverse Perim ratio: ,1.08368, Inv Perim Contribution: ,0, Final Score: ,-191.998
Point: ,51,277,Repeat score:,1, Repeat contribution: ,-1,Dist:,33.2297, Dist contribution: ,-166.148, New scanned ratio: ,0.00744703, New Scanned Cells Contribution: ,0,Area ratio: ,0.973901, Area ratio Contribution: ,0,Perim diff: ,1.03525, Perim diff Contribution: ,0,Frontier diff: ,0, Frontier diff Contribution ,0,Inverse Area ratio: ,0.783636, Inv Area Ratio Contribution: ,0,Inverse Perim ratio: ,1.07409, Inv Perim Contribution: ,0, Final Score: ,-167.148
Point: ,50,278,Repeat score:,1, Repeat contribution: ,-1,Dist:,32.4197, Dist contribution: ,-162.099, New scanned ratio: ,0.00777081, New Scanned Cells Contribution: ,0,Area ratio: ,0.972774, Area ratio Contribution: ,0,Perim diff: ,1.03517, Perim diff Contribution: ,0,Frontier diff: ,0, Frontier diff Contribution ,0,Inverse Area ratio: ,0.779964, Inv Area Ratio Contribution: ,0,Inverse Perim ratio: ,1.07435, Inv Perim Contribution: ,0, Final Score: ,-163.099
Point: ,49,277,Repeat score:,1, Repeat contribution: ,-1,Dist:,31.2444, Dist contribution: ,-156.222, New scanned ratio: ,0.00719519, New Scanned Cells Contribution: ,0,Area ratio: ,0.973883, Area ratio Contribution: ,0,Perim diff: ,1.03399, Perim diff Contribution: ,0,Frontier diff: ,0, Frontier diff Contribution ,0,Inverse Area ratio: ,0.786684, Inv Area Ratio Contribution: ,0,Inverse Perim ratio: ,1.0716, Inv Perim Contribution: ,0, Final Score: ,-157.222
Point: ,44,277,Repeat score:,1, Repeat contribution: ,-1,Dist:,26.2909, Dist contribution: ,-131.454, New scanned ratio: ,0.00640372, New Scanned Cells Contribution: ,0,Area ratio: ,0.973663, Area ratio Contribution: ,0,Perim diff: ,1.03357, Perim diff Contribution: ,0,Frontier diff: ,0, Frontier diff Contribution ,0,Inverse Area ratio: ,0.795968, Inv Area Ratio Contribution: ,0,Inverse Perim ratio: ,1.07078, Inv Perim Contribution: ,0, Final Score: ,-132.454
Point: ,41,275,Repeat score:,1, Repeat contribution: ,-1,Dist:,23.0367, Dist contribution: ,-115.184, New scanned ratio: ,0.00504863, New Scanned Cells Contribution: ,0,Area ratio: ,0.975768, Area ratio Contribution: ,0,Perim diff: ,1.03271, Perim diff Contribution: ,0,Frontier diff: ,0, Frontier diff Contribution ,0,Inverse Area ratio: ,0.808194, Inv Area Ratio Contribution: ,0,Inverse Perim ratio: ,1.06864, Inv Perim Contribution: ,0, Final Score: ,-116.184
Point: ,39,275,Repeat score:,1, Repeat contribution: ,-1,Dist:,21.0402, Dist contribution: ,-105.201, New scanned ratio: ,0.0046409, New Scanned Cells Contribution: ,0,Area ratio: ,0.975628, Area ratio Contribution: ,0,Perim diff: ,1.03302, Perim diff Contribution: ,0,Frontier diff: ,0, Frontier diff Contribution ,0,Inverse Area ratio: ,0.804617, Inv Area Ratio Contribution: ,0,Inverse Perim ratio: ,1.069, Inv Perim Contribution: ,0, Final Score: ,-106.201
Point: ,38,276,Repeat score:,1, Repeat contribution: ,-1,Dist:,20.1683, Dist contribution: ,-100.841, New scanned ratio: ,0.00482078, New Scanned Cells Contribution: ,0,Area ratio: ,0.974329, Area ratio Contribution: ,0,Perim diff: ,1.0336, Perim diff Contribution: ,0,Frontier diff: ,0, Frontier diff Contribution ,0,Inverse Area ratio: ,0.802238, Inv Area Ratio Contribution: ,0,Inverse Perim ratio: ,1.07039, Inv Perim Contribution: ,0, Final Score: ,-101.841
Point: ,38,280,Repeat score:,1, Repeat contribution: ,-1,Dist:,21.4672, Dist contribution: ,-107.336, New scanned ratio: ,0.00639173, New Scanned Cells Contribution: ,0,Area ratio: ,0.970109, Area ratio Contribution: ,0,Perim diff: ,1.03696, Perim diff Contribution: ,0,Frontier diff: ,-1, Frontier diff Contribution ,-0,Inverse Area ratio: ,0.875028, Inv Area Ratio Contribution: ,0,Inverse Perim ratio: ,1.051, Inv Perim Contribution: ,0, Final Score: ,-108.336
Point: ,35,286,Repeat score:,1, Repeat contribution: ,-1,Dist:,23.0729, Dist contribution: ,-115.365, New scanned ratio: ,0.00675149, New Scanned Cells Contribution: ,0,Area ratio: ,0.969022, Area ratio Contribution: ,0,Perim diff: ,1.04143, Perim diff Contribution: ,0,Frontier diff: ,-1, Frontier diff Contribution ,-0,Inverse Area ratio: ,0.886078, Inv Area Ratio Contribution: ,0,Inverse Perim ratio: ,1.0486, Inv Perim Contribution: ,0, Final Score: ,-116.365
Point: ,30,291,Repeat score:,1, Repeat contribution: ,-1,Dist:,25.1478, Dist contribution: ,-125.739, New scanned ratio: ,0.00587607, New Scanned Cells Contribution: ,0,Area ratio: ,0.967954, Area ratio Contribution: ,0,Perim diff: ,1.04743, Perim diff Contribution: ,0,Frontier diff: ,-1, Frontier diff Contribution ,-0,Inverse Area ratio: ,0.889645, Inv Area Ratio Contribution: ,0,Inverse Perim ratio: ,1.0489, Inv Perim Contribution: ,0, Final Score: ,-126.739
Point: ,24,294,Repeat score:,1, Repeat contribution: ,-1,Dist:,26.6833, Dist contribution: ,-133.417, New scanned ratio: ,0.00456895, New Scanned Cells Contribution: ,0,Area ratio: ,0.966741, Area ratio Contribution: ,0,Perim diff: ,1.05119, Perim diff Contribution: ,0,Frontier diff: ,-1, Frontier diff Contribution ,-0,Inverse Area ratio: ,0.888048, Inv Area Ratio Contribution: ,0,Inverse Perim ratio: ,1.04978, Inv Perim Contribution: ,0, Final Score: ,-134.417
Point: ,19,294,Repeat score:,1, Repeat contribution: ,-1,Dist:,26.0192, Dist contribution: ,-130.096, New scanned ratio: ,0.0041852, New Scanned Cells Contribution: ,0,Area ratio: ,0.966565, Area ratio Contribution: ,0,Perim diff: ,1.04579, Perim diff Contribution: ,0,Frontier diff: ,-1, Frontier diff Contribution ,-0,Inverse Area ratio: ,0.891601, Inv Area Ratio Contribution: ,0,Inverse Perim ratio: ,1.04975, Inv Perim Contribution: ,0, Final Score: ,-131.096
Point: ,18,295,Repeat score:,1, Repeat contribution: ,-1,Dist:,27.3, Dist contribution: ,-136.5, New scanned ratio: ,0.00399333, New Scanned Cells Contribution: ,0,Area ratio: ,0.966525, Area ratio Contribution: ,0,Perim diff: ,1.04442, Perim diff Contribution: ,0,Frontier diff: ,-1, Frontier diff Contribution ,-0,Inverse Area ratio: ,0.892716, Inv Area Ratio Contribution: ,0,Inverse Perim ratio: ,1.04971, Inv Perim Contribution: ,0, Final Score: ,-137.5
Point: ,17,294,Repeat score:,1, Repeat contribution: ,-1,Dist:,26.0192, Dist contribution: ,-130.096, New scanned ratio: ,0.00387341, New Scanned Cells Contribution: ,0,Area ratio: ,0.966555, Area ratio Contribution: ,0,Perim diff: ,1.04376, Perim diff Contribution: ,0,Frontier diff: ,-1, Frontier diff Contribution ,-0,Inverse Area ratio: ,0.892517, Inv Area Ratio Contribution: ,0,Inverse Perim ratio: ,1.05018, Inv Perim Contribution: ,0, Final Score: ,-131.096
Point: ,12,294,Repeat score:,1, Repeat contribution: ,-1,Dist:,26.6833, Dist contribution: ,-133.417, New scanned ratio: ,0.0031419, New Scanned Cells Contribution: ,0,Area ratio: ,0.966595, Area ratio Contribution: ,0,Perim diff: ,1.03924, Perim diff Contribution: ,0,Frontier diff: ,0, Frontier diff Contribution ,0,Inverse Area ratio: ,0.893502, Inv Area Ratio Contribution: ,0,Inverse Perim ratio: ,1.04939, Inv Perim Contribution: ,0, Final Score: ,-134.417
Point: ,6,291,Repeat score:,1, Repeat contribution: ,-1,Dist:,25.1478, Dist contribution: ,-125.739, New scanned ratio: ,0.00249433, New Scanned Cells Contribution: ,0,Area ratio: ,0.966986, Area ratio Contribution: ,0,Perim diff: ,1.03569, Perim diff Contribution: ,0,Frontier diff: ,0, Frontier diff Contribution ,0,Inverse Area ratio: ,0.890339, Inv Area Ratio Contribution: ,0,Inverse Perim ratio: ,1.04881, Inv Perim Contribution: ,0, Final Score: ,-126.739
Point: ,1,286,Repeat score:,1, Repeat contribution: ,-1,Dist:,23.0729, Dist contribution: ,-115.365, New scanned ratio: ,0.00196669, New Scanned Cells Contribution: ,0,Area ratio: ,0.967618, Area ratio Contribution: ,0,Perim diff: ,1.03382, Perim diff Contribution: ,0,Frontier diff: ,0, Frontier diff Contribution ,0,Inverse Area ratio: ,0.885159, Inv Area Ratio Contribution: ,0,Inverse Perim ratio: ,1.05019, Inv Perim Contribution: ,0, Final Score: ,-116.365
Point: ,0,283,Repeat score:,1, Repeat contribution: ,-1,Dist:,21.4683, Dist contribution: ,-107.342, New scanned ratio: ,0.00175083, New Scanned Cells Contribution: ,0,Area ratio: ,0.967996, Area ratio Contribution: ,0,Perim diff: ,1.0342, Perim diff Contribution: ,0,Frontier diff: ,0, Frontier diff Contribution ,0,Inverse Area ratio: ,0.881406, Inv Area Ratio Contribution: ,0,Inverse Perim ratio: ,1.05273, Inv Perim Contribution: ,0, Final Score: ,-108.342
BEST Point:,38,276, Score: ,-101.841
COUNT COMMAND: 1
Total frontiers: ,103, Prioritised frontiers: ,26
At: ,37,275,
Point: ,76,277,Repeat score:,1, Repeat contribution: ,-1,Dist:,39.0866, Dist contribution: ,-195.433, New scanned ratio: ,0.0079529, New Scanned Cells Contribution: ,0,Area ratio: ,0.975693, Area ratio Contribution: ,0,Perim diff: ,1.04214, Perim diff Contribution: ,0,Frontier diff: ,0, Frontier diff Contribution ,0,Inverse Area ratio: ,0.739271, Inv Area Ratio Contribution: ,0,Inverse Perim ratio: ,1.08683, Inv Perim Contribution: ,0, Final Score: ,-196.433
Point: ,71,277,Repeat score:,1, Repeat contribution: ,-1,Dist:,34.0993, Dist contribution: ,-170.496, New scanned ratio: ,0.00751108, New Scanned Cells Contribution: ,0,Area ratio: ,0.975848, Area ratio Contribution: ,0,Perim diff: ,1.0354, Perim diff Contribution: ,0,Frontier diff: ,0, Frontier diff Contribution ,0,Inverse Area ratio: ,0.744829, Inv Area Ratio Contribution: ,0,Inverse Perim ratio: ,1.07457, Inv Perim Contribution: ,0, Final Score: ,-171.496
Point: ,70,278,Repeat score:,1, Repeat contribution: ,-1,Dist:,33.2297, Dist contribution: ,-166.148, New scanned ratio: ,0.00783349, New Scanned Cells Contribution: ,0,Area ratio: ,0.974726, Area ratio Contribution: ,0,Perim diff: ,1.03556, Perim diff Contribution: ,0,Frontier diff: ,0, Frontier diff Contribution ,0,Inverse Area ratio: ,0.74103, Inv Area Ratio Contribution: ,0,Inverse Perim ratio: ,1.0752, Inv Perim Contribution: ,0, Final Score: ,-167.148
Point: ,69,277,Repeat score:,1, Repeat contribution: ,-1,Dist:,32.1055, Dist contribution: ,-160.527, New scanned ratio: ,0.00726031, New Scanned Cells Contribution: ,0,Area ratio: ,0.975831, Area ratio Contribution: ,0,Perim diff: ,1.03415, Perim diff Contribution: ,0,Frontier diff: ,0, Frontier diff Contribution ,0,Inverse Area ratio: ,0.747925, Inv Area Ratio Contribution: ,0,Inverse Perim ratio: ,1.07208, Inv Perim Contribution: ,0, Final Score: ,-161.527
Point: ,64,277,Repeat score:,1, Repeat contribution: ,-1,Dist:,27.1249, Dist contribution: ,-135.624, New scanned ratio: ,0.00647218, New Scanned Cells Contribution: ,0,Area ratio: ,0.975613, Area ratio Contribution: ,0,Perim diff: ,1.03303, Perim diff Contribution: ,0,Frontier diff: ,0, Frontier diff Contribution ,0,Inverse Area ratio: ,0.757352, Inv Area Ratio Contribution: ,0,Inverse Perim ratio: ,1.06997, Inv Perim Contribution: ,0, Final Score: ,-136.624
Point: ,61,275,Repeat score:,1, Repeat contribution: ,-1,Dist:,24, Dist contribution: ,-120, New scanned ratio: ,0.00511087, New Scanned Cells Contribution: ,0,Area ratio: ,0.977571, Area ratio Contribution: ,0,Perim diff: ,1.03267, Perim diff Contribution: ,0,Frontier diff: ,0, Frontier diff Contribution ,0,Inverse Area ratio: ,0.771162, Inv Area Ratio Contribution: ,0,Inverse Perim ratio: ,1.06886, Inv Perim Contribution: ,0, Final Score: ,-121
Point: ,59,275,Repeat score:,1, Repeat contribution: ,-1,Dist:,22, Dist contribution: ,-110, New scanned ratio: ,0.00470487, New Scanned Cells Contribution: ,0,Area ratio: ,0.977425, Area ratio Contribution: ,0,Perim diff: ,1.03308, Perim diff Contribution: ,0,Frontier diff: ,0, Frontier diff Contribution ,0,Inverse Area ratio: ,0.766969, Inv Area Ratio Contribution: ,0,Inverse Perim ratio: ,1.06948, Inv Perim Contribution: ,0, Final Score: ,-111
Point: ,57,276,Repeat score:,1, Repeat contribution: ,-1,Dist:,20.0422, Dist contribution: ,-100.211, New scanned ratio: ,0.00466905, New Scanned Cells Contribution: ,0,Area ratio: ,0.976173, Area ratio Contribution: ,0,Perim diff: ,1.03326, Perim diff Contribution: ,0,Frontier diff: ,0, Frontier diff Contribution ,0,Inverse Area ratio: ,0.766939, Inv Area Ratio Contribution: ,0,Inverse Perim ratio: ,1.06997, Inv Perim Contribution: ,0, Final Score: ,-101.211
Point: ,57,281,Repeat score:,1, Repeat contribution: ,-1,Dist:,21.4672, Dist contribution: ,-107.336, New scanned ratio: ,0.0064483, New Scanned Cells Contribution: ,0,Area ratio: ,0.971896, Area ratio Contribution: ,0,Perim diff: ,1.03731, Perim diff Contribution: ,0,Frontier diff: ,-1, Frontier diff Contribution ,-0,Inverse Area ratio: ,0.865358, Inv Area Ratio Contribution: ,0,Inverse Perim ratio: ,1.05219, Inv Perim Contribution: ,0, Final Score: ,-108.336
Point: ,54,287,Repeat score:,1, Repeat contribution: ,-1,Dist:,23.0729, Dist contribution: ,-115.365, New scanned ratio: ,0.00654383, New Scanned Cells Contribution: ,0,Area ratio: ,0.970854, Area ratio Contribution: ,0,Perim diff: ,1.04246, Perim diff Contribution: ,0,Frontier diff: ,-1, Frontier diff Contribution ,-0,Inverse Area ratio: ,0.876683, Inv Area Ratio Contribution: ,0,Inverse Perim ratio: ,1.05042, Inv Perim Contribution: ,0, Final Score: ,-116.365
Point: ,49,292,Repeat score:,1, Repeat contribution: ,-1,Dist:,25.1478, Dist contribution: ,-125.739, New scanned ratio: ,0.00544523, New Scanned Cells Contribution: ,0,Area ratio: ,0.969932, Area ratio Contribution: ,0,Perim diff: ,1.05288, Perim diff Contribution: ,0,Frontier diff: ,-1, Frontier diff Contribution ,-0,Inverse Area ratio: ,0.866199, Inv Area Ratio Contribution: ,0,Inverse Perim ratio: ,1.05539, Inv Perim Contribution: ,0, Final Score: ,-126.739
Point: ,43,295,Repeat score:,1, Repeat contribution: ,-1,Dist:,26.6833, Dist contribution: ,-133.417, New scanned ratio: ,0.00402422, New Scanned Cells Contribution: ,0,Area ratio: ,0.968983, Area ratio Contribution: ,0,Perim diff: ,1.05273, Perim diff Contribution: ,0,Frontier diff: ,-1, Frontier diff Contribution ,-0,Inverse Area ratio: ,0.88101, Inv Area Ratio Contribution: ,0,Inverse Perim ratio: ,1.05194, Inv Perim Contribution: ,0, Final Score: ,-134.417
Point: ,38,295,Repeat score:,1, Repeat contribution: ,-1,Dist:,26.0192, Dist contribution: ,-130.096, New scanned ratio: ,0.00333162, New Scanned Cells Contribution: ,0,Area ratio: ,0.968777, Area ratio Contribution: ,0,Perim diff: ,1.04526, Perim diff Contribution: ,0,Frontier diff: ,-1, Frontier diff Contribution ,-0,Inverse Area ratio: ,0.888611, Inv Area Ratio Contribution: ,0,Inverse Perim ratio: ,1.04811, Inv Perim Contribution: ,0, Final Score: ,-131.096
Point: ,37,296,Repeat score:,1, Repeat contribution: ,-1,Dist:,27.3, Dist contribution: ,-136.5, New scanned ratio: ,0.00318833, New Scanned Cells Contribution: ,0,Area ratio: ,0.968733, Area ratio Contribution: ,0,Perim diff: ,1.04529, Perim diff Contribution: ,0,Frontier diff: ,-1, Frontier diff Contribution ,-0,Inverse Area ratio: ,0.889427, Inv Area Ratio Contribution: ,0,Inverse Perim ratio: ,1.04908, Inv Perim Contribution: ,0, Final Score: ,-137.5
Point: ,36,295,Repeat score:,1, Repeat contribution: ,-1,Dist:,26.0192, Dist contribution: ,-130.096, New scanned ratio: ,0.00311668, New Scanned Cells Contribution: ,0,Area ratio: ,0.968754, Area ratio Contribution: ,0,Perim diff: ,1.04459, Perim diff Contribution: ,0,Frontier diff: ,-1, Frontier diff Contribution ,-0,Inverse Area ratio: ,0.889895, Inv Area Ratio Contribution: ,0,Inverse Perim ratio: ,1.04923, Inv Perim Contribution: ,0, Final Score: ,-131.096
Point: ,31,295,Repeat score:,1, Repeat contribution: ,-1,Dist:,26.6833, Dist contribution: ,-133.417, New scanned ratio: ,0.00279426, New Scanned Cells Contribution: ,0,Area ratio: ,0.968869, Area ratio Contribution: ,0,Perim diff: ,1.03973, Perim diff Contribution: ,0,Frontier diff: ,-1, Frontier diff Contribution ,-0,Inverse Area ratio: ,0.89323, Inv Area Ratio Contribution: ,0,Inverse Perim ratio: ,1.04765, Inv Perim Contribution: ,0, Final Score: ,-134.417
Point: ,28,293,Repeat score:,1, Repeat contribution: ,-1,Dist:,25.0711, Dist contribution: ,-125.355, New scanned ratio: ,0.00275844, New Scanned Cells Contribution: ,0,Area ratio: ,0.969014, Area ratio Contribution: ,0,Perim diff: ,1.03825, Perim diff Contribution: ,0,Frontier diff: ,-1, Frontier diff Contribution ,-0,Inverse Area ratio: ,0.892384, Inv Area Ratio Contribution: ,0,Inverse Perim ratio: ,1.04865, Inv Perim Contribution: ,0, Final Score: ,-126.355
Point: ,25,293,Repeat score:,1, Repeat contribution: ,-1,Dist:,26.2975, Dist contribution: ,-131.488, New scanned ratio: ,0.00281815, New Scanned Cells Contribution: ,0,Area ratio: ,0.969224, Area ratio Contribution: ,0,Perim diff: ,1.03613, Perim diff Contribution: ,0,Frontier diff: ,-1, Frontier diff Contribution ,-0,Inverse Area ratio: ,0.891042, Inv Area Ratio Contribution: ,0,Inverse Perim ratio: ,1.04723, Inv Perim Contribution: ,0, Final Score: ,-132.488
Point: ,24,294,Repeat score:,1, Repeat contribution: ,-1,Dist:,27.9122, Dist contribution: ,-139.561, New scanned ratio: ,0.00287785, New Scanned Cells Contribution: ,0,Area ratio: ,0.969327, Area ratio Contribution: ,0,Perim diff: ,1.03552, Perim diff Contribution: ,0,Frontier diff: ,-1, Frontier diff Contribution ,-0,Inverse Area ratio: ,0.890835, Inv Area Ratio Contribution: ,0,Inverse Perim ratio: ,1.04741, Inv Perim Contribution: ,0, Final Score: ,-140.561
Point: ,19,294,Repeat score:,1, Repeat contribution: ,-1,Dist:,30.5629, Dist contribution: ,-152.814, New scanned ratio: ,0.0032958, New Scanned Cells Contribution: ,0,Area ratio: ,0.969936, Area ratio Contribution: ,0,Perim diff: ,1.03464, Perim diff Contribution: ,0,Frontier diff: ,-1, Frontier diff Contribution ,-0,Inverse Area ratio: ,0.884299, Inv Area Ratio Contribution: ,0,Inverse Perim ratio: ,1.05009, Inv Perim Contribution: ,0, Final Score: ,-153.814
Point: ,18,295,Repeat score:,1, Repeat contribution: ,-1,Dist:,32.2025, Dist contribution: ,-161.012, New scanned ratio: ,0.00327192, New Scanned Cells Contribution: ,0,Area ratio: ,0.97006, Area ratio Contribution: ,0,Perim diff: ,1.03382, Perim diff Contribution: ,0,Frontier diff: ,-1, Frontier diff Contribution ,-0,Inverse Area ratio: ,0.884257, Inv Area Ratio Contribution: ,0,Inverse Perim ratio: ,1.05018, Inv Perim Contribution: ,0, Final Score: ,-162.012
Point: ,17,294,Repeat score:,1, Repeat contribution: ,-1,Dist:,31.7819, Dist contribution: ,-158.91, New scanned ratio: ,0.00324803, New Scanned Cells Contribution: ,0,Area ratio: ,0.970177, Area ratio Contribution: ,0,Perim diff: ,1.03382, Perim diff Contribution: ,0,Frontier diff: ,-1, Frontier diff Contribution ,-0,Inverse Area ratio: ,0.883096, Inv Area Ratio Contribution: ,0,Inverse Perim ratio: ,1.0511, Inv Perim Contribution: ,0, Final Score: ,-159.91
Point: ,12,294,Repeat score:,1, Repeat contribution: ,-1,Dist:,35.1438, Dist contribution: ,-175.719, New scanned ratio: ,0.00296144, New Scanned Cells Contribution: ,0,Area ratio: ,0.970598, Area ratio Contribution: ,0,Perim diff: ,1.03434, Perim diff Contribution: ,0,Frontier diff: ,0, Frontier diff Contribution ,0,Inverse Area ratio: ,0.875603, Inv Area Ratio Contribution: ,0,Inverse Perim ratio: ,1.05431, Inv Perim Contribution: ,0, Final Score: ,-176.719
Point: ,6,291,Repeat score:,1, Repeat contribution: ,-1,Dist:,37.3315, Dist contribution: ,-186.657, New scanned ratio: ,0.00248379, New Scanned Cells Contribution: ,0,Area ratio: ,0.971121, Area ratio Contribution: ,0,Perim diff: ,1.03595, Perim diff Contribution: ,0,Frontier diff: ,0, Frontier diff Contribution ,0,Inverse Area ratio: ,0.865267, Inv Area Ratio Contribution: ,0,Inverse Perim ratio: ,1.05789, Inv Perim Contribution: ,0, Final Score: ,-187.657
Point: ,1,286,Repeat score:,1, Repeat contribution: ,-1,Dist:,38.7362, Dist contribution: ,-193.681, New scanned ratio: ,0.00195837, New Scanned Cells Contribution: ,0,Area ratio: ,0.971741, Area ratio Contribution: ,0,Perim diff: ,1.03432, Perim diff Contribution: ,0,Frontier diff: ,0, Frontier diff Contribution ,0,Inverse Area ratio: ,0.861533, Inv Area Ratio Contribution: ,0,Inverse Perim ratio: ,1.05678, Inv Perim Contribution: ,0, Final Score: ,-194.681
Point: ,0,283,Repeat score:,1, Repeat contribution: ,-1,Dist:,38.4338, Dist contribution: ,-192.169, New scanned ratio: ,0.00174343, New Scanned Cells Contribution: ,0,Area ratio: ,0.972121, Area ratio Contribution: ,0,Perim diff: ,1.0347, Perim diff Contribution: ,0,Frontier diff: ,0, Frontier diff Contribution ,0,Inverse Area ratio: ,0.857745, Inv Area Ratio Contribution: ,0,Inverse Perim ratio: ,1.05894, Inv Perim Contribution: ,0, Final Score: ,-193.169
BEST Point:,57,276, Score: ,-101.211
COUNT COMMAND: 1
Total frontiers: ,102, Prioritised frontiers: ,24
At: ,56,275,
Point: ,91,277,Repeat score:,1, Repeat contribution: ,-1,Dist:,35.0964, Dist contribution: ,-175.482, New scanned ratio: ,0.00758738, New Scanned Cells Contribution: ,0,Area ratio: ,0.977602, Area ratio Contribution: ,0,Perim diff: ,1.03733, Perim diff Contribution: ,0,Frontier diff: ,0, Frontier diff Contribution ,0,Inverse Area ratio: ,0.705802, Inv Area Ratio Contribution: ,0,Inverse Perim ratio: ,1.07846, Inv Perim Contribution: ,0, Final Score: ,-176.482
Point: ,90,278,Repeat score:,1, Repeat contribution: ,-1,Dist:,34.2229, Dist contribution: ,-171.115, New scanned ratio: ,0.00793226, New Scanned Cells Contribution: ,0,Area ratio: ,0.976577, Area ratio Contribution: ,0,Perim diff: ,1.03601, Perim diff Contribution: ,0,Frontier diff: ,0, Frontier diff Contribution ,0,Inverse Area ratio: ,0.701729, Inv Area Ratio Contribution: ,0,Inverse Perim ratio: ,1.07609, Inv Perim Contribution: ,0, Final Score: ,-172.115
Point: ,89,277,Repeat score:,1, Repeat contribution: ,-1,Dist:,33.1023, Dist contribution: ,-165.511, New scanned ratio: ,0.00736142, New Scanned Cells Contribution: ,0,Area ratio: ,0.97762, Area ratio Contribution: ,0,Perim diff: ,1.03501, Perim diff Contribution: ,0,Frontier diff: ,0, Frontier diff Contribution ,0,Inverse Area ratio: ,0.708732, Inv Area Ratio Contribution: ,0,Inverse Perim ratio: ,1.07416, Inv Perim Contribution: ,0, Final Score: ,-166.511
Point: ,84,277,Repeat score:,1, Repeat contribution: ,-1,Dist:,28.1205, Dist contribution: ,-140.602, New scanned ratio: ,0.0066122, New Scanned Cells Contribution: ,0,Area ratio: ,0.977467, Area ratio Contribution: ,0,Perim diff: ,1.0334, Perim diff Contribution: ,0,Frontier diff: ,0, Frontier diff Contribution ,0,Inverse Area ratio: ,0.717951, Inv Area Ratio Contribution: ,0,Inverse Perim ratio: ,1.07085, Inv Perim Contribution: ,0, Final Score: ,-141.602
Point: ,81,275,Repeat score:,1, Repeat contribution: ,-1,Dist:,25, Dist contribution: ,-125, New scanned ratio: ,0.00526835, New Scanned Cells Contribution: ,0,Area ratio: ,0.979375, Area ratio Contribution: ,0,Perim diff: ,1.03247, Perim diff Contribution: ,0,Frontier diff: ,0, Frontier diff Contribution ,0,Inverse Area ratio: ,0.733005, Inv Area Ratio Contribution: ,0,Inverse Perim ratio: ,1.06874, Inv Perim Contribution: ,0, Final Score: ,-126
Point: ,79,275,Repeat score:,1, Repeat contribution: ,-1,Dist:,23, Dist contribution: ,-115, New scanned ratio: ,0.00486401, New Scanned Cells Contribution: ,0,Area ratio: ,0.979248, Area ratio Contribution: ,0,Perim diff: ,1.03278, Perim diff Contribution: ,0,Frontier diff: ,0, Frontier diff Contribution ,0,Inverse Area ratio: ,0.727945, Inv Area Ratio Contribution: ,0,Inverse Perim ratio: ,1.06921, Inv Perim Contribution: ,0, Final Score: ,-116
Point: ,76,277,Repeat score:,1, Repeat contribution: ,-1,Dist:,20.1683, Dist contribution: ,-100.841, New scanned ratio: ,0.00501861, New Scanned Cells Contribution: ,0,Area ratio: ,0.976834, Area ratio Contribution: ,0,Perim diff: ,1.0333, Perim diff Contribution: ,0,Frontier diff: ,0, Frontier diff Contribution ,0,Inverse Area ratio: ,0.725974, Inv Area Ratio Contribution: ,0,Inverse Perim ratio: ,1.0706, Inv Perim Contribution: ,0, Final Score: ,-101.841
Point: ,76,281,Repeat score:,1, Repeat contribution: ,-1,Dist:,21.4672, Dist contribution: ,-107.336, New scanned ratio: ,0.00642192, New Scanned Cells Contribution: ,0,Area ratio: ,0.973765, Area ratio Contribution: ,0,Perim diff: ,1.03669, Perim diff Contribution: ,0,Frontier diff: ,-1, Frontier diff Contribution ,-0,Inverse Area ratio: ,0.85149, Inv Area Ratio Contribution: ,0,Inverse Perim ratio: ,1.05272, Inv Perim Contribution: ,0, Final Score: ,-108.336
Point: ,73,287,Repeat score:,1, Repeat contribution: ,-1,Dist:,23.0729, Dist contribution: ,-115.365, New scanned ratio: ,0.00651706, New Scanned Cells Contribution: ,0,Area ratio: ,0.972768, Area ratio Contribution: ,0,Perim diff: ,1.04247, Perim diff Contribution: ,0,Frontier diff: ,-1, Frontier diff Contribution ,-0,Inverse Area ratio: ,0.860497, Inv Area Ratio Contribution: ,0,Inverse Perim ratio: ,1.05142, Inv Perim Contribution: ,0, Final Score: ,-116.365
Point: ,68,292,Repeat score:,1, Repeat contribution: ,-1,Dist:,25.1478, Dist contribution: ,-125.739, New scanned ratio: ,0.00539917, New Scanned Cells Contribution: ,0,Area ratio: ,0.971818, Area ratio Contribution: ,0,Perim diff: ,1.05703, Perim diff Contribution: ,0,Frontier diff: ,-1, Frontier diff Contribution ,-0,Inverse Area ratio: ,0.849159, Inv Area Ratio Contribution: ,0,Inverse Perim ratio: ,1.05658, Inv Perim Contribution: ,0, Final Score: ,-126.739
Point: ,62,295,Repeat score:,1, Repeat contribution: ,-1,Dist:,26.6833, Dist contribution: ,-133.417, New scanned ratio: ,0.00397208, New Scanned Cells Contribution: ,0,Area ratio: ,0.97093, Area ratio Contribution: ,0,Perim diff: ,1.05061, Perim diff Contribution: ,0,Frontier diff: ,-1, Frontier diff Contribution ,-0,Inverse Area ratio: ,0.870433, Inv Area Ratio Contribution: ,0,Inverse Perim ratio: ,1.05177, Inv Perim Contribution: ,0, Final Score: ,-134.417
Point: ,57,295,Repeat score:,1, Repeat contribution: ,-1,Dist:,26.0192, Dist contribution: ,-130.096, New scanned ratio: ,0.00321096, New Scanned Cells Contribution: ,0,Area ratio: ,0.970734, Area ratio Contribution: ,0,Perim diff: ,1.04507, Perim diff Contribution: ,0,Frontier diff: ,-1, Frontier diff Contribution ,-0,Inverse Area ratio: ,0.878534, Inv Area Ratio Contribution: ,0,Inverse Perim ratio: ,1.05015, Inv Perim Contribution: ,0, Final Score: ,-131.096
Point: ,56,296,Repeat score:,1, Repeat contribution: ,-1,Dist:,27.3, Dist contribution: ,-136.5, New scanned ratio: ,0.00306825, New Scanned Cells Contribution: ,0,Area ratio: ,0.970702, Area ratio Contribution: ,0,Perim diff: ,1.04522, Perim diff Contribution: ,0,Frontier diff: ,-1, Frontier diff Contribution ,-0,Inverse Area ratio: ,0.879494, Inv Area Ratio Contribution: ,0,Inverse Perim ratio: ,1.05144, Inv Perim Contribution: ,0, Final Score: ,-137.5
Point: ,55,295,Repeat score:,1, Repeat contribution: ,-1,Dist:,26.0192, Dist contribution: ,-130.096, New scanned ratio: ,0.002985, New Scanned Cells Contribution: ,0,Area ratio: ,0.970739, Area ratio Contribution: ,0,Perim diff: ,1.04331, Perim diff Contribution: ,0,Frontier diff: ,-1, Frontier diff Contribution ,-0,Inverse Area ratio: ,0.881097, Inv Area Ratio Contribution: ,0,Inverse Perim ratio: ,1.05002, Inv Perim Contribution: ,0, Final Score: ,-131.096
Point: ,50,295,Repeat score:,1, Repeat contribution: ,-1,Dist:,26.6833, Dist contribution: ,-133.417, New scanned ratio: ,0.00260445, New Scanned Cells Contribution: ,0,Area ratio: ,0.970938, Area ratio Contribution: ,0,Perim diff: ,1.04103, Perim diff Contribution: ,0,Frontier diff: ,-1, Frontier diff Contribution ,-0,Inverse Area ratio: ,0.882233, Inv Area Ratio Contribution: ,0,Inverse Perim ratio: ,1.05091, Inv Perim Contribution: ,0, Final Score: ,-134.417
Point: ,47,293,Repeat score:,1, Repeat contribution: ,-1,Dist:,25.0711, Dist contribution: ,-125.355, New scanned ratio: ,0.00253309, New Scanned Cells Contribution: ,0,Area ratio: ,0.971212, Area ratio Contribution: ,0,Perim diff: ,1.03906, Perim diff Contribution: ,0,Frontier diff: ,-1, Frontier diff Contribution ,-0,Inverse Area ratio: ,0.881772, Inv Area Ratio Contribution: ,0,Inverse Perim ratio: ,1.05023, Inv Perim Contribution: ,0, Final Score: ,-126.355
Point: ,43,295,Repeat score:,1, Repeat contribution: ,-1,Dist:,29.0689, Dist contribution: ,-145.344, New scanned ratio: ,0.00254498, New Scanned Cells Contribution: ,0,Area ratio: ,0.97167, Area ratio Contribution: ,0,Perim diff: ,1.03762, Perim diff Contribution: ,0,Frontier diff: ,-1, Frontier diff Contribution ,-0,Inverse Area ratio: ,0.882574, Inv Area Ratio Contribution: ,0,Inverse Perim ratio: ,1.05113, Inv Perim Contribution: ,0, Final Score: ,-146.344
Point: ,38,295,Repeat score:,1, Repeat contribution: ,-1,Dist:,31.6228, Dist contribution: ,-158.114, New scanned ratio: ,0.00260445, New Scanned Cells Contribution: ,0,Area ratio: ,0.972196, Area ratio Contribution: ,0,Perim diff: ,1.03318, Perim diff Contribution: ,0,Frontier diff: ,-1, Frontier diff Contribution ,-0,Inverse Area ratio: ,0.883209, Inv Area Ratio Contribution: ,0,Inverse Perim ratio: ,1.04741, Inv Perim Contribution: ,0, Final Score: ,-159.114
Point: ,37,296,Repeat score:,1, Repeat contribution: ,-1,Dist:,33.2609, Dist contribution: ,-166.305, New scanned ratio: ,0.00260445, New Scanned Cells Contribution: ,0,Area ratio: ,0.972281, Area ratio Contribution: ,0,Perim diff: ,1.0355, Perim diff Contribution: ,0,Frontier diff: ,-1, Frontier diff Contribution ,-0,Inverse Area ratio: ,0.88029, Inv Area Ratio Contribution: ,0,Inverse Perim ratio: ,1.0509, Inv Perim Contribution: ,0, Final Score: ,-167.305
Point: ,36,295,Repeat score:,1, Repeat contribution: ,-1,Dist:,32.8024, Dist contribution: ,-164.012, New scanned ratio: ,0.00261634, New Scanned Cells Contribution: ,0,Area ratio: ,0.972383, Area ratio Contribution: ,0,Perim diff: ,1.03425, Perim diff Contribution: ,0,Frontier diff: ,-1, Frontier diff Contribution ,-0,Inverse Area ratio: ,0.881296, Inv Area Ratio Contribution: ,0,Inverse Perim ratio: ,1.04953, Inv Perim Contribution: ,0, Final Score: ,-165.012
Point: ,31,295,Repeat score:,1, Repeat contribution: ,-1,Dist:,36.0694, Dist contribution: ,-180.347, New scanned ratio: ,0.00268769, New Scanned Cells Contribution: ,0,Area ratio: ,0.972837, Area ratio Contribution: ,0,Perim diff: ,1.03397, Perim diff Contribution: ,0,Frontier diff: ,-1, Frontier diff Contribution ,-0,Inverse Area ratio: ,0.877818, Inv Area Ratio Contribution: ,0,Inverse Perim ratio: ,1.05131, Inv Perim Contribution: ,0, Final Score: ,-181.347
Point: ,28,293,Repeat score:,1, Repeat contribution: ,-1,Dist:,36.4905, Dist contribution: ,-182.453, New scanned ratio: ,0.00273526, New Scanned Cells Contribution: ,0,Area ratio: ,0.97304, Area ratio Contribution: ,0,Perim diff: ,1.03523, Perim diff Contribution: ,0,Frontier diff: ,-1, Frontier diff Contribution ,-0,Inverse Area ratio: ,0.871733, Inv Area Ratio Contribution: ,0,Inverse Perim ratio: ,1.05347, Inv Perim Contribution: ,0, Final Score: ,-183.453
Point: ,25,293,Repeat score:,1, Repeat contribution: ,-1,Dist:,38.8402, Dist contribution: ,-194.201, New scanned ratio: ,0.00280662, New Scanned Cells Contribution: ,0,Area ratio: ,0.973263, Area ratio Contribution: ,0,Perim diff: ,1.03544, Perim diff Contribution: ,0,Frontier diff: ,-1, Frontier diff Contribution ,-0,Inverse Area ratio: ,0.867581, Inv Area Ratio Contribution: ,0,Inverse Perim ratio: ,1.05472, Inv Perim Contribution: ,0, Final Score: ,-195.201
Point: ,24,294,Repeat score:,1, Repeat contribution: ,-1,Dist:,40.4239, Dist contribution: ,-202.119, New scanned ratio: ,0.00286608, New Scanned Cells Contribution: ,0,Area ratio: ,0.973366, Area ratio Contribution: ,0,Perim diff: ,1.03483, Perim diff Contribution: ,0,Frontier diff: ,-1, Frontier diff Contribution ,-0,Inverse Area ratio: ,0.867614, Inv Area Ratio Contribution: ,0,Inverse Perim ratio: ,1.05468, Inv Perim Contribution: ,0, Final Score: ,-203.119
BEST Point:,76,277, Score: ,-101.841
COUNT COMMAND: 1
Total frontiers: ,102, Prioritised frontiers: ,24
At: ,75,276,
Point: ,111,277,Repeat score:,1, Repeat contribution: ,-1,Dist:,36.0235, Dist contribution: ,-180.117, New scanned ratio: ,0.00763666, New Scanned Cells Contribution: ,0,Area ratio: ,0.979621, Area ratio Contribution: ,0,Perim diff: ,1.03733, Perim diff Contribution: ,0,Frontier diff: ,0, Frontier diff Contribution ,0,Inverse Area ratio: ,0.661681, Inv Area Ratio Contribution: ,0,Inverse Perim ratio: ,1.07859, Inv Perim Contribution: ,0, Final Score: ,-181.117
Point: ,110,278,Repeat score:,1, Repeat contribution: ,-1,Dist:,35.0964, Dist contribution: ,-175.482, New scanned ratio: ,0.00798001, New Scanned Cells Contribution: ,0,Area ratio: ,0.978653, Area ratio Contribution: ,0,Perim diff: ,1.03757, Perim diff Contribution: ,0,Frontier diff: ,0, Frontier diff Contribution ,0,Inverse Area ratio: ,0.657543, Inv Area Ratio Contribution: ,0,Inverse Perim ratio: ,1.0795, Inv Perim Contribution: ,0, Final Score: ,-176.482
Point: ,109,277,Repeat score:,1, Repeat contribution: ,-1,Dist:,34.0248, Dist contribution: ,-170.124, New scanned ratio: ,0.00742354, New Scanned Cells Contribution: ,0,Area ratio: ,0.979668, Area ratio Contribution: ,0,Perim diff: ,1.03509, Perim diff Contribution: ,0,Frontier diff: ,0, Frontier diff Contribution ,0,Inverse Area ratio: ,0.664585, Inv Area Ratio Contribution: ,0,Inverse Perim ratio: ,1.07457, Inv Perim Contribution: ,0, Final Score: ,-171.124
Point: ,104,277,Repeat score:,1, Repeat contribution: ,-1,Dist:,29.0291, Dist contribution: ,-145.146, New scanned ratio: ,0.00667764, New Scanned Cells Contribution: ,0,Area ratio: ,0.979534, Area ratio Contribution: ,0,Perim diff: ,1.03353, Perim diff Contribution: ,0,Frontier diff: ,0, Frontier diff Contribution ,0,Inverse Area ratio: ,0.673733, Inv Area Ratio Contribution: ,0,Inverse Perim ratio: ,1.07135, Inv Perim Contribution: ,0, Final Score: ,-146.146
Point: ,101,275,Repeat score:,1, Repeat contribution: ,-1,Dist:,26.0325, Dist contribution: ,-130.162, New scanned ratio: ,0.00533974, New Scanned Cells Contribution: ,0,Area ratio: ,0.981062, Area ratio Contribution: ,0,Perim diff: ,1.03238, Perim diff Contribution: ,0,Frontier diff: ,0, Frontier diff Contribution ,0,Inverse Area ratio: ,0.690326, Inv Area Ratio Contribution: ,0,Inverse Perim ratio: ,1.06886, Inv Perim Contribution: ,0, Final Score: ,-131.162
Point: ,99,275,Repeat score:,1, Repeat contribution: ,-1,Dist:,24.0352, Dist contribution: ,-120.176, New scanned ratio: ,0.00493719, New Scanned Cells Contribution: ,0,Area ratio: ,0.980929, Area ratio Contribution: ,0,Perim diff: ,1.03279, Perim diff Contribution: ,0,Frontier diff: ,0, Frontier diff Contribution ,0,Inverse Area ratio: ,0.684975, Inv Area Ratio Contribution: ,0,Inverse Perim ratio: ,1.06955, Inv Perim Contribution: ,0, Final Score: ,-121.176
Point: ,95,277,Repeat score:,1, Repeat contribution: ,-1,Dist:,20.0422, Dist contribution: ,-100.211, New scanned ratio: ,0.00486615, New Scanned Cells Contribution: ,0,Area ratio: ,0.978809, Area ratio Contribution: ,0,Perim diff: ,1.03283, Perim diff Contribution: ,0,Frontier diff: ,0, Frontier diff Contribution ,0,Inverse Area ratio: ,0.685365, Inv Area Ratio Contribution: ,0,Inverse Perim ratio: ,1.06995, Inv Perim Contribution: ,0, Final Score: ,-101.211
Point: ,95,282,Repeat score:,1, Repeat contribution: ,-1,Dist:,21.4672, Dist contribution: ,-107.336, New scanned ratio: ,0.006429, New Scanned Cells Contribution: ,0,Area ratio: ,0.975605, Area ratio Contribution: ,0,Perim diff: ,1.03668, Perim diff Contribution: ,0,Frontier diff: ,-1, Frontier diff Contribution ,-0,Inverse Area ratio: ,0.84042, Inv Area Ratio Contribution: ,0,Inverse Perim ratio: ,1.05275, Inv Perim Contribution: ,0, Final Score: ,-108.336
Point: ,92,288,Repeat score:,1, Repeat contribution: ,-1,Dist:,23.0729, Dist contribution: ,-115.365, New scanned ratio: ,0.00627509, New Scanned Cells Contribution: ,0,Area ratio: ,0.974756, Area ratio Contribution: ,0,Perim diff: ,1.041, Perim diff Contribution: ,0,Frontier diff: ,-1, Frontier diff Contribution ,-0,Inverse Area ratio: ,0.844642, Inv Area Ratio Contribution: ,0,Inverse Perim ratio: ,1.05365, Inv Perim Contribution: ,0, Final Score: ,-116.365
Point: ,87,293,Repeat score:,1, Repeat contribution: ,-1,Dist:,25.1478, Dist contribution: ,-125.739, New scanned ratio: ,0.00496087, New Scanned Cells Contribution: ,0,Area ratio: ,0.973432, Area ratio Contribution: ,0,Perim diff: ,1.05649, Perim diff Contribution: ,0,Frontier diff: ,-1, Frontier diff Contribution ,-0,Inverse Area ratio: ,0.838019, Inv Area Ratio Contribution: ,0,Inverse Perim ratio: ,1.05493, Inv Perim Contribution: ,0, Final Score: ,-126.739
Point: ,81,296,Repeat score:,1, Repeat contribution: ,-1,Dist:,26.6833, Dist contribution: ,-133.417, New scanned ratio: ,0.00352826, New Scanned Cells Contribution: ,0,Area ratio: ,0.972732, Area ratio Contribution: ,0,Perim diff: ,1.05163, Perim diff Contribution: ,0,Frontier diff: ,-1, Frontier diff Contribution ,-0,Inverse Area ratio: ,0.855152, Inv Area Ratio Contribution: ,0,Inverse Perim ratio: ,1.05378, Inv Perim Contribution: ,0, Final Score: ,-134.417
Point: ,76,296,Repeat score:,1, Repeat contribution: ,-1,Dist:,26.0192, Dist contribution: ,-130.096, New scanned ratio: ,0.00284155, New Scanned Cells Contribution: ,0,Area ratio: ,0.972641, Area ratio Contribution: ,0,Perim diff: ,1.04475, Perim diff Contribution: ,0,Frontier diff: ,-1, Frontier diff Contribution ,-0,Inverse Area ratio: ,0.863197, Inv Area Ratio Contribution: ,0,Inverse Perim ratio: ,1.05114, Inv Perim Contribution: ,0, Final Score: ,-131.096
Point: ,75,297,Repeat score:,1, Repeat contribution: ,-1,Dist:,27.3, Dist contribution: ,-136.5, New scanned ratio: ,0.00269947, New Scanned Cells Contribution: ,0,Area ratio: ,0.972632, Area ratio Contribution: ,0,Perim diff: ,1.04464, Perim diff Contribution: ,0,Frontier diff: ,-1, Frontier diff Contribution ,-0,Inverse Area ratio: ,0.863903, Inv Area Ratio Contribution: ,0,Inverse Perim ratio: ,1.05151, Inv Perim Contribution: ,0, Final Score: ,-137.5
Point: ,74,296,Repeat score:,1, Repeat contribution: ,-1,Dist:,26.0192, Dist contribution: ,-130.096, New scanned ratio: ,0.00262843, New Scanned Cells Contribution: ,0,Area ratio: ,0.972664, Area ratio Contribution: ,0,Perim diff: ,1.04443, Perim diff Contribution: ,0,Frontier diff: ,-1, Frontier diff Contribution ,-0,Inverse Area ratio: ,0.863941, Inv Area Ratio Contribution: ,0,Inverse Perim ratio: ,1.05251, Inv Perim Contribution: ,0, Final Score: ,-131.096
Point: ,69,296,Repeat score:,1, Repeat contribution: ,-1,Dist:,26.6833, Dist contribution: ,-133.417, New scanned ratio: ,0.00230876, New Scanned Cells Contribution: ,0,Area ratio: ,0.97296, Area ratio Contribution: ,0,Perim diff: ,1.0409, Perim diff Contribution: ,0,Frontier diff: ,-1, Frontier diff Contribution ,-0,Inverse Area ratio: ,0.864657, Inv Area Ratio Contribution: ,0,Inverse Perim ratio: ,1.05176, Inv Perim Contribution: ,0, Final Score: ,-134.417
Point: ,66,294,Repeat score:,1, Repeat contribution: ,-1,Dist:,25.0711, Dist contribution: ,-125.355, New scanned ratio: ,0.00227324, New Scanned Cells Contribution: ,0,Area ratio: ,0.973281, Area ratio Contribution: ,0,Perim diff: ,1.03829, Perim diff Contribution: ,0,Frontier diff: ,-1, Frontier diff Contribution ,-0,Inverse Area ratio: ,0.863357, Inv Area Ratio Contribution: ,0,Inverse Perim ratio: ,1.05356, Inv Perim Contribution: ,0, Final Score: ,-126.355
Point: ,63,294,Repeat score:,1, Repeat contribution: ,-1,Dist:,26.2975, Dist contribution: ,-131.488, New scanned ratio: ,0.00227324, New Scanned Cells Contribution: ,0,Area ratio: ,0.973591, Area ratio Contribution: ,0,Perim diff: ,1.03591, Perim diff Contribution: ,0,Frontier diff: ,-1, Frontier diff Contribution ,-0,Inverse Area ratio: ,0.87037, Inv Area Ratio Contribution: ,0,Inverse Perim ratio: ,1.04931, Inv Perim Contribution: ,0, Final Score: ,-132.488
Point: ,62,295,Repeat score:,1, Repeat contribution: ,-1,Dist:,27.9122, Dist contribution: ,-139.561, New scanned ratio: ,0.00229692, New Scanned Cells Contribution: ,0,Area ratio: ,0.973733, Area ratio Contribution: ,0,Perim diff: ,1.03489, Perim diff Contribution: ,0,Frontier diff: ,-1, Frontier diff Contribution ,-0,Inverse Area ratio: ,0.871872, Inv Area Ratio Contribution: ,0,Inverse Perim ratio: ,1.0495, Inv Perim Contribution: ,0, Final Score: ,-140.561
Point: ,57,295,Repeat score:,1, Repeat contribution: ,-1,Dist:,30.5629, Dist contribution: ,-152.814, New scanned ratio: ,0.00233244, New Scanned Cells Contribution: ,0,Area ratio: ,0.974321, Area ratio Contribution: ,0,Perim diff: ,1.03387, Perim diff Contribution: ,0,Frontier diff: ,-1, Frontier diff Contribution ,-0,Inverse Area ratio: ,0.869221, Inv Area Ratio Contribution: ,0,Inverse Perim ratio: ,1.05052, Inv Perim Contribution: ,0, Final Score: ,-153.814
Point: ,56,296,Repeat score:,1, Repeat contribution: ,-1,Dist:,32.2025, Dist contribution: ,-161.012, New scanned ratio: ,0.00235612, New Scanned Cells Contribution: ,0,Area ratio: ,0.974451, Area ratio Contribution: ,0,Perim diff: ,1.03456, Perim diff Contribution: ,0,Frontier diff: ,-1, Frontier diff Contribution ,-0,Inverse Area ratio: ,0.868951, Inv Area Ratio Contribution: ,0,Inverse Perim ratio: ,1.05196, Inv Perim Contribution: ,0, Final Score: ,-162.012
Point: ,55,295,Repeat score:,1, Repeat contribution: ,-1,Dist:,31.7819, Dist contribution: ,-158.91, New scanned ratio: ,0.00236796, New Scanned Cells Contribution: ,0,Area ratio: ,0.974576, Area ratio Contribution: ,0,Perim diff: ,1.03332, Perim diff Contribution: ,0,Frontier diff: ,-1, Frontier diff Contribution ,-0,Inverse Area ratio: ,0.869539, Inv Area Ratio Contribution: ,0,Inverse Perim ratio: ,1.05093, Inv Perim Contribution: ,0, Final Score: ,-159.91
Point: ,50,295,Repeat score:,1, Repeat contribution: ,-1,Dist:,35.1438, Dist contribution: ,-175.719, New scanned ratio: ,0.00242716, New Scanned Cells Contribution: ,0,Area ratio: ,0.975153, Area ratio Contribution: ,0,Perim diff: ,1.03613, Perim diff Contribution: ,0,Frontier diff: ,-1, Frontier diff Contribution ,-0,Inverse Area ratio: ,0.861379, Inv Area Ratio Contribution: ,0,Inverse Perim ratio: ,1.0558, Inv Perim Contribution: ,0, Final Score: ,-176.719
Point: ,47,293,Repeat score:,1, Repeat contribution: ,-1,Dist:,35.6709, Dist contribution: ,-178.354, New scanned ratio: ,0.00248635, New Scanned Cells Contribution: ,0,Area ratio: ,0.975539, Area ratio Contribution: ,0,Perim diff: ,1.03639, Perim diff Contribution: ,0,Frontier diff: ,-1, Frontier diff Contribution ,-0,Inverse Area ratio: ,0.856669, Inv Area Ratio Contribution: ,0,Inverse Perim ratio: ,1.05616, Inv Perim Contribution: ,0, Final Score: ,-179.354
Point: ,43,295,Repeat score:,1, Repeat contribution: ,-1,Dist:,40.4239, Dist contribution: ,-202.119, New scanned ratio: ,0.00253371, New Scanned Cells Contribution: ,0,Area ratio: ,0.975999, Area ratio Contribution: ,0,Perim diff: ,1.03817, Perim diff Contribution: ,0,Frontier diff: ,-1, Frontier diff Contribution ,-0,Inverse Area ratio: ,0.853458, Inv Area Ratio Contribution: ,0,Inverse Perim ratio: ,1.05995, Inv Perim Contribution: ,0, Final Score: ,-203.119
BEST Point:,95,277, Score: ,-101.211
COUNT COMMAND: 1
Total frontiers: ,102, Prioritised frontiers: ,25
At: ,94,276,
Point: ,131,277,Repeat score:,1, Repeat contribution: ,-1,Dist:,37.0228, Dist contribution: ,-185.114, New scanned ratio: ,0.00769829, New Scanned Cells Contribution: ,0,Area ratio: ,0.981447, Area ratio Contribution: ,0,Perim diff: ,1.03828, Perim diff Contribution: ,0,Frontier diff: ,0, Frontier diff Contribution ,0,Inverse Area ratio: ,0.617382, Inv Area Ratio Contribution: ,0,Inverse Perim ratio: ,1.08035, Inv Perim Contribution: ,0, Final Score: ,-186.114
Point: ,130,278,Repeat score:,1, Repeat contribution: ,-1,Dist:,36.0938, Dist contribution: ,-180.469, New scanned ratio: ,0.00806376, New Scanned Cells Contribution: ,0,Area ratio: ,0.980598, Area ratio Contribution: ,0,Perim diff: ,1.0373, Perim diff Contribution: ,0,Frontier diff: ,0, Frontier diff Contribution ,0,Inverse Area ratio: ,0.613029, Inv Area Ratio Contribution: ,0,Inverse Perim ratio: ,1.07933, Inv Perim Contribution: ,0, Final Score: ,-181.469
Point: ,129,277,Repeat score:,1, Repeat contribution: ,-1,Dist:,35.0241, Dist contribution: ,-175.121, New scanned ratio: ,0.00750967, New Scanned Cells Contribution: ,0,Area ratio: ,0.981506, Area ratio Contribution: ,0,Perim diff: ,1.03581, Perim diff Contribution: ,0,Frontier diff: ,0, Frontier diff Contribution ,0,Inverse Area ratio: ,0.620038, Inv Area Ratio Contribution: ,0,Inverse Perim ratio: ,1.07633, Inv Perim Contribution: ,0, Final Score: ,-176.121
Point: ,124,277,Repeat score:,1, Repeat contribution: ,-1,Dist:,30.0282, Dist contribution: ,-150.141, New scanned ratio: ,0.00681411, New Scanned Cells Contribution: ,0,Area ratio: ,0.98146, Area ratio Contribution: ,0,Perim diff: ,1.03306, Perim diff Contribution: ,0,Frontier diff: ,0, Frontier diff Contribution ,0,Inverse Area ratio: ,0.628966, Inv Area Ratio Contribution: ,0,Inverse Perim ratio: ,1.07081, Inv Perim Contribution: ,0, Final Score: ,-151.141
Point: ,121,275,Repeat score:,1, Repeat contribution: ,-1,Dist:,27.0313, Dist contribution: ,-135.156, New scanned ratio: ,0.00548194, New Scanned Cells Contribution: ,0,Area ratio: ,0.982853, Area ratio Contribution: ,0,Perim diff: ,1.03275, Perim diff Contribution: ,0,Frontier diff: ,0, Frontier diff Contribution ,0,Inverse Area ratio: ,0.645787, Inv Area Ratio Contribution: ,0,Inverse Perim ratio: ,1.0698, Inv Perim Contribution: ,0, Final Score: ,-136.156
Point: ,119,275,Repeat score:,1, Repeat contribution: ,-1,Dist:,25.0338, Dist contribution: ,-125.169, New scanned ratio: ,0.0050929, New Scanned Cells Contribution: ,0,Area ratio: ,0.982732, Area ratio Contribution: ,0,Perim diff: ,1.03246, Perim diff Contribution: ,0,Frontier diff: ,0, Frontier diff Contribution ,0,Inverse Area ratio: ,0.640631, Inv Area Ratio Contribution: ,0,Inverse Perim ratio: ,1.0692, Inv Perim Contribution: ,0, Final Score: ,-126.169
Point: ,116,277,Repeat score:,1, Repeat contribution: ,-1,Dist:,22.0384, Dist contribution: ,-110.192, New scanned ratio: ,0.00524616, New Scanned Cells Contribution: ,0,Area ratio: ,0.980879, Area ratio Contribution: ,0,Perim diff: ,1.03296, Perim diff Contribution: ,0,Frontier diff: ,0, Frontier diff Contribution ,0,Inverse Area ratio: ,0.638667, Inv Area Ratio Contribution: ,0,Inverse Perim ratio: ,1.07054, Inv Perim Contribution: ,0, Final Score: ,-111.192
Point: ,114,277,Repeat score:,1, Repeat contribution: ,-1,Dist:,20.0422, Dist contribution: ,-100.211, New scanned ratio: ,0.00484533, New Scanned Cells Contribution: ,0,Area ratio: ,0.980735, Area ratio Contribution: ,0,Perim diff: ,1.03251, Perim diff Contribution: ,0,Frontier diff: ,0, Frontier diff Contribution ,0,Inverse Area ratio: ,0.643531, Inv Area Ratio Contribution: ,0,Inverse Perim ratio: ,1.06954, Inv Perim Contribution: ,0, Final Score: ,-101.211
Point: ,114,282,Repeat score:,1, Repeat contribution: ,-1,Dist:,21.4672, Dist contribution: ,-107.336, New scanned ratio: ,0.00640149, New Scanned Cells Contribution: ,0,Area ratio: ,0.977659, Area ratio Contribution: ,0,Perim diff: ,1.03632, Perim diff Contribution: ,0,Frontier diff: ,-1, Frontier diff Contribution ,-0,Inverse Area ratio: ,0.818785, Inv Area Ratio Contribution: ,0,Inverse Perim ratio: ,1.05324, Inv Perim Contribution: ,0, Final Score: ,-108.336
Point: ,111,288,Repeat score:,1, Repeat contribution: ,-1,Dist:,23.0729, Dist contribution: ,-115.365, New scanned ratio: ,0.00624823, New Scanned Cells Contribution: ,0,Area ratio: ,0.976787, Area ratio Contribution: ,0,Perim diff: ,1.043, Perim diff Contribution: ,0,Frontier diff: ,-1, Frontier diff Contribution ,-0,Inverse Area ratio: ,0.821614, Inv Area Ratio Contribution: ,0,Inverse Perim ratio: ,1.05351, Inv Perim Contribution: ,0, Final Score: ,-116.365
Point: ,106,293,Repeat score:,1, Repeat contribution: ,-1,Dist:,25.1478, Dist contribution: ,-125.739, New scanned ratio: ,0.00492785, New Scanned Cells Contribution: ,0,Area ratio: ,0.975484, Area ratio Contribution: ,0,Perim diff: ,1.05607, Perim diff Contribution: ,0,Frontier diff: ,-1, Frontier diff Contribution ,-0,Inverse Area ratio: ,0.816081, Inv Area Ratio Contribution: ,0,Inverse Perim ratio: ,1.05508, Inv Perim Contribution: ,0, Final Score: ,-126.739
Point: ,100,296,Repeat score:,1, Repeat contribution: ,-1,Dist:,26.6833, Dist contribution: ,-133.417, New scanned ratio: ,0.00347779, New Scanned Cells Contribution: ,0,Area ratio: ,0.974758, Area ratio Contribution: ,0,Perim diff: ,1.04919, Perim diff Contribution: ,0,Frontier diff: ,-1, Frontier diff Contribution ,-0,Inverse Area ratio: ,0.843031, Inv Area Ratio Contribution: ,0,Inverse Perim ratio: ,1.05277, Inv Perim Contribution: ,0, Final Score: ,-134.417
Point: ,95,296,Repeat score:,1, Repeat contribution: ,-1,Dist:,26.0192, Dist contribution: ,-130.096, New scanned ratio: ,0.00272329, New Scanned Cells Contribution: ,0,Area ratio: ,0.974593, Area ratio Contribution: ,0,Perim diff: ,1.04375, Perim diff Contribution: ,0,Frontier diff: ,-1, Frontier diff Contribution ,-0,Inverse Area ratio: ,0.848753, Inv Area Ratio Contribution: ,0,Inverse Perim ratio: ,1.0515, Inv Perim Contribution: ,0, Final Score: ,-131.096
Point: ,94,297,Repeat score:,1, Repeat contribution: ,-1,Dist:,27.3, Dist contribution: ,-136.5, New scanned ratio: ,0.00258182, New Scanned Cells Contribution: ,0,Area ratio: ,0.974579, Area ratio Contribution: ,0,Perim diff: ,1.04361, Perim diff Contribution: ,0,Frontier diff: ,-1, Frontier diff Contribution ,-0,Inverse Area ratio: ,0.849599, Inv Area Ratio Contribution: ,0,Inverse Perim ratio: ,1.05221, Inv Perim Contribution: ,0, Final Score: ,-137.5
Point: ,93,296,Repeat score:,1, Repeat contribution: ,-1,Dist:,26.0192, Dist contribution: ,-130.096, New scanned ratio: ,0.00249929, New Scanned Cells Contribution: ,0,Area ratio: ,0.974611, Area ratio Contribution: ,0,Perim diff: ,1.04203, Perim diff Contribution: ,0,Frontier diff: ,-1, Frontier diff Contribution ,-0,Inverse Area ratio: ,0.849923, Inv Area Ratio Contribution: ,0,Inverse Perim ratio: ,1.05146, Inv Perim Contribution: ,0, Final Score: ,-131.096
Point: ,88,296,Repeat score:,1, Repeat contribution: ,-1,Dist:,26.6833, Dist contribution: ,-133.417, New scanned ratio: ,0.00212204, New Scanned Cells Contribution: ,0,Area ratio: ,0.974838, Area ratio Contribution: ,0,Perim diff: ,1.03991, Perim diff Contribution: ,0,Frontier diff: ,-1, Frontier diff Contribution ,-0,Inverse Area ratio: ,0.850652, Inv Area Ratio Contribution: ,0,Inverse Perim ratio: ,1.05247, Inv Perim Contribution: ,0, Final Score: ,-134.417
Point: ,85,294,Repeat score:,1, Repeat contribution: ,-1,Dist:,25.0711, Dist contribution: ,-125.355, New scanned ratio: ,0.00205131, New Scanned Cells Contribution: ,0,Area ratio: ,0.97513, Area ratio Contribution: ,0,Perim diff: ,1.03808, Perim diff Contribution: ,0,Frontier diff: ,-1, Frontier diff Contribution ,-0,Inverse Area ratio: ,0.850122, Inv Area Ratio Contribution: ,0,Inverse Perim ratio: ,1.05205, Inv Perim Contribution: ,0, Final Score: ,-126.355
Point: ,81,296,Repeat score:,1, Repeat contribution: ,-1,Dist:,29.0689, Dist contribution: ,-145.344, New scanned ratio: ,0.0020631, New Scanned Cells Contribution: ,0,Area ratio: ,0.97561, Area ratio Contribution: ,0,Perim diff: ,1.03692, Perim diff Contribution: ,0,Frontier diff: ,-1, Frontier diff Contribution ,-0,Inverse Area ratio: ,0.853838, Inv Area Ratio Contribution: ,0,Inverse Perim ratio: ,1.05381, Inv Perim Contribution: ,0, Final Score: ,-146.344
Point: ,76,296,Repeat score:,1, Repeat contribution: ,-1,Dist:,31.6228, Dist contribution: ,-158.114, New scanned ratio: ,0.00212204, New Scanned Cells Contribution: ,0,Area ratio: ,0.976249, Area ratio Contribution: ,0,Perim diff: ,1.03307, Perim diff Contribution: ,0,Frontier diff: ,-1, Frontier diff Contribution ,-0,Inverse Area ratio: ,0.853459, Inv Area Ratio Contribution: ,0,Inverse Perim ratio: ,1.05135, Inv Perim Contribution: ,0, Final Score: ,-159.114
Point: ,75,297,Repeat score:,1, Repeat contribution: ,-1,Dist:,33.2609, Dist contribution: ,-166.305, New scanned ratio: ,0.00212204, New Scanned Cells Contribution: ,0,Area ratio: ,0.976368, Area ratio Contribution: ,0,Perim diff: ,1.03524, Perim diff Contribution: ,0,Frontier diff: ,-1, Frontier diff Contribution ,-0,Inverse Area ratio: ,0.850086, Inv Area Ratio Contribution: ,0,Inverse Perim ratio: ,1.0543, Inv Perim Contribution: ,0, Final Score: ,-167.305
Point: ,74,296,Repeat score:,1, Repeat contribution: ,-1,Dist:,32.8024, Dist contribution: ,-164.012, New scanned ratio: ,0.00213383, New Scanned Cells Contribution: ,0,Area ratio: ,0.97648, Area ratio Contribution: ,0,Perim diff: ,1.03448, Perim diff Contribution: ,0,Frontier diff: ,-1, Frontier diff Contribution ,-0,Inverse Area ratio: ,0.850652, Inv Area Ratio Contribution: ,0,Inverse Perim ratio: ,1.05378, Inv Perim Contribution: ,0, Final Score: ,-165.012
Point: ,69,296,Repeat score:,1, Repeat contribution: ,-1,Dist:,36.0694, Dist contribution: ,-180.347, New scanned ratio: ,0.00220456, New Scanned Cells Contribution: ,0,Area ratio: ,0.977115, Area ratio Contribution: ,0,Perim diff: ,1.03554, Perim diff Contribution: ,0,Frontier diff: ,-1, Frontier diff Contribution ,-0,Inverse Area ratio: ,0.843596, Inv Area Ratio Contribution: ,0,Inverse Perim ratio: ,1.05656, Inv Perim Contribution: ,0, Final Score: ,-181.347
Point: ,66,294,Repeat score:,1, Repeat contribution: ,-1,Dist:,36.4905, Dist contribution: ,-182.453, New scanned ratio: ,0.00225172, New Scanned Cells Contribution: ,0,Area ratio: ,0.977495, Area ratio Contribution: ,0,Perim diff: ,1.03566, Perim diff Contribution: ,0,Frontier diff: ,-1, Frontier diff Contribution ,-0,Inverse Area ratio: ,0.836755, Inv Area Ratio Contribution: ,0,Inverse Perim ratio: ,1.05966, Inv Perim Contribution: ,0, Final Score: ,-183.453
Point: ,63,294,Repeat score:,1, Repeat contribution: ,-1,Dist:,38.8402, Dist contribution: ,-194.201, New scanned ratio: ,0.00226351, New Scanned Cells Contribution: ,0,Area ratio: ,0.977818, Area ratio Contribution: ,0,Perim diff: ,1.03564, Perim diff Contribution: ,0,Frontier diff: ,-1, Frontier diff Contribution ,-0,Inverse Area ratio: ,0.841246, Inv Area Ratio Contribution: ,0,Inverse Perim ratio: ,1.05817, Inv Perim Contribution: ,0, Final Score: ,-195.201
Point: ,62,295,Repeat score:,1, Repeat contribution: ,-1,Dist:,40.4239, Dist contribution: ,-202.119, New scanned ratio: ,0.00228709, New Scanned Cells Contribution: ,0,Area ratio: ,0.97796, Area ratio Contribution: ,0,Perim diff: ,1.03462, Perim diff Contribution: ,0,Frontier diff: ,-1, Frontier diff Contribution ,-0,Inverse Area ratio: ,0.843033, Inv Area Ratio Contribution: ,0,Inverse Perim ratio: ,1.05815, Inv Perim Contribution: ,0, Final Score: ,-203.119
BEST Point:,114,277, Score: ,-101.211
COUNT COMMAND: 1
Total frontiers: ,101, Prioritised frontiers: ,24
At: ,113,276,
Point: ,151,277,Repeat score:,1, Repeat contribution: ,-1,Dist:,38.0222, Dist contribution: ,-190.111, New scanned ratio: ,0.00774766, New Scanned Cells Contribution: ,0,Area ratio: ,0.983235, Area ratio Contribution: ,0,Perim diff: ,1.03903, Perim diff Contribution: ,0,Frontier diff: ,0, Frontier diff Contribution ,0,Inverse Area ratio: ,0.571846, Inv Area Ratio Contribution: ,0,Inverse Perim ratio: ,1.08207, Inv Perim Contribution: ,0, Final Score: ,-191.111
Point: ,150,278,Repeat score:,1, Repeat contribution: ,-1,Dist:,37.0912, Dist contribution: ,-185.456, New scanned ratio: ,0.00812331, New Scanned Cells Contribution: ,0,Area ratio: ,0.982466, Area ratio Contribution: ,0,Perim diff: ,1.0391, Perim diff Contribution: ,0,Frontier diff: ,0, Frontier diff Contribution ,0,Inverse Area ratio: ,0.567197, Inv Area Ratio Contribution: ,0,Inverse Perim ratio: ,1.08287, Inv Perim Contribution: ,0, Final Score: ,-186.456
Point: ,149,277,Repeat score:,1, Repeat contribution: ,-1,Dist:,36.0235, Dist contribution: ,-180.117, New scanned ratio: ,0.00758332, New Scanned Cells Contribution: ,0,Area ratio: ,0.983318, Area ratio Contribution: ,0,Perim diff: ,1.03656, Perim diff Contribution: ,0,Frontier diff: ,0, Frontier diff Contribution ,0,Inverse Area ratio: ,0.574246, Inv Area Ratio Contribution: ,0,Inverse Perim ratio: ,1.07796, Inv Perim Contribution: ,0, Final Score: ,-181.117
Point: ,144,277,Repeat score:,1, Repeat contribution: ,-1,Dist:,31.0272, Dist contribution: ,-155.136, New scanned ratio: ,0.00693768, New Scanned Cells Contribution: ,0,Area ratio: ,0.983324, Area ratio Contribution: ,0,Perim diff: ,1.03368, Perim diff Contribution: ,0,Frontier diff: ,0, Frontier diff Contribution ,0,Inverse Area ratio: ,0.582721, Inv Area Ratio Contribution: ,0,Inverse Perim ratio: ,1.07229, Inv Perim Contribution: ,0, Final Score: ,-156.136
Point: ,141,275,Repeat score:,1, Repeat contribution: ,-1,Dist:,28.0302, Dist contribution: ,-140.151, New scanned ratio: ,0.00562292, New Scanned Cells Contribution: ,0,Area ratio: ,0.984611, Area ratio Contribution: ,0,Perim diff: ,1.03227, Perim diff Contribution: ,0,Frontier diff: ,0, Frontier diff Contribution ,0,Inverse Area ratio: ,0.59982, Inv Area Ratio Contribution: ,0,Inverse Perim ratio: ,1.06924, Inv Perim Contribution: ,0, Final Score: ,-141.151
Point: ,139,275,Repeat score:,1, Repeat contribution: ,-1,Dist:,26.0325, Dist contribution: ,-130.162, New scanned ratio: ,0.00524728, New Scanned Cells Contribution: ,0,Area ratio: ,0.984491, Area ratio Contribution: ,0,Perim diff: ,1.0323, Perim diff Contribution: ,0,Frontier diff: ,0, Frontier diff Contribution ,0,Inverse Area ratio: ,0.595289, Inv Area Ratio Contribution: ,0,Inverse Perim ratio: ,1.06923, Inv Perim Contribution: ,0, Final Score: ,-131.162
Point: ,136,277,Repeat score:,1, Repeat contribution: ,-1,Dist:,23.0367, Dist contribution: ,-115.184, New scanned ratio: ,0.00542336, New Scanned Cells Contribution: ,0,Area ratio: ,0.982788, Area ratio Contribution: ,0,Perim diff: ,1.03267, Perim diff Contribution: ,0,Frontier diff: ,0, Frontier diff Contribution ,0,Inverse Area ratio: ,0.592814, Inv Area Ratio Contribution: ,0,Inverse Perim ratio: ,1.07037, Inv Perim Contribution: ,0, Final Score: ,-116.184
Point: ,133,277,Repeat score:,1, Repeat contribution: ,-1,Dist:,20.0422, Dist contribution: ,-100.211, New scanned ratio: ,0.00482468, New Scanned Cells Contribution: ,0,Area ratio: ,0.982584, Area ratio Contribution: ,0,Perim diff: ,1.03235, Perim diff Contribution: ,0,Frontier diff: ,0, Frontier diff Contribution ,0,Inverse Area ratio: ,0.600339, Inv Area Ratio Contribution: ,0,Inverse Perim ratio: ,1.06918, Inv Perim Contribution: ,0, Final Score: ,-101.211
Point: ,133,282,Repeat score:,1, Repeat contribution: ,-1,Dist:,21.4672, Dist contribution: ,-107.336, New scanned ratio: ,0.00637421, New Scanned Cells Contribution: ,0,Area ratio: ,0.979643, Area ratio Contribution: ,0,Perim diff: ,1.03628, Perim diff Contribution: ,0,Frontier diff: ,-1, Frontier diff Contribution ,-0,Inverse Area ratio: ,0.793003, Inv Area Ratio Contribution: ,0,Inverse Perim ratio: ,1.05334, Inv Perim Contribution: ,0, Final Score: ,-108.336
Point: ,130,288,Repeat score:,1, Repeat contribution: ,-1,Dist:,23.0729, Dist contribution: ,-115.365, New scanned ratio: ,0.00622161, New Scanned Cells Contribution: ,0,Area ratio: ,0.978794, Area ratio Contribution: ,0,Perim diff: ,1.04284, Perim diff Contribution: ,0,Frontier diff: ,-1, Frontier diff Contribution ,-0,Inverse Area ratio: ,0.796137, Inv Area Ratio Contribution: ,0,Inverse Perim ratio: ,1.05383, Inv Perim Contribution: ,0, Final Score: ,-116.365
Point: ,125,293,Repeat score:,1, Repeat contribution: ,-1,Dist:,25.1478, Dist contribution: ,-125.739, New scanned ratio: ,0.00490685, New Scanned Cells Contribution: ,0,Area ratio: ,0.977522, Area ratio Contribution: ,0,Perim diff: ,1.0542, Perim diff Contribution: ,0,Frontier diff: ,-1, Frontier diff Contribution ,-0,Inverse Area ratio: ,0.792996, Inv Area Ratio Contribution: ,0,Inverse Perim ratio: ,1.05411, Inv Perim Contribution: ,0, Final Score: ,-126.739
Point: ,119,296,Repeat score:,1, Repeat contribution: ,-1,Dist:,26.6833, Dist contribution: ,-133.417, New scanned ratio: ,0.00346297, New Scanned Cells Contribution: ,0,Area ratio: ,0.976821, Area ratio Contribution: ,0,Perim diff: ,1.04918, Perim diff Contribution: ,0,Frontier diff: ,-1, Frontier diff Contribution ,-0,Inverse Area ratio: ,0.820261, Inv Area Ratio Contribution: ,0,Inverse Perim ratio: ,1.05301, Inv Perim Contribution: ,0, Final Score: ,-134.417
Point: ,114,296,Repeat score:,1, Repeat contribution: ,-1,Dist:,26.0192, Dist contribution: ,-130.096, New scanned ratio: ,0.00271168, New Scanned Cells Contribution: ,0,Area ratio: ,0.976658, Area ratio Contribution: ,0,Perim diff: ,1.04376, Perim diff Contribution: ,0,Frontier diff: ,-1, Frontier diff Contribution ,-0,Inverse Area ratio: ,0.825622, Inv Area Ratio Contribution: ,0,Inverse Perim ratio: ,1.05174, Inv Perim Contribution: ,0, Final Score: ,-131.096
Point: ,113,297,Repeat score:,1, Repeat contribution: ,-1,Dist:,27.3, Dist contribution: ,-136.5, New scanned ratio: ,0.00257081, New Scanned Cells Contribution: ,0,Area ratio: ,0.976644, Area ratio Contribution: ,0,Perim diff: ,1.04362, Perim diff Contribution: ,0,Frontier diff: ,-1, Frontier diff Contribution ,-0,Inverse Area ratio: ,0.826547, Inv Area Ratio Contribution: ,0,Inverse Perim ratio: ,1.05244, Inv Perim Contribution: ,0, Final Score: ,-137.5
Point: ,112,296,Repeat score:,1, Repeat contribution: ,-1,Dist:,26.0192, Dist contribution: ,-130.096, New scanned ratio: ,0.00248864, New Scanned Cells Contribution: ,0,Area ratio: ,0.976675, Area ratio Contribution: ,0,Perim diff: ,1.04205, Perim diff Contribution: ,0,Frontier diff: ,-1, Frontier diff Contribution ,-0,Inverse Area ratio: ,0.826927, Inv Area Ratio Contribution: ,0,Inverse Perim ratio: ,1.0517, Inv Perim Contribution: ,0, Final Score: ,-131.096
Point: ,107,296,Repeat score:,1, Repeat contribution: ,-1,Dist:,26.6833, Dist contribution: ,-133.417, New scanned ratio: ,0.002113, New Scanned Cells Contribution: ,0,Area ratio: ,0.976904, Area ratio Contribution: ,0,Perim diff: ,1.03995, Perim diff Contribution: ,0,Frontier diff: ,-1, Frontier diff Contribution ,-0,Inverse Area ratio: ,0.827843, Inv Area Ratio Contribution: ,0,Inverse Perim ratio: ,1.0527, Inv Perim Contribution: ,0, Final Score: ,-134.417
Point: ,104,294,Repeat score:,1, Repeat contribution: ,-1,Dist:,25.0711, Dist contribution: ,-125.355, New scanned ratio: ,0.00204257, New Scanned Cells Contribution: ,0,Area ratio: ,0.977178, Area ratio Contribution: ,0,Perim diff: ,1.03787, Perim diff Contribution: ,0,Frontier diff: ,-1, Frontier diff Contribution ,-0,Inverse Area ratio: ,0.833333, Inv Area Ratio Contribution: ,0,Inverse Perim ratio: ,1.05232, Inv Perim Contribution: ,0, Final Score: ,-126.355
Point: ,100,296,Repeat score:,1, Repeat contribution: ,-1,Dist:,29.0689, Dist contribution: ,-145.344, New scanned ratio: ,0.00201909, New Scanned Cells Contribution: ,0,Area ratio: ,0.977641, Area ratio Contribution: ,0,Perim diff: ,1.03486, Perim diff Contribution: ,0,Frontier diff: ,-1, Frontier diff Contribution ,-0,Inverse Area ratio: ,0.841204, Inv Area Ratio Contribution: ,0,Inverse Perim ratio: ,1.05249, Inv Perim Contribution: ,0, Final Score: ,-146.344
Point: ,95,296,Repeat score:,1, Repeat contribution: ,-1,Dist:,31.6228, Dist contribution: ,-158.114, New scanned ratio: ,0.00200735, New Scanned Cells Contribution: ,0,Area ratio: ,0.978205, Area ratio Contribution: ,0,Perim diff: ,1.03245, Perim diff Contribution: ,0,Frontier diff: ,-1, Frontier diff Contribution ,-0,Inverse Area ratio: ,0.837814, Inv Area Ratio Contribution: ,0,Inverse Perim ratio: ,1.05144, Inv Perim Contribution: ,0, Final Score: ,-159.114
Point: ,94,297,Repeat score:,1, Repeat contribution: ,-1,Dist:,33.2609, Dist contribution: ,-166.305, New scanned ratio: ,0.00200735, New Scanned Cells Contribution: ,0,Area ratio: ,0.978318, Area ratio Contribution: ,0,Perim diff: ,1.03459, Perim diff Contribution: ,0,Frontier diff: ,-1, Frontier diff Contribution ,-0,Inverse Area ratio: ,0.834373, Inv Area Ratio Contribution: ,0,Inverse Perim ratio: ,1.05473, Inv Perim Contribution: ,0, Final Score: ,-167.305
Point: ,93,296,Repeat score:,1, Repeat contribution: ,-1,Dist:,32.8024, Dist contribution: ,-164.012, New scanned ratio: ,0.00200735, New Scanned Cells Contribution: ,0,Area ratio: ,0.97843, Area ratio Contribution: ,0,Perim diff: ,1.03246, Perim diff Contribution: ,0,Frontier diff: ,-1, Frontier diff Contribution ,-0,Inverse Area ratio: ,0.835239, Inv Area Ratio Contribution: ,0,Inverse Perim ratio: ,1.05244, Inv Perim Contribution: ,0, Final Score: ,-165.012
Point: ,88,296,Repeat score:,1, Repeat contribution: ,-1,Dist:,36.0694, Dist contribution: ,-180.347, New scanned ratio: ,0.00201909, New Scanned Cells Contribution: ,0,Area ratio: ,0.978995, Area ratio Contribution: ,0,Perim diff: ,1.03492, Perim diff Contribution: ,0,Frontier diff: ,-1, Frontier diff Contribution ,-0,Inverse Area ratio: ,0.827793, Inv Area Ratio Contribution: ,0,Inverse Perim ratio: ,1.057, Inv Perim Contribution: ,0, Final Score: ,-181.347
Point: ,85,294,Repeat score:,1, Repeat contribution: ,-1,Dist:,36.4905, Dist contribution: ,-182.453, New scanned ratio: ,0.00203083, New Scanned Cells Contribution: ,0,Area ratio: ,0.979346, Area ratio Contribution: ,0,Perim diff: ,1.03583, Perim diff Contribution: ,0,Frontier diff: ,-1, Frontier diff Contribution ,-0,Inverse Area ratio: ,0.821493, Inv Area Ratio Contribution: ,0,Inverse Perim ratio: ,1.05786, Inv Perim Contribution: ,0, Final Score: ,-183.453
Point: ,81,296,Repeat score:,1, Repeat contribution: ,-1,Dist:,41.2311, Dist contribution: ,-206.155, New scanned ratio: ,0.0020543, New Scanned Cells Contribution: ,0,Area ratio: ,0.979822, Area ratio Contribution: ,0,Perim diff: ,1.03708, Perim diff Contribution: ,0,Frontier diff: ,-1, Frontier diff Contribution ,-0,Inverse Area ratio: ,0.823468, Inv Area Ratio Contribution: ,0,Inverse Perim ratio: ,1.06182, Inv Perim Contribution: ,0, Final Score: ,-207.155
BEST Point:,133,277, Score: ,-101.211
COUNT COMMAND: 1
Total frontiers: ,100, Prioritised frontiers: ,24
At: ,132,276,
Point: ,171,277,Repeat score:,1, Repeat contribution: ,-1,Dist:,39.0217, Dist contribution: ,-195.108, New scanned ratio: ,0.00778492, New Scanned Cells Contribution: ,0,Area ratio: ,0.984782, Area ratio Contribution: ,0,Perim diff: ,1.03969, Perim diff Contribution: ,0,Frontier diff: ,0, Frontier diff Contribution ,0,Inverse Area ratio: ,0.524859, Inv Area Ratio Contribution: ,0,Inverse Perim ratio: ,1.0838, Inv Perim Contribution: ,0, Final Score: ,-196.108
Point: ,170,278,Repeat score:,1, Repeat contribution: ,-1,Dist:,38.0888, Dist contribution: ,-190.444, New scanned ratio: ,0.00818235, New Scanned Cells Contribution: ,0,Area ratio: ,0.98403, Area ratio Contribution: ,0,Perim diff: ,1.03862, Perim diff Contribution: ,0,Frontier diff: ,0, Frontier diff Contribution ,0,Inverse Area ratio: ,0.519979, Inv Area Ratio Contribution: ,0,Inverse Perim ratio: ,1.08268, Inv Perim Contribution: ,0, Final Score: ,-191.444
Point: ,169,277,Repeat score:,1, Repeat contribution: ,-1,Dist:,37.0228, Dist contribution: ,-185.114, New scanned ratio: ,0.00764465, New Scanned Cells Contribution: ,0,Area ratio: ,0.984922, Area ratio Contribution: ,0,Perim diff: ,1.03741, Perim diff Contribution: ,0,Frontier diff: ,0, Frontier diff Contribution ,0,Inverse Area ratio: ,0.526994, Inv Area Ratio Contribution: ,0,Inverse Perim ratio: ,1.07969, Inv Perim Contribution: ,0, Final Score: ,-186.114
Point: ,164,277,Repeat score:,1, Repeat contribution: ,-1,Dist:,32.0264, Dist contribution: ,-160.132, New scanned ratio: ,0.0070602, New Scanned Cells Contribution: ,0,Area ratio: ,0.985038, Area ratio Contribution: ,0,Perim diff: ,1.03332, Perim diff Contribution: ,0,Frontier diff: ,0, Frontier diff Contribution ,0,Inverse Area ratio: ,0.535001, Inv Area Ratio Contribution: ,0,Inverse Perim ratio: ,1.0721, Inv Perim Contribution: ,0, Final Score: ,-161.132
Point: ,161,275,Repeat score:,1, Repeat contribution: ,-1,Dist:,29.0291, Dist contribution: ,-145.146, New scanned ratio: ,0.00575102, New Scanned Cells Contribution: ,0,Area ratio: ,0.986377, Area ratio Contribution: ,0,Perim diff: ,1.03293, Perim diff Contribution: ,0,Frontier diff: ,0, Frontier diff Contribution ,0,Inverse Area ratio: ,0.552082, Inv Area Ratio Contribution: ,0,Inverse Perim ratio: ,1.0708, Inv Perim Contribution: ,0, Final Score: ,-146.146
Point: ,159,275,Repeat score:,1, Repeat contribution: ,-1,Dist:,27.0313, Dist contribution: ,-135.156, New scanned ratio: ,0.00538866, New Scanned Cells Contribution: ,0,Area ratio: ,0.986264, Area ratio Contribution: ,0,Perim diff: ,1.0326, Perim diff Contribution: ,0,Frontier diff: ,0, Frontier diff Contribution ,0,Inverse Area ratio: ,0.54815, Inv Area Ratio Contribution: ,0,Inverse Perim ratio: ,1.07014, Inv Perim Contribution: ,0, Final Score: ,-136.156
Point: ,156,277,Repeat score:,1, Repeat contribution: ,-1,Dist:,24.0352, Dist contribution: ,-120.176, New scanned ratio: ,0.00558738, New Scanned Cells Contribution: ,0,Area ratio: ,0.984629, Area ratio Contribution: ,0,Perim diff: ,1.03273, Perim diff Contribution: ,0,Frontier diff: ,0, Frontier diff Contribution ,0,Inverse Area ratio: ,0.545598, Inv Area Ratio Contribution: ,0,Inverse Perim ratio: ,1.0709, Inv Perim Contribution: ,0, Final Score: ,-121.176
Point: ,152,277,Repeat score:,1, Repeat contribution: ,-1,Dist:,20.0422, Dist contribution: ,-100.211, New scanned ratio: ,0.00480421, New Scanned Cells Contribution: ,0,Area ratio: ,0.984413, Area ratio Contribution: ,0,Perim diff: ,1.03203, Perim diff Contribution: ,0,Frontier diff: ,0, Frontier diff Contribution ,0,Inverse Area ratio: ,0.555572, Inv Area Ratio Contribution: ,0,Inverse Perim ratio: ,1.06948, Inv Perim Contribution: ,0, Final Score: ,-101.211
Point: ,152,282,Repeat score:,1, Repeat contribution: ,-1,Dist:,21.4672, Dist contribution: ,-107.336, New scanned ratio: ,0.00634717, New Scanned Cells Contribution: ,0,Area ratio: ,0.98147, Area ratio Contribution: ,0,Perim diff: ,1.03591, Perim diff Contribution: ,0,Frontier diff: ,-1, Frontier diff Contribution ,-0,Inverse Area ratio: ,0.764068, Inv Area Ratio Contribution: ,0,Inverse Perim ratio: ,1.05333, Inv Perim Contribution: ,0, Final Score: ,-108.336
Point: ,149,288,Repeat score:,1, Repeat contribution: ,-1,Dist:,23.0729, Dist contribution: ,-115.365, New scanned ratio: ,0.00619521, New Scanned Cells Contribution: ,0,Area ratio: ,0.980622, Area ratio Contribution: ,0,Perim diff: ,1.04246, Perim diff Contribution: ,0,Frontier diff: ,-1, Frontier diff Contribution ,-0,Inverse Area ratio: ,0.767442, Inv Area Ratio Contribution: ,0,Inverse Perim ratio: ,1.05377, Inv Perim Contribution: ,0, Final Score: ,-116.365
Point: ,144,293,Repeat score:,1, Repeat contribution: ,-1,Dist:,25.1478, Dist contribution: ,-125.739, New scanned ratio: ,0.00488603, New Scanned Cells Contribution: ,0,Area ratio: ,0.979398, Area ratio Contribution: ,0,Perim diff: ,1.0526, Perim diff Contribution: ,0,Frontier diff: ,-1, Frontier diff Contribution ,-0,Inverse Area ratio: ,0.766413, Inv Area Ratio Contribution: ,0,Inverse Perim ratio: ,1.0539, Inv Perim Contribution: ,0, Final Score: ,-126.739
Point: ,138,296,Repeat score:,1, Repeat contribution: ,-1,Dist:,26.6833, Dist contribution: ,-133.417, New scanned ratio: ,0.00344828, New Scanned Cells Contribution: ,0,Area ratio: ,0.97874, Area ratio Contribution: ,0,Perim diff: ,1.04883, Perim diff Contribution: ,0,Frontier diff: ,-1, Frontier diff Contribution ,-0,Inverse Area ratio: ,0.793836, Inv Area Ratio Contribution: ,0,Inverse Perim ratio: ,1.05308, Inv Perim Contribution: ,0, Final Score: ,-134.417
Point: ,133,296,Repeat score:,1, Repeat contribution: ,-1,Dist:,26.0192, Dist contribution: ,-130.096, New scanned ratio: ,0.00270018, New Scanned Cells Contribution: ,0,Area ratio: ,0.978635, Area ratio Contribution: ,0,Perim diff: ,1.04343, Perim diff Contribution: ,0,Frontier diff: ,-1, Frontier diff Contribution ,-0,Inverse Area ratio: ,0.799775, Inv Area Ratio Contribution: ,0,Inverse Perim ratio: ,1.05181, Inv Perim Contribution: ,0, Final Score: ,-131.096
Point: ,132,297,Repeat score:,1, Repeat contribution: ,-1,Dist:,27.3, Dist contribution: ,-136.5, New scanned ratio: ,0.00255991, New Scanned Cells Contribution: ,0,Area ratio: ,0.978632, Area ratio Contribution: ,0,Perim diff: ,1.0433, Perim diff Contribution: ,0,Frontier diff: ,-1, Frontier diff Contribution ,-0,Inverse Area ratio: ,0.800795, Inv Area Ratio Contribution: ,0,Inverse Perim ratio: ,1.05252, Inv Perim Contribution: ,0, Final Score: ,-137.5
Point: ,131,296,Repeat score:,1, Repeat contribution: ,-1,Dist:,26.0192, Dist contribution: ,-130.096, New scanned ratio: ,0.00247808, New Scanned Cells Contribution: ,0,Area ratio: ,0.97867, Area ratio Contribution: ,0,Perim diff: ,1.04173, Perim diff Contribution: ,0,Frontier diff: ,-1, Frontier diff Contribution ,-0,Inverse Area ratio: ,0.801241, Inv Area Ratio Contribution: ,0,Inverse Perim ratio: ,1.05177, Inv Perim Contribution: ,0, Final Score: ,-131.096
Point: ,126,296,Repeat score:,1, Repeat contribution: ,-1,Dist:,26.6833, Dist contribution: ,-133.417, New scanned ratio: ,0.00210403, New Scanned Cells Contribution: ,0,Area ratio: ,0.978927, Area ratio Contribution: ,0,Perim diff: ,1.03965, Perim diff Contribution: ,0,Frontier diff: ,-1, Frontier diff Contribution ,-0,Inverse Area ratio: ,0.802384, Inv Area Ratio Contribution: ,0,Inverse Perim ratio: ,1.05278, Inv Perim Contribution: ,0, Final Score: ,-134.417
Point: ,123,294,Repeat score:,1, Repeat contribution: ,-1,Dist:,25.0711, Dist contribution: ,-125.355, New scanned ratio: ,0.0020339, New Scanned Cells Contribution: ,0,Area ratio: ,0.979218, Area ratio Contribution: ,0,Perim diff: ,1.03758, Perim diff Contribution: ,0,Frontier diff: ,-1, Frontier diff Contribution ,-0,Inverse Area ratio: ,0.809626, Inv Area Ratio Contribution: ,0,Inverse Perim ratio: ,1.05244, Inv Perim Contribution: ,0, Final Score: ,-126.355
Point: ,119,296,Repeat score:,1, Repeat contribution: ,-1,Dist:,29.0689, Dist contribution: ,-145.344, New scanned ratio: ,0.00201052, New Scanned Cells Contribution: ,0,Area ratio: ,0.979692, Area ratio Contribution: ,0,Perim diff: ,1.03458, Perim diff Contribution: ,0,Frontier diff: ,-1, Frontier diff Contribution ,-0,Inverse Area ratio: ,0.817091, Inv Area Ratio Contribution: ,0,Inverse Perim ratio: ,1.0527, Inv Perim Contribution: ,0, Final Score: ,-146.344
Point: ,114,296,Repeat score:,1, Repeat contribution: ,-1,Dist:,31.6228, Dist contribution: ,-158.114, New scanned ratio: ,0.00199883, New Scanned Cells Contribution: ,0,Area ratio: ,0.980256, Area ratio Contribution: ,0,Perim diff: ,1.03219, Perim diff Contribution: ,0,Frontier diff: ,-1, Frontier diff Contribution ,-0,Inverse Area ratio: ,0.812691, Inv Area Ratio Contribution: ,0,Inverse Perim ratio: ,1.05165, Inv Perim Contribution: ,0, Final Score: ,-159.114
Point: ,113,297,Repeat score:,1, Repeat contribution: ,-1,Dist:,33.2609, Dist contribution: ,-166.305, New scanned ratio: ,0.00199883, New Scanned Cells Contribution: ,0,Area ratio: ,0.980368, Area ratio Contribution: ,0,Perim diff: ,1.03433, Perim diff Contribution: ,0,Frontier diff: ,-1, Frontier diff Contribution ,-0,Inverse Area ratio: ,0.809146, Inv Area Ratio Contribution: ,0,Inverse Perim ratio: ,1.05494, Inv Perim Contribution: ,0, Final Score: ,-167.305
Point: ,112,296,Repeat score:,1, Repeat contribution: ,-1,Dist:,32.8024, Dist contribution: ,-164.012, New scanned ratio: ,0.00199883, New Scanned Cells Contribution: ,0,Area ratio: ,0.980481, Area ratio Contribution: ,0,Perim diff: ,1.03221, Perim diff Contribution: ,0,Frontier diff: ,-1, Frontier diff Contribution ,-0,Inverse Area ratio: ,0.810047, Inv Area Ratio Contribution: ,0,Inverse Perim ratio: ,1.05265, Inv Perim Contribution: ,0, Final Score: ,-165.012
Point: ,107,296,Repeat score:,1, Repeat contribution: ,-1,Dist:,36.0694, Dist contribution: ,-180.347, New scanned ratio: ,0.00201052, New Scanned Cells Contribution: ,0,Area ratio: ,0.981046, Area ratio Contribution: ,0,Perim diff: ,1.03469, Perim diff Contribution: ,0,Frontier diff: ,-1, Frontier diff Contribution ,-0,Inverse Area ratio: ,0.802398, Inv Area Ratio Contribution: ,0,Inverse Perim ratio: ,1.05721, Inv Perim Contribution: ,0, Final Score: ,-181.347
Point: ,104,294,Repeat score:,1, Repeat contribution: ,-1,Dist:,36.4905, Dist contribution: ,-182.453, New scanned ratio: ,0.00202221, New Scanned Cells Contribution: ,0,Area ratio: ,0.98138, Area ratio Contribution: ,0,Perim diff: ,1.03536, Perim diff Contribution: ,0,Frontier diff: ,-1, Frontier diff Contribution ,-0,Inverse Area ratio: ,0.801995, Inv Area Ratio Contribution: ,0,Inverse Perim ratio: ,1.05811, Inv Perim Contribution: ,0, Final Score: ,-183.453
Point: ,100,296,Repeat score:,1, Repeat contribution: ,-1,Dist:,41.2311, Dist contribution: ,-206.155, New scanned ratio: ,0.00201052, New Scanned Cells Contribution: ,0,Area ratio: ,0.981838, Area ratio Contribution: ,0,Perim diff: ,1.03474, Perim diff Contribution: ,0,Frontier diff: ,-1, Frontier diff Contribution ,-0,Inverse Area ratio: ,0.808098, Inv Area Ratio Contribution: ,0,Inverse Perim ratio: ,1.06049, Inv Perim Contribution: ,0, Final Score: ,-207.155
BEST Point:,152,277, Score: ,-101.211
COUNT COMMAND: 1
Total frontiers: ,99, Prioritised frontiers: ,23
At: ,151,276,
Point: ,190,278,Repeat score:,1, Repeat contribution: ,-1,Dist:,39.0866, Dist contribution: ,-195.433, New scanned ratio: ,0.00821762, New Scanned Cells Contribution: ,0,Area ratio: ,0.985569, Area ratio Contribution: ,0,Perim diff: ,1.04029, Perim diff Contribution: ,0,Frontier diff: ,0, Frontier diff Contribution ,0,Inverse Area ratio: ,0.465492, Inv Area Ratio Contribution: ,0,Inverse Perim ratio: ,1.08629, Inv Perim Contribution: ,0, Final Score: ,-196.433
Point: ,189,277,Repeat score:,1, Repeat contribution: ,-1,Dist:,38.0222, Dist contribution: ,-190.111, New scanned ratio: ,0.00769383, New Scanned Cells Contribution: ,0,Area ratio: ,0.986466, Area ratio Contribution: ,0,Perim diff: ,1.03798, Perim diff Contribution: ,0,Frontier diff: ,0, Frontier diff Contribution ,0,Inverse Area ratio: ,0.472463, Inv Area Ratio Contribution: ,0,Inverse Perim ratio: ,1.08139, Inv Perim Contribution: ,0, Final Score: ,-191.111
Point: ,184,277,Repeat score:,1, Repeat contribution: ,-1,Dist:,33.0256, Dist contribution: ,-165.128, New scanned ratio: ,0.00717004, New Scanned Cells Contribution: ,0,Area ratio: ,0.98664, Area ratio Contribution: ,0,Perim diff: ,1.03357, Perim diff Contribution: ,0,Frontier diff: ,0, Frontier diff Contribution ,0,Inverse Area ratio: ,0.479816, Inv Area Ratio Contribution: ,0,Inverse Perim ratio: ,1.07318, Inv Perim Contribution: ,0, Final Score: ,-166.128
Point: ,181,275,Repeat score:,1, Repeat contribution: ,-1,Dist:,30.0282, Dist contribution: ,-150.141, New scanned ratio: ,0.00587804, New Scanned Cells Contribution: ,0,Area ratio: ,0.987917, Area ratio Contribution: ,0,Perim diff: ,1.03255, Perim diff Contribution: ,0,Frontier diff: ,0, Frontier diff Contribution ,0,Inverse Area ratio: ,0.496821, Inv Area Ratio Contribution: ,0,Inverse Perim ratio: ,1.0706, Inv Perim Contribution: ,0, Final Score: ,-151.141
Point: ,179,275,Repeat score:,1, Repeat contribution: ,-1,Dist:,28.0302, Dist contribution: ,-140.151, New scanned ratio: ,0.00552885, New Scanned Cells Contribution: ,0,Area ratio: ,0.987833, Area ratio Contribution: ,0,Perim diff: ,1.03201, Perim diff Contribution: ,0,Frontier diff: ,0, Frontier diff Contribution ,0,Inverse Area ratio: ,0.499733, Inv Area Ratio Contribution: ,0,Inverse Perim ratio: ,1.06957, Inv Perim Contribution: ,0, Final Score: ,-141.151
Point: ,176,277,Repeat score:,1, Repeat contribution: ,-1,Dist:,25.0338, Dist contribution: ,-125.169, New scanned ratio: ,0.00575, New Scanned Cells Contribution: ,0,Area ratio: ,0.986298, Area ratio Contribution: ,0,Perim diff: ,1.03221, Perim diff Contribution: ,0,Frontier diff: ,0, Frontier diff Contribution ,0,Inverse Area ratio: ,0.496569, Inv Area Ratio Contribution: ,0,Inverse Perim ratio: ,1.07051, Inv Perim Contribution: ,0, Final Score: ,-126.169
Point: ,171,277,Repeat score:,1, Repeat contribution: ,-1,Dist:,20.0422, Dist contribution: ,-100.211, New scanned ratio: ,0.00478391, New Scanned Cells Contribution: ,0,Area ratio: ,0.986018, Area ratio Contribution: ,0,Perim diff: ,1.03165, Perim diff Contribution: ,0,Frontier diff: ,0, Frontier diff Contribution ,0,Inverse Area ratio: ,0.509379, Inv Area Ratio Contribution: ,0,Inverse Perim ratio: ,1.06929, Inv Perim Contribution: ,0, Final Score: ,-101.211
Point: ,171,282,Repeat score:,1, Repeat contribution: ,-1,Dist:,21.4672, Dist contribution: ,-107.336, New scanned ratio: ,0.00632035, New Scanned Cells Contribution: ,0,Area ratio: ,0.983289, Area ratio Contribution: ,0,Perim diff: ,1.03545, Perim diff Contribution: ,0,Frontier diff: ,-1, Frontier diff Contribution ,-0,Inverse Area ratio: ,0.731362, Inv Area Ratio Contribution: ,0,Inverse Perim ratio: ,1.05327, Inv Perim Contribution: ,0, Final Score: ,-108.336
Point: ,168,288,Repeat score:,1, Repeat contribution: ,-1,Dist:,23.0729, Dist contribution: ,-115.365, New scanned ratio: ,0.00616903, New Scanned Cells Contribution: ,0,Area ratio: ,0.982442, Area ratio Contribution: ,0,Perim diff: ,1.04198, Perim diff Contribution: ,0,Frontier diff: ,-1, Frontier diff Contribution ,-0,Inverse Area ratio: ,0.735015, Inv Area Ratio Contribution: ,0,Inverse Perim ratio: ,1.05366, Inv Perim Contribution: ,0, Final Score: ,-116.365
Point: ,163,293,Repeat score:,1, Repeat contribution: ,-1,Dist:,25.1478, Dist contribution: ,-125.739, New scanned ratio: ,0.00486539, New Scanned Cells Contribution: ,0,Area ratio: ,0.981233, Area ratio Contribution: ,0,Perim diff: ,1.05161, Perim diff Contribution: ,0,Frontier diff: ,-1, Frontier diff Contribution ,-0,Inverse Area ratio: ,0.734725, Inv Area Ratio Contribution: ,0,Inverse Perim ratio: ,1.05383, Inv Perim Contribution: ,0, Final Score: ,-126.739
Point: ,157,296,Repeat score:,1, Repeat contribution: ,-1,Dist:,26.6833, Dist contribution: ,-133.417, New scanned ratio: ,0.00343371, New Scanned Cells Contribution: ,0,Area ratio: ,0.980566, Area ratio Contribution: ,0,Perim diff: ,1.0484, Perim diff Contribution: ,0,Frontier diff: ,-1, Frontier diff Contribution ,-0,Inverse Area ratio: ,0.764081, Inv Area Ratio Contribution: ,0,Inverse Perim ratio: ,1.05306, Inv Perim Contribution: ,0, Final Score: ,-134.417
Point: ,152,296,Repeat score:,1, Repeat contribution: ,-1,Dist:,26.0192, Dist contribution: ,-130.096, New scanned ratio: ,0.00268877, New Scanned Cells Contribution: ,0,Area ratio: ,0.980462, Area ratio Contribution: ,0,Perim diff: ,1.04302, Perim diff Contribution: ,0,Frontier diff: ,-1, Frontier diff Contribution ,-0,Inverse Area ratio: ,0.770707, Inv Area Ratio Contribution: ,0,Inverse Perim ratio: ,1.05179, Inv Perim Contribution: ,0, Final Score: ,-131.096
Point: ,151,297,Repeat score:,1, Repeat contribution: ,-1,Dist:,27.3, Dist contribution: ,-136.5, New scanned ratio: ,0.00254909, New Scanned Cells Contribution: ,0,Area ratio: ,0.980459, Area ratio Contribution: ,0,Perim diff: ,1.04289, Perim diff Contribution: ,0,Frontier diff: ,-1, Frontier diff Contribution ,-0,Inverse Area ratio: ,0.771837, Inv Area Ratio Contribution: ,0,Inverse Perim ratio: ,1.0525, Inv Perim Contribution: ,0, Final Score: ,-137.5
Point: ,150,296,Repeat score:,1, Repeat contribution: ,-1,Dist:,26.0192, Dist contribution: ,-130.096, New scanned ratio: ,0.00246761, New Scanned Cells Contribution: ,0,Area ratio: ,0.980503, Area ratio Contribution: ,0,Perim diff: ,1.04133, Perim diff Contribution: ,0,Frontier diff: ,-1, Frontier diff Contribution ,-0,Inverse Area ratio: ,0.772364, Inv Area Ratio Contribution: ,0,Inverse Perim ratio: ,1.05175, Inv Perim Contribution: ,0, Final Score: ,-131.096
Point: ,145,296,Repeat score:,1, Repeat contribution: ,-1,Dist:,26.6833, Dist contribution: ,-133.417, New scanned ratio: ,0.00209514, New Scanned Cells Contribution: ,0,Area ratio: ,0.980789, Area ratio Contribution: ,0,Perim diff: ,1.03927, Perim diff Contribution: ,0,Frontier diff: ,-1, Frontier diff Contribution ,-0,Inverse Area ratio: ,0.773785, Inv Area Ratio Contribution: ,0,Inverse Perim ratio: ,1.05276, Inv Perim Contribution: ,0, Final Score: ,-134.417
Point: ,142,294,Repeat score:,1, Repeat contribution: ,-1,Dist:,25.0711, Dist contribution: ,-125.355, New scanned ratio: ,0.0020253, New Scanned Cells Contribution: ,0,Area ratio: ,0.981097, Area ratio Contribution: ,0,Perim diff: ,1.03722, Perim diff Contribution: ,0,Frontier diff: ,-1, Frontier diff Contribution ,-0,Inverse Area ratio: ,0.782868, Inv Area Ratio Contribution: ,0,Inverse Perim ratio: ,1.05246, Inv Perim Contribution: ,0, Final Score: ,-126.355
Point: ,138,296,Repeat score:,1, Repeat contribution: ,-1,Dist:,29.0689, Dist contribution: ,-145.344, New scanned ratio: ,0.00200203, New Scanned Cells Contribution: ,0,Area ratio: ,0.981604, Area ratio Contribution: ,0,Perim diff: ,1.03424, Perim diff Contribution: ,0,Frontier diff: ,-1, Frontier diff Contribution ,-0,Inverse Area ratio: ,0.788946, Inv Area Ratio Contribution: ,0,Inverse Perim ratio: ,1.05275, Inv Perim Contribution: ,0, Final Score: ,-146.344
Point: ,133,296,Repeat score:,1, Repeat contribution: ,-1,Dist:,31.6228, Dist contribution: ,-158.114, New scanned ratio: ,0.00199039, New Scanned Cells Contribution: ,0,Area ratio: ,0.982224, Area ratio Contribution: ,0,Perim diff: ,1.03187, Perim diff Contribution: ,0,Frontier diff: ,-1, Frontier diff Contribution ,-0,Inverse Area ratio: ,0.784437, Inv Area Ratio Contribution: ,0,Inverse Perim ratio: ,1.0517, Inv Perim Contribution: ,0, Final Score: ,-159.114
Point: ,132,297,Repeat score:,1, Repeat contribution: ,-1,Dist:,33.2609, Dist contribution: ,-166.305, New scanned ratio: ,0.00199039, New Scanned Cells Contribution: ,0,Area ratio: ,0.982348, Area ratio Contribution: ,0,Perim diff: ,1.03401, Perim diff Contribution: ,0,Frontier diff: ,-1, Frontier diff Contribution ,-0,Inverse Area ratio: ,0.780788, Inv Area Ratio Contribution: ,0,Inverse Perim ratio: ,1.055, Inv Perim Contribution: ,0, Final Score: ,-167.305
Point: ,131,296,Repeat score:,1, Repeat contribution: ,-1,Dist:,32.8024, Dist contribution: ,-164.012, New scanned ratio: ,0.00199039, New Scanned Cells Contribution: ,0,Area ratio: ,0.982467, Area ratio Contribution: ,0,Perim diff: ,1.03189, Perim diff Contribution: ,0,Frontier diff: ,-1, Frontier diff Contribution ,-0,Inverse Area ratio: ,0.781726, Inv Area Ratio Contribution: ,0,Inverse Perim ratio: ,1.0527, Inv Perim Contribution: ,0, Final Score: ,-165.012
Point: ,126,296,Repeat score:,1, Repeat contribution: ,-1,Dist:,36.0694, Dist contribution: ,-180.347, New scanned ratio: ,0.00200203, New Scanned Cells Contribution: ,0,Area ratio: ,0.98306, Area ratio Contribution: ,0,Perim diff: ,1.03439, Perim diff Contribution: ,0,Frontier diff: ,-1, Frontier diff Contribution ,-0,Inverse Area ratio: ,0.77388, Inv Area Ratio Contribution: ,0,Inverse Perim ratio: ,1.05726, Inv Perim Contribution: ,0, Final Score: ,-181.347
Point: ,123,294,Repeat score:,1, Repeat contribution: ,-1,Dist:,36.4905, Dist contribution: ,-182.453, New scanned ratio: ,0.00201366, New Scanned Cells Contribution: ,0,Area ratio: ,0.98341, Area ratio Contribution: ,0,Perim diff: ,1.03507, Perim diff Contribution: ,0,Frontier diff: ,-1, Frontier diff Contribution ,-0,Inverse Area ratio: ,0.775027, Inv Area Ratio Contribution: ,0,Inverse Perim ratio: ,1.05822, Inv Perim Contribution: ,0, Final Score: ,-183.453
Point: ,119,296,Repeat score:,1, Repeat contribution: ,-1,Dist:,41.2311, Dist contribution: ,-206.155, New scanned ratio: ,0.00200203, New Scanned Cells Contribution: ,0,Area ratio: ,0.98388, Area ratio Contribution: ,0,Perim diff: ,1.03447, Perim diff Contribution: ,0,Frontier diff: ,-1, Frontier diff Contribution ,-0,Inverse Area ratio: ,0.780643, Inv Area Ratio Contribution: ,0,Inverse Perim ratio: ,1.06067, Inv Perim Contribution: ,0, Final Score: ,-207.155
BEST Point:,171,277, Score: ,-101.211
COUNT COMMAND: 1
Total frontiers: ,99, Prioritised frontiers: ,23
At: ,170,276,
Point: ,209,277,Repeat score:,1, Repeat contribution: ,-1,Dist:,39.0217, Dist contribution: ,-195.108, New scanned ratio: ,0.00771932, New Scanned Cells Contribution: ,0,Area ratio: ,0.987984, Area ratio Contribution: ,0,Perim diff: ,1.03837, Perim diff Contribution: ,0,Frontier diff: ,0, Frontier diff Contribution ,0,Inverse Area ratio: ,0.415626, Inv Area Ratio Contribution: ,0,Inverse Perim ratio: ,1.08311, Inv Perim Contribution: ,0, Final Score: ,-196.108
Point: ,204,277,Repeat score:,1, Repeat contribution: ,-1,Dist:,34.0248, Dist contribution: ,-170.124, New scanned ratio: ,0.0072557, New Scanned Cells Contribution: ,0,Area ratio: ,0.988222, Area ratio Contribution: ,0,Perim diff: ,1.03403, Perim diff Contribution: ,0,Frontier diff: ,0, Frontier diff Contribution ,0,Inverse Area ratio: ,0.42229, Inv Area Ratio Contribution: ,0,Inverse Perim ratio: ,1.07518, Inv Perim Contribution: ,0, Final Score: ,-171.124
Point: ,201,275,Repeat score:,1, Repeat contribution: ,-1,Dist:,31.0272, Dist contribution: ,-155.136, New scanned ratio: ,0.00598074, New Scanned Cells Contribution: ,0,Area ratio: ,0.989403, Area ratio Contribution: ,0,Perim diff: ,1.03275, Perim diff Contribution: ,0,Frontier diff: ,0, Frontier diff Contribution ,0,Inverse Area ratio: ,0.439219, Inv Area Ratio Contribution: ,0,Inverse Perim ratio: ,1.07168, Inv Perim Contribution: ,0, Final Score: ,-156.136
Point: ,199,275,Repeat score:,1, Repeat contribution: ,-1,Dist:,29.0291, Dist contribution: ,-145.146, New scanned ratio: ,0.00564461, New Scanned Cells Contribution: ,0,Area ratio: ,0.989354, Area ratio Contribution: ,0,Perim diff: ,1.03249, Perim diff Contribution: ,0,Frontier diff: ,0, Frontier diff Contribution ,0,Inverse Area ratio: ,0.443508, Inv Area Ratio Contribution: ,0,Inverse Perim ratio: ,1.07112, Inv Perim Contribution: ,0, Final Score: ,-146.146
Point: ,196,277,Repeat score:,1, Repeat contribution: ,-1,Dist:,26.0325, Dist contribution: ,-130.162, New scanned ratio: ,0.0058996, New Scanned Cells Contribution: ,0,Area ratio: ,0.987922, Area ratio Contribution: ,0,Perim diff: ,1.03178, Perim diff Contribution: ,0,Frontier diff: ,0, Frontier diff Contribution ,0,Inverse Area ratio: ,0.440827, Inv Area Ratio Contribution: ,0,Inverse Perim ratio: ,1.0705, Inv Perim Contribution: ,0, Final Score: ,-131.162
Point: ,191,277,Repeat score:,1, Repeat contribution: ,-1,Dist:,21.0402, Dist contribution: ,-105.201, New scanned ratio: ,0.00494918, New Scanned Cells Contribution: ,0,Area ratio: ,0.987685, Area ratio Contribution: ,0,Perim diff: ,1.03104, Perim diff Contribution: ,0,Frontier diff: ,0, Frontier diff Contribution ,0,Inverse Area ratio: ,0.45316, Inv Area Ratio Contribution: ,0,Inverse Perim ratio: ,1.06887, Inv Perim Contribution: ,0, Final Score: ,-106.201
Point: ,190,278,Repeat score:,1, Repeat contribution: ,-1,Dist:,20.1683, Dist contribution: ,-100.841, New scanned ratio: ,0.00512303, New Scanned Cells Contribution: ,0,Area ratio: ,0.986691, Area ratio Contribution: ,0,Perim diff: ,1.03147, Perim diff Contribution: ,0,Frontier diff: ,0, Frontier diff Contribution ,0,Inverse Area ratio: ,0.451015, Inv Area Ratio Contribution: ,0,Inverse Perim ratio: ,1.07006, Inv Perim Contribution: ,0, Final Score: ,-101.841
Point: ,190,282,Repeat score:,1, Repeat contribution: ,-1,Dist:,21.4672, Dist contribution: ,-107.336, New scanned ratio: ,0.00629368, New Scanned Cells Contribution: ,0,Area ratio: ,0.985117, Area ratio Contribution: ,0,Perim diff: ,1.03434, Perim diff Contribution: ,0,Frontier diff: ,-1, Frontier diff Contribution ,-0,Inverse Area ratio: ,0.694987, Inv Area Ratio Contribution: ,0,Inverse Perim ratio: ,1.05303, Inv Perim Contribution: ,0, Final Score: ,-108.336
Point: ,187,288,Repeat score:,1, Repeat contribution: ,-1,Dist:,23.0729, Dist contribution: ,-115.365, New scanned ratio: ,0.00613141, New Scanned Cells Contribution: ,0,Area ratio: ,0.984253, Area ratio Contribution: ,0,Perim diff: ,1.04134, Perim diff Contribution: ,0,Frontier diff: ,-1, Frontier diff Contribution ,-0,Inverse Area ratio: ,0.698077, Inv Area Ratio Contribution: ,0,Inverse Perim ratio: ,1.05351, Inv Perim Contribution: ,0, Final Score: ,-116.365
Point: ,182,293,Repeat score:,1, Repeat contribution: ,-1,Dist:,25.1478, Dist contribution: ,-125.739, New scanned ratio: ,0.00483327, New Scanned Cells Contribution: ,0,Area ratio: ,0.983041, Area ratio Contribution: ,0,Perim diff: ,1.05084, Perim diff Contribution: ,0,Frontier diff: ,-1, Frontier diff Contribution ,-0,Inverse Area ratio: ,0.699324, Inv Area Ratio Contribution: ,0,Inverse Perim ratio: ,1.05369, Inv Perim Contribution: ,0, Final Score: ,-126.739
Point: ,176,296,Repeat score:,1, Repeat contribution: ,-1,Dist:,26.6833, Dist contribution: ,-133.417, New scanned ratio: ,0.00341922, New Scanned Cells Contribution: ,0,Area ratio: ,0.9824, Area ratio Contribution: ,0,Perim diff: ,1.04733, Perim diff Contribution: ,0,Frontier diff: ,-1, Frontier diff Contribution ,-0,Inverse Area ratio: ,0.730463, Inv Area Ratio Contribution: ,0,Inverse Perim ratio: ,1.05298, Inv Perim Contribution: ,0, Final Score: ,-134.417
Point: ,171,296,Repeat score:,1, Repeat contribution: ,-1,Dist:,26.0192, Dist contribution: ,-130.096, New scanned ratio: ,0.00267742, New Scanned Cells Contribution: ,0,Area ratio: ,0.982298, Area ratio Contribution: ,0,Perim diff: ,1.04199, Perim diff Contribution: ,0,Frontier diff: ,-1, Frontier diff Contribution ,-0,Inverse Area ratio: ,0.738084, Inv Area Ratio Contribution: ,0,Inverse Perim ratio: ,1.05166, Inv Perim Contribution: ,0, Final Score: ,-131.096
Point: ,170,297,Repeat score:,1, Repeat contribution: ,-1,Dist:,27.3, Dist contribution: ,-136.5, New scanned ratio: ,0.00253834, New Scanned Cells Contribution: ,0,Area ratio: ,0.982295, Area ratio Contribution: ,0,Perim diff: ,1.04187, Perim diff Contribution: ,0,Frontier diff: ,-1, Frontier diff Contribution ,-0,Inverse Area ratio: ,0.739346, Inv Area Ratio Contribution: ,0,Inverse Perim ratio: ,1.05236, Inv Perim Contribution: ,0, Final Score: ,-137.5
Point: ,169,296,Repeat score:,1, Repeat contribution: ,-1,Dist:,26.0192, Dist contribution: ,-130.096, New scanned ratio: ,0.0024572, New Scanned Cells Contribution: ,0,Area ratio: ,0.982339, Area ratio Contribution: ,0,Perim diff: ,1.04032, Perim diff Contribution: ,0,Frontier diff: ,-1, Frontier diff Contribution ,-0,Inverse Area ratio: ,0.740058, Inv Area Ratio Contribution: ,0,Inverse Perim ratio: ,1.05159, Inv Perim Contribution: ,0, Final Score: ,-131.096
Point: ,164,296,Repeat score:,1, Repeat contribution: ,-1,Dist:,26.6833, Dist contribution: ,-133.417, New scanned ratio: ,0.0020863, New Scanned Cells Contribution: ,0,Area ratio: ,0.982625, Area ratio Contribution: ,0,Perim diff: ,1.03829, Perim diff Contribution: ,0,Frontier diff: ,-1, Frontier diff Contribution ,-0,Inverse Area ratio: ,0.742076, Inv Area Ratio Contribution: ,0,Inverse Perim ratio: ,1.05252, Inv Perim Contribution: ,0, Final Score: ,-134.417
Point: ,161,294,Repeat score:,1, Repeat contribution: ,-1,Dist:,25.0711, Dist contribution: ,-125.355, New scanned ratio: ,0.00201676, New Scanned Cells Contribution: ,0,Area ratio: ,0.982934, Area ratio Contribution: ,0,Perim diff: ,1.03626, Perim diff Contribution: ,0,Frontier diff: ,-1, Frontier diff Contribution ,-0,Inverse Area ratio: ,0.753361, Inv Area Ratio Contribution: ,0,Inverse Perim ratio: ,1.05216, Inv Perim Contribution: ,0, Final Score: ,-126.355
Point: ,157,296,Repeat score:,1, Repeat contribution: ,-1,Dist:,29.0689, Dist contribution: ,-145.344, New scanned ratio: ,0.00199358, New Scanned Cells Contribution: ,0,Area ratio: ,0.98344, Area ratio Contribution: ,0,Perim diff: ,1.0333, Perim diff Contribution: ,0,Frontier diff: ,-1, Frontier diff Contribution ,-0,Inverse Area ratio: ,0.758331, Inv Area Ratio Contribution: ,0,Inverse Perim ratio: ,1.05235, Inv Perim Contribution: ,0, Final Score: ,-146.344
Point: ,152,296,Repeat score:,1, Repeat contribution: ,-1,Dist:,31.6228, Dist contribution: ,-158.114, New scanned ratio: ,0.00198199, New Scanned Cells Contribution: ,0,Area ratio: ,0.98406, Area ratio Contribution: ,0,Perim diff: ,1.03095, Perim diff Contribution: ,0,Frontier diff: ,-1, Frontier diff Contribution ,-0,Inverse Area ratio: ,0.754142, Inv Area Ratio Contribution: ,0,Inverse Perim ratio: ,1.05118, Inv Perim Contribution: ,0, Final Score: ,-159.114
Point: ,151,297,Repeat score:,1, Repeat contribution: ,-1,Dist:,33.2609, Dist contribution: ,-166.305, New scanned ratio: ,0.00198199, New Scanned Cells Contribution: ,0,Area ratio: ,0.984184, Area ratio Contribution: ,0,Perim diff: ,1.0331, Perim diff Contribution: ,0,Frontier diff: ,-1, Frontier diff Contribution ,-0,Inverse Area ratio: ,0.750375, Inv Area Ratio Contribution: ,0,Inverse Perim ratio: ,1.05441, Inv Perim Contribution: ,0, Final Score: ,-167.305
Point: ,150,296,Repeat score:,1, Repeat contribution: ,-1,Dist:,32.8024, Dist contribution: ,-164.012, New scanned ratio: ,0.00198199, New Scanned Cells Contribution: ,0,Area ratio: ,0.984308, Area ratio Contribution: ,0,Perim diff: ,1.03099, Perim diff Contribution: ,0,Frontier diff: ,-1, Frontier diff Contribution ,-0,Inverse Area ratio: ,0.751356, Inv Area Ratio Contribution: ,0,Inverse Perim ratio: ,1.05211, Inv Perim Contribution: ,0, Final Score: ,-165.012
Point: ,145,296,Repeat score:,1, Repeat contribution: ,-1,Dist:,36.0694, Dist contribution: ,-180.347, New scanned ratio: ,0.00199358, New Scanned Cells Contribution: ,0,Area ratio: ,0.984929, Area ratio Contribution: ,0,Perim diff: ,1.03351, Perim diff Contribution: ,0,Frontier diff: ,-1, Frontier diff Contribution ,-0,Inverse Area ratio: ,0.743288, Inv Area Ratio Contribution: ,0,Inverse Perim ratio: ,1.05654, Inv Perim Contribution: ,0, Final Score: ,-181.347
Point: ,142,294,Repeat score:,1, Repeat contribution: ,-1,Dist:,36.4905, Dist contribution: ,-182.453, New scanned ratio: ,0.00200517, New Scanned Cells Contribution: ,0,Area ratio: ,0.985296, Area ratio Contribution: ,0,Perim diff: ,1.0342, Perim diff Contribution: ,0,Frontier diff: ,-1, Frontier diff Contribution ,-0,Inverse Area ratio: ,0.745984, Inv Area Ratio Contribution: ,0,Inverse Perim ratio: ,1.05743, Inv Perim Contribution: ,0, Final Score: ,-183.453
Point: ,138,296,Repeat score:,1, Repeat contribution: ,-1,Dist:,41.2311, Dist contribution: ,-206.155, New scanned ratio: ,0.00199358, New Scanned Cells Contribution: ,0,Area ratio: ,0.9858, Area ratio Contribution: ,0,Perim diff: ,1.03362, Perim diff Contribution: ,0,Frontier diff: ,-1, Frontier diff Contribution ,-0,Inverse Area ratio: ,0.750144, Inv Area Ratio Contribution: ,0,Inverse Perim ratio: ,1.05987, Inv Perim Contribution: ,0, Final Score: ,-207.155
BEST Point:,190,278, Score: ,-101.841
COUNT COMMAND: 1
Total frontiers: ,99, Prioritised frontiers: ,24
At: ,189,277,
Point: ,229,277,Repeat score:,1, Repeat contribution: ,-1,Dist:,40, Dist contribution: ,-200, New scanned ratio: ,0.00777653, New Scanned Cells Contribution: ,0,Area ratio: ,0.989611, Area ratio Contribution: ,0,Perim diff: ,1.04657, Perim diff Contribution: ,0,Frontier diff: ,0, Frontier diff Contribution ,0,Inverse Area ratio: ,0.352815, Inv Area Ratio Contribution: ,0,Inverse Perim ratio: ,1.1039, Inv Perim Contribution: ,0, Final Score: ,-201
Point: ,224,277,Repeat score:,1, Repeat contribution: ,-1,Dist:,35, Dist contribution: ,-175, New scanned ratio: ,0.00733809, New Scanned Cells Contribution: ,0,Area ratio: ,0.989917, Area ratio Contribution: ,0,Perim diff: ,1.03568, Perim diff Contribution: ,0,Frontier diff: ,0, Frontier diff Contribution ,0,Inverse Area ratio: ,0.360169, Inv Area Ratio Contribution: ,0,Inverse Perim ratio: ,1.07985, Inv Perim Contribution: ,0, Final Score: ,-176
Point: ,221,275,Repeat score:,1, Repeat contribution: ,-1,Dist:,32.1055, Dist contribution: ,-160.527, New scanned ratio: ,0.00604585, New Scanned Cells Contribution: ,0,Area ratio: ,0.990368, Area ratio Contribution: ,0,Perim diff: ,1.0323, Perim diff Contribution: ,0,Frontier diff: ,0, Frontier diff Contribution ,0,Inverse Area ratio: ,0.37748, Inv Area Ratio Contribution: ,0,Inverse Perim ratio: ,1.07639, Inv Perim Contribution: ,0, Final Score: ,-161.527
Point: ,219,275,Repeat score:,1, Repeat contribution: ,-1,Dist:,30.1125, Dist contribution: ,-150.562, New scanned ratio: ,0.00571125, New Scanned Cells Contribution: ,0,Area ratio: ,0.990303, Area ratio Contribution: ,0,Perim diff: ,1.03234, Perim diff Contribution: ,0,Frontier diff: ,0, Frontier diff Contribution ,0,Inverse Area ratio: ,0.382076, Inv Area Ratio Contribution: ,0,Inverse Perim ratio: ,1.07197, Inv Perim Contribution: ,0, Final Score: ,-151.562
Point: ,216,277,Repeat score:,1, Repeat contribution: ,-1,Dist:,27, Dist contribution: ,-135, New scanned ratio: ,0.00596509, New Scanned Cells Contribution: ,0,Area ratio: ,0.989677, Area ratio Contribution: ,0,Perim diff: ,1.03107, Perim diff Contribution: ,0,Frontier diff: ,0, Frontier diff Contribution ,0,Inverse Area ratio: ,0.379012, Inv Area Ratio Contribution: ,0,Inverse Perim ratio: ,1.07039, Inv Perim Contribution: ,0, Final Score: ,-136
Point: ,211,277,Repeat score:,1, Repeat contribution: ,-1,Dist:,22, Dist contribution: ,-110, New scanned ratio: ,0.00500744, New Scanned Cells Contribution: ,0,Area ratio: ,0.989424, Area ratio Contribution: ,0,Perim diff: ,1.03061, Perim diff Contribution: ,0,Frontier diff: ,0, Frontier diff Contribution ,0,Inverse Area ratio: ,0.391881, Inv Area Ratio Contribution: ,0,Inverse Perim ratio: ,1.06913, Inv Perim Contribution: ,0, Final Score: ,-111
Point: ,209,278,Repeat score:,1, Repeat contribution: ,-1,Dist:,20.0422, Dist contribution: ,-100.211, New scanned ratio: ,0.00496129, New Scanned Cells Contribution: ,0,Area ratio: ,0.988502, Area ratio Contribution: ,0,Perim diff: ,1.03059, Perim diff Contribution: ,0,Frontier diff: ,0, Frontier diff Contribution ,0,Inverse Area ratio: ,0.39234, Inv Area Ratio Contribution: ,0,Inverse Perim ratio: ,1.07384, Inv Perim Contribution: ,0, Final Score: ,-101.211
Point: ,209,283,Repeat score:,1, Repeat contribution: ,-1,Dist:,21.4672, Dist contribution: ,-107.336, New scanned ratio: ,0.006242, New Scanned Cells Contribution: ,0,Area ratio: ,0.98685, Area ratio Contribution: ,0,Perim diff: ,1.0351, Perim diff Contribution: ,0,Frontier diff: ,-1, Frontier diff Contribution ,-0,Inverse Area ratio: ,0.663449, Inv Area Ratio Contribution: ,0,Inverse Perim ratio: ,1.05294, Inv Perim Contribution: ,0, Final Score: ,-108.336
Point: ,206,289,Repeat score:,1, Repeat contribution: ,-1,Dist:,23.0729, Dist contribution: ,-115.365, New scanned ratio: ,0.00583817, New Scanned Cells Contribution: ,0,Area ratio: ,0.985973, Area ratio Contribution: ,0,Perim diff: ,1.04288, Perim diff Contribution: ,0,Frontier diff: ,-1, Frontier diff Contribution ,-0,Inverse Area ratio: ,0.660442, Inv Area Ratio Contribution: ,0,Inverse Perim ratio: ,1.05459, Inv Perim Contribution: ,0, Final Score: ,-116.365
Point: ,201,294,Repeat score:,1, Repeat contribution: ,-1,Dist:,25.1478, Dist contribution: ,-125.739, New scanned ratio: ,0.0043844, New Scanned Cells Contribution: ,0,Area ratio: ,0.984762, Area ratio Contribution: ,0,Perim diff: ,1.05202, Perim diff Contribution: ,0,Frontier diff: ,-1, Frontier diff Contribution ,-0,Inverse Area ratio: ,0.671074, Inv Area Ratio Contribution: ,0,Inverse Perim ratio: ,1.05493, Inv Perim Contribution: ,0, Final Score: ,-126.739
Point: ,195,297,Repeat score:,1, Repeat contribution: ,-1,Dist:,26.6833, Dist contribution: ,-133.417, New scanned ratio: ,0.00298831, New Scanned Cells Contribution: ,0,Area ratio: ,0.984157, Area ratio Contribution: ,0,Perim diff: ,1.04728, Perim diff Contribution: ,0,Frontier diff: ,-1, Frontier diff Contribution ,-0,Inverse Area ratio: ,0.692317, Inv Area Ratio Contribution: ,0,Inverse Perim ratio: ,1.0535, Inv Perim Contribution: ,0, Final Score: ,-134.417
Point: ,190,297,Repeat score:,1, Repeat contribution: ,-1,Dist:,26.0192, Dist contribution: ,-130.096, New scanned ratio: ,0.00231911, New Scanned Cells Contribution: ,0,Area ratio: ,0.984136, Area ratio Contribution: ,0,Perim diff: ,1.04064, Perim diff Contribution: ,0,Frontier diff: ,-1, Frontier diff Contribution ,-0,Inverse Area ratio: ,0.700558, Inv Area Ratio Contribution: ,0,Inverse Perim ratio: ,1.05124, Inv Perim Contribution: ,0, Final Score: ,-131.096
Point: ,189,298,Repeat score:,1, Repeat contribution: ,-1,Dist:,27.3, Dist contribution: ,-136.5, New scanned ratio: ,0.00218066, New Scanned Cells Contribution: ,0,Area ratio: ,0.984111, Area ratio Contribution: ,0,Perim diff: ,1.04115, Perim diff Contribution: ,0,Frontier diff: ,-1, Frontier diff Contribution ,-0,Inverse Area ratio: ,0.702141, Inv Area Ratio Contribution: ,0,Inverse Perim ratio: ,1.05254, Inv Perim Contribution: ,0, Final Score: ,-137.5
Point: ,188,297,Repeat score:,1, Repeat contribution: ,-1,Dist:,26.0192, Dist contribution: ,-130.096, New scanned ratio: ,0.00211143, New Scanned Cells Contribution: ,0,Area ratio: ,0.984178, Area ratio Contribution: ,0,Perim diff: ,1.04036, Perim diff Contribution: ,0,Frontier diff: ,-1, Frontier diff Contribution ,-0,Inverse Area ratio: ,0.702062, Inv Area Ratio Contribution: ,0,Inverse Perim ratio: ,1.05233, Inv Perim Contribution: ,0, Final Score: ,-131.096
Point: ,183,297,Repeat score:,1, Repeat contribution: ,-1,Dist:,26.6833, Dist contribution: ,-133.417, New scanned ratio: ,0.00179991, New Scanned Cells Contribution: ,0,Area ratio: ,0.984533, Area ratio Contribution: ,0,Perim diff: ,1.03702, Perim diff Contribution: ,0,Frontier diff: ,-1, Frontier diff Contribution ,-0,Inverse Area ratio: ,0.703985, Inv Area Ratio Contribution: ,0,Inverse Perim ratio: ,1.05161, Inv Perim Contribution: ,0, Final Score: ,-134.417
Point: ,180,295,Repeat score:,1, Repeat contribution: ,-1,Dist:,25.0711, Dist contribution: ,-125.355, New scanned ratio: ,0.0017653, New Scanned Cells Contribution: ,0,Area ratio: ,0.984881, Area ratio Contribution: ,0,Perim diff: ,1.03482, Perim diff Contribution: ,0,Frontier diff: ,-1, Frontier diff Contribution ,-0,Inverse Area ratio: ,0.703007, Inv Area Ratio Contribution: ,0,Inverse Perim ratio: ,1.05406, Inv Perim Contribution: ,0, Final Score: ,-126.355
Point: ,177,295,Repeat score:,1, Repeat contribution: ,-1,Dist:,26.2975, Dist contribution: ,-131.488, New scanned ratio: ,0.0017653, New Scanned Cells Contribution: ,0,Area ratio: ,0.985241, Area ratio Contribution: ,0,Perim diff: ,1.03256, Perim diff Contribution: ,0,Frontier diff: ,-1, Frontier diff Contribution ,-0,Inverse Area ratio: ,0.721233, Inv Area Ratio Contribution: ,0,Inverse Perim ratio: ,1.0505, Inv Perim Contribution: ,0, Final Score: ,-132.488
Point: ,176,296,Repeat score:,1, Repeat contribution: ,-1,Dist:,27.9122, Dist contribution: ,-139.561, New scanned ratio: ,0.00178837, New Scanned Cells Contribution: ,0,Area ratio: ,0.985399, Area ratio Contribution: ,0,Perim diff: ,1.03158, Perim diff Contribution: ,0,Frontier diff: ,-1, Frontier diff Contribution ,-0,Inverse Area ratio: ,0.721233, Inv Area Ratio Contribution: ,0,Inverse Perim ratio: ,1.0508, Inv Perim Contribution: ,0, Final Score: ,-140.561
Point: ,171,296,Repeat score:,1, Repeat contribution: ,-1,Dist:,30.5629, Dist contribution: ,-152.814, New scanned ratio: ,0.00182299, New Scanned Cells Contribution: ,0,Area ratio: ,0.98607, Area ratio Contribution: ,0,Perim diff: ,1.03075, Perim diff Contribution: ,0,Frontier diff: ,-1, Frontier diff Contribution ,-0,Inverse Area ratio: ,0.713399, Inv Area Ratio Contribution: ,0,Inverse Perim ratio: ,1.05207, Inv Perim Contribution: ,0, Final Score: ,-153.814
Point: ,170,297,Repeat score:,1, Repeat contribution: ,-1,Dist:,32.2025, Dist contribution: ,-161.012, New scanned ratio: ,0.00184606, New Scanned Cells Contribution: ,0,Area ratio: ,0.986223, Area ratio Contribution: ,0,Perim diff: ,1.03133, Perim diff Contribution: ,0,Frontier diff: ,-1, Frontier diff Contribution ,-0,Inverse Area ratio: ,0.712919, Inv Area Ratio Contribution: ,0,Inverse Perim ratio: ,1.05322, Inv Perim Contribution: ,0, Final Score: ,-162.012
Point: ,169,296,Repeat score:,1, Repeat contribution: ,-1,Dist:,31.7819, Dist contribution: ,-158.91, New scanned ratio: ,0.0018576, New Scanned Cells Contribution: ,0,Area ratio: ,0.986358, Area ratio Contribution: ,0,Perim diff: ,1.03029, Perim diff Contribution: ,0,Frontier diff: ,-1, Frontier diff Contribution ,-0,Inverse Area ratio: ,0.711858, Inv Area Ratio Contribution: ,0,Inverse Perim ratio: ,1.05255, Inv Perim Contribution: ,0, Final Score: ,-159.91
Point: ,164,296,Repeat score:,1, Repeat contribution: ,-1,Dist:,35.1438, Dist contribution: ,-175.719, New scanned ratio: ,0.00191529, New Scanned Cells Contribution: ,0,Area ratio: ,0.987019, Area ratio Contribution: ,0,Perim diff: ,1.03335, Perim diff Contribution: ,0,Frontier diff: ,-1, Frontier diff Contribution ,-0,Inverse Area ratio: ,0.701703, Inv Area Ratio Contribution: ,0,Inverse Perim ratio: ,1.05743, Inv Perim Contribution: ,0, Final Score: ,-176.719
Point: ,161,294,Repeat score:,1, Repeat contribution: ,-1,Dist:,35.6709, Dist contribution: ,-178.354, New scanned ratio: ,0.00197298, New Scanned Cells Contribution: ,0,Area ratio: ,0.9872, Area ratio Contribution: ,0,Perim diff: ,1.03355, Perim diff Contribution: ,0,Frontier diff: ,-1, Frontier diff Contribution ,-0,Inverse Area ratio: ,0.70755, Inv Area Ratio Contribution: ,0,Inverse Perim ratio: ,1.05812, Inv Perim Contribution: ,0, Final Score: ,-179.354
Point: ,157,296,Repeat score:,1, Repeat contribution: ,-1,Dist:,40.4239, Dist contribution: ,-202.119, New scanned ratio: ,0.00198452, New Scanned Cells Contribution: ,0,Area ratio: ,0.987184, Area ratio Contribution: ,0,Perim diff: ,1.03377, Perim diff Contribution: ,0,Frontier diff: ,-1, Frontier diff Contribution ,-0,Inverse Area ratio: ,0.70755, Inv Area Ratio Contribution: ,0,Inverse Perim ratio: ,1.06124, Inv Perim Contribution: ,0, Final Score: ,-203.119
BEST Point:,209,278, Score: ,-101.211
COUNT COMMAND: 1
Total frontiers: ,100, Prioritised frontiers: ,24
At: ,208,277,
Point: ,244,276,Repeat score:,1, Repeat contribution: ,-1,Dist:,36.0235, Dist contribution: ,-180.117, New scanned ratio: ,0.00724846, New Scanned Cells Contribution: ,0,Area ratio: ,0.991916, Area ratio Contribution: ,0,Perim diff: ,1.03573, Perim diff Contribution: ,0,Frontier diff: ,0, Frontier diff Contribution ,0,Inverse Area ratio: ,0.302106, Inv Area Ratio Contribution: ,0,Inverse Perim ratio: ,1.08147, Inv Perim Contribution: ,0, Final Score: ,-181.117
Point: ,241,274,Repeat score:,1, Repeat contribution: ,-1,Dist:,33.2297, Dist contribution: ,-166.148, New scanned ratio: ,0.00597337, New Scanned Cells Contribution: ,0,Area ratio: ,0.992183, Area ratio Contribution: ,0,Perim diff: ,1.03193, Perim diff Contribution: ,0,Frontier diff: ,0, Frontier diff Contribution ,0,Inverse Area ratio: ,0.319341, Inv Area Ratio Contribution: ,0,Inverse Perim ratio: ,1.07739, Inv Perim Contribution: ,0, Final Score: ,-167.148
Point: ,236,277,Repeat score:,1, Repeat contribution: ,-1,Dist:,28, Dist contribution: ,-140, New scanned ratio: ,0.00628353, New Scanned Cells Contribution: ,0,Area ratio: ,0.991563, Area ratio Contribution: ,0,Perim diff: ,1.03239, Perim diff Contribution: ,0,Frontier diff: ,0, Frontier diff Contribution ,0,Inverse Area ratio: ,0.315282, Inv Area Ratio Contribution: ,0,Inverse Perim ratio: ,1.07454, Inv Perim Contribution: ,0, Final Score: ,-141
Point: ,231,277,Repeat score:,1, Repeat contribution: ,-1,Dist:,23, Dist contribution: ,-115, New scanned ratio: ,0.00529562, New Scanned Cells Contribution: ,0,Area ratio: ,0.991284, Area ratio Contribution: ,0,Perim diff: ,1.03135, Perim diff Contribution: ,0,Frontier diff: ,0, Frontier diff Contribution ,0,Inverse Area ratio: ,0.328686, Inv Area Ratio Contribution: ,0,Inverse Perim ratio: ,1.07215, Inv Perim Contribution: ,0, Final Score: ,-116
Point: ,230,278,Repeat score:,1, Repeat contribution: ,-1,Dist:,22.0384, Dist contribution: ,-110.192, New scanned ratio: ,0.00545645, New Scanned Cells Contribution: ,0,Area ratio: ,0.990517, Area ratio Contribution: ,0,Perim diff: ,1.03135, Perim diff Contribution: ,0,Frontier diff: ,0, Frontier diff Contribution ,0,Inverse Area ratio: ,0.326771, Inv Area Ratio Contribution: ,0,Inverse Perim ratio: ,1.07263, Inv Perim Contribution: ,0, Final Score: ,-111.192
Point: ,229,277,Repeat score:,1, Repeat contribution: ,-1,Dist:,21, Dist contribution: ,-105, New scanned ratio: ,0.00489357, New Scanned Cells Contribution: ,0,Area ratio: ,0.991173, Area ratio Contribution: ,0,Perim diff: ,1.02946, Perim diff Contribution: ,0,Frontier diff: ,0, Frontier diff Contribution ,0,Inverse Area ratio: ,0.334278, Inv Area Ratio Contribution: ,0,Inverse Perim ratio: ,1.07293, Inv Perim Contribution: ,0, Final Score: ,-106
Point: ,228,278,Repeat score:,1, Repeat contribution: ,-1,Dist:,20.0422, Dist contribution: ,-100.211, New scanned ratio: ,0.00501993, New Scanned Cells Contribution: ,0,Area ratio: ,0.990361, Area ratio Contribution: ,0,Perim diff: ,1.03238, Perim diff Contribution: ,0,Frontier diff: ,0, Frontier diff Contribution ,0,Inverse Area ratio: ,0.332363, Inv Area Ratio Contribution: ,0,Inverse Perim ratio: ,1.07428, Inv Perim Contribution: ,0, Final Score: ,-101.211
Point: ,228,283,Repeat score:,1, Repeat contribution: ,-1,Dist:,21.4672, Dist contribution: ,-107.336, New scanned ratio: ,0.00628353, New Scanned Cells Contribution: ,0,Area ratio: ,0.988808, Area ratio Contribution: ,0,Perim diff: ,1.03565, Perim diff Contribution: ,0,Frontier diff: ,-1, Frontier diff Contribution ,-0,Inverse Area ratio: ,0.601964, Inv Area Ratio Contribution: ,0,Inverse Perim ratio: ,1.0536, Inv Perim Contribution: ,0, Final Score: ,-108.336
Point: ,225,289,Repeat score:,1, Repeat contribution: ,-1,Dist:,23.0729, Dist contribution: ,-115.365, New scanned ratio: ,0.00578958, New Scanned Cells Contribution: ,0,Area ratio: ,0.987842, Area ratio Contribution: ,0,Perim diff: ,1.04409, Perim diff Contribution: ,0,Frontier diff: ,-1, Frontier diff Contribution ,-0,Inverse Area ratio: ,0.603998, Inv Area Ratio Contribution: ,0,Inverse Perim ratio: ,1.05406, Inv Perim Contribution: ,0, Final Score: ,-116.365
Point: ,220,294,Repeat score:,1, Repeat contribution: ,-1,Dist:,25.1478, Dist contribution: ,-125.739, New scanned ratio: ,0.00436516, New Scanned Cells Contribution: ,0,Area ratio: ,0.986707, Area ratio Contribution: ,0,Perim diff: ,1.05071, Perim diff Contribution: ,0,Frontier diff: ,-1, Frontier diff Contribution ,-0,Inverse Area ratio: ,0.617152, Inv Area Ratio Contribution: ,0,Inverse Perim ratio: ,1.05453, Inv Perim Contribution: ,0, Final Score: ,-126.739
Point: ,214,297,Repeat score:,1, Repeat contribution: ,-1,Dist:,26.6833, Dist contribution: ,-133.417, New scanned ratio: ,0.00294074, New Scanned Cells Contribution: ,0,Area ratio: ,0.9861, Area ratio Contribution: ,0,Perim diff: ,1.04508, Perim diff Contribution: ,0,Frontier diff: ,-1, Frontier diff Contribution ,-0,Inverse Area ratio: ,0.658698, Inv Area Ratio Contribution: ,0,Inverse Perim ratio: ,1.05338, Inv Perim Contribution: ,0, Final Score: ,-134.417
Point: ,209,297,Repeat score:,1, Repeat contribution: ,-1,Dist:,26.0192, Dist contribution: ,-130.096, New scanned ratio: ,0.00220555, New Scanned Cells Contribution: ,0,Area ratio: ,0.986028, Area ratio Contribution: ,0,Perim diff: ,1.03994, Perim diff Contribution: ,0,Frontier diff: ,-1, Frontier diff Contribution ,-0,Inverse Area ratio: ,0.668166, Inv Area Ratio Contribution: ,0,Inverse Perim ratio: ,1.05217, Inv Perim Contribution: ,0, Final Score: ,-131.096
Point: ,208,298,Repeat score:,1, Repeat contribution: ,-1,Dist:,27.3, Dist contribution: ,-136.5, New scanned ratio: ,0.00206771, New Scanned Cells Contribution: ,0,Area ratio: ,0.986015, Area ratio Contribution: ,0,Perim diff: ,1.04031, Perim diff Contribution: ,0,Frontier diff: ,-1, Frontier diff Contribution ,-0,Inverse Area ratio: ,0.670156, Inv Area Ratio Contribution: ,0,Inverse Perim ratio: ,1.05378, Inv Perim Contribution: ,0, Final Score: ,-137.5
Point: ,207,297,Repeat score:,1, Repeat contribution: ,-1,Dist:,26.0192, Dist contribution: ,-130.096, New scanned ratio: ,0.0019873, New Scanned Cells Contribution: ,0,Area ratio: ,0.986076, Area ratio Contribution: ,0,Perim diff: ,1.03833, Perim diff Contribution: ,0,Frontier diff: ,-1, Frontier diff Contribution ,-0,Inverse Area ratio: ,0.670601, Inv Area Ratio Contribution: ,0,Inverse Perim ratio: ,1.05215, Inv Perim Contribution: ,0, Final Score: ,-131.096
Point: ,202,297,Repeat score:,1, Repeat contribution: ,-1,Dist:,26.6833, Dist contribution: ,-133.417, New scanned ratio: ,0.0016197, New Scanned Cells Contribution: ,0,Area ratio: ,0.986369, Area ratio Contribution: ,0,Perim diff: ,1.0363, Perim diff Contribution: ,0,Frontier diff: ,-1, Frontier diff Contribution ,-0,Inverse Area ratio: ,0.673028, Inv Area Ratio Contribution: ,0,Inverse Perim ratio: ,1.05286, Inv Perim Contribution: ,0, Final Score: ,-134.417
Point: ,199,295,Repeat score:,1, Repeat contribution: ,-1,Dist:,25.0711, Dist contribution: ,-125.355, New scanned ratio: ,0.00155078, New Scanned Cells Contribution: ,0,Area ratio: ,0.986683, Area ratio Contribution: ,0,Perim diff: ,1.03491, Perim diff Contribution: ,0,Frontier diff: ,-1, Frontier diff Contribution ,-0,Inverse Area ratio: ,0.67319, Inv Area Ratio Contribution: ,0,Inverse Perim ratio: ,1.05309, Inv Perim Contribution: ,0, Final Score: ,-126.355
Point: ,195,297,Repeat score:,1, Repeat contribution: ,-1,Dist:,29.0689, Dist contribution: ,-145.344, New scanned ratio: ,0.00156227, New Scanned Cells Contribution: ,0,Area ratio: ,0.987218, Area ratio Contribution: ,0,Perim diff: ,1.03361, Perim diff Contribution: ,0,Frontier diff: ,-1, Frontier diff Contribution ,-0,Inverse Area ratio: ,0.672696, Inv Area Ratio Contribution: ,0,Inverse Perim ratio: ,1.05446, Inv Perim Contribution: ,0, Final Score: ,-146.344
Point: ,190,297,Repeat score:,1, Repeat contribution: ,-1,Dist:,31.6228, Dist contribution: ,-158.114, New scanned ratio: ,0.0016197, New Scanned Cells Contribution: ,0,Area ratio: ,0.987911, Area ratio Contribution: ,0,Perim diff: ,1.03015, Perim diff Contribution: ,0,Frontier diff: ,-1, Frontier diff Contribution ,-0,Inverse Area ratio: ,0.668267, Inv Area Ratio Contribution: ,0,Inverse Perim ratio: ,1.05268, Inv Perim Contribution: ,0, Final Score: ,-159.114
Point: ,189,298,Repeat score:,1, Repeat contribution: ,-1,Dist:,33.2609, Dist contribution: ,-166.305, New scanned ratio: ,0.0016197, New Scanned Cells Contribution: ,0,Area ratio: ,0.988018, Area ratio Contribution: ,0,Perim diff: ,1.03278, Perim diff Contribution: ,0,Frontier diff: ,-1, Frontier diff Contribution ,-0,Inverse Area ratio: ,0.664368, Inv Area Ratio Contribution: ,0,Inverse Perim ratio: ,1.05624, Inv Perim Contribution: ,0, Final Score: ,-167.305
Point: ,188,297,Repeat score:,1, Repeat contribution: ,-1,Dist:,32.8024, Dist contribution: ,-164.012, New scanned ratio: ,0.00163119, New Scanned Cells Contribution: ,0,Area ratio: ,0.988159, Area ratio Contribution: ,0,Perim diff: ,1.0316, Perim diff Contribution: ,0,Frontier diff: ,-1, Frontier diff Contribution ,-0,Inverse Area ratio: ,0.664632, Inv Area Ratio Contribution: ,0,Inverse Perim ratio: ,1.05481, Inv Perim Contribution: ,0, Final Score: ,-165.012
Point: ,183,297,Repeat score:,1, Repeat contribution: ,-1,Dist:,36.0694, Dist contribution: ,-180.347, New scanned ratio: ,0.00170011, New Scanned Cells Contribution: ,0,Area ratio: ,0.988679, Area ratio Contribution: ,0,Perim diff: ,1.03282, Perim diff Contribution: ,0,Frontier diff: ,-1, Frontier diff Contribution ,-0,Inverse Area ratio: ,0.65577, Inv Area Ratio Contribution: ,0,Inverse Perim ratio: ,1.05762, Inv Perim Contribution: ,0, Final Score: ,-181.347
Point: ,180,295,Repeat score:,1, Repeat contribution: ,-1,Dist:,36.4905, Dist contribution: ,-182.453, New scanned ratio: ,0.00174606, New Scanned Cells Contribution: ,0,Area ratio: ,0.988702, Area ratio Contribution: ,0,Perim diff: ,1.03318, Perim diff Contribution: ,0,Frontier diff: ,-1, Frontier diff Contribution ,-0,Inverse Area ratio: ,0.647578, Inv Area Ratio Contribution: ,0,Inverse Perim ratio: ,1.0611, Inv Perim Contribution: ,0, Final Score: ,-183.453
Point: ,177,295,Repeat score:,1, Repeat contribution: ,-1,Dist:,38.8402, Dist contribution: ,-194.201, New scanned ratio: ,0.00175755, New Scanned Cells Contribution: ,0,Area ratio: ,0.988685, Area ratio Contribution: ,0,Perim diff: ,1.03322, Perim diff Contribution: ,0,Frontier diff: ,-1, Frontier diff Contribution ,-0,Inverse Area ratio: ,0.662063, Inv Area Ratio Contribution: ,0,Inverse Perim ratio: ,1.06037, Inv Perim Contribution: ,0, Final Score: ,-195.201
Point: ,176,296,Repeat score:,1, Repeat contribution: ,-1,Dist:,40.4239, Dist contribution: ,-202.119, New scanned ratio: ,0.00178052, New Scanned Cells Contribution: ,0,Area ratio: ,0.988708, Area ratio Contribution: ,0,Perim diff: ,1.03222, Perim diff Contribution: ,0,Frontier diff: ,-1, Frontier diff Contribution ,-0,Inverse Area ratio: ,0.662326, Inv Area Ratio Contribution: ,0,Inverse Perim ratio: ,1.06045, Inv Perim Contribution: ,0, Final Score: ,-203.119
BEST Point:,228,278, Score: ,-101.211
COUNT COMMAND: 1
Total frontiers: ,102, Prioritised frontiers: ,25
At: ,227,277,
Point: ,264,275,Repeat score:,1, Repeat contribution: ,-1,Dist:,37.0912, Dist contribution: ,-185.456, New scanned ratio: ,0.00729635, New Scanned Cells Contribution: ,0,Area ratio: ,0.99358, Area ratio Contribution: ,0,Perim diff: ,1.03492, Perim diff Contribution: ,0,Frontier diff: ,0, Frontier diff Contribution ,0,Inverse Area ratio: ,0.245081, Inv Area Ratio Contribution: ,0,Inverse Perim ratio: ,1.08429, Inv Perim Contribution: ,0, Final Score: ,-186.456
Point: ,261,273,Repeat score:,1, Repeat contribution: ,-1,Dist:,34.3953, Dist contribution: ,-171.977, New scanned ratio: ,0.00603836, New Scanned Cells Contribution: ,0,Area ratio: ,0.993815, Area ratio Contribution: ,0,Perim diff: ,1.03135, Perim diff Contribution: ,0,Frontier diff: ,0, Frontier diff Contribution ,0,Inverse Area ratio: ,0.258445, Inv Area Ratio Contribution: ,0,Inverse Perim ratio: ,1.07928, Inv Perim Contribution: ,0, Final Score: ,-172.977
Point: ,256,276,Repeat score:,1, Repeat contribution: ,-1,Dist:,29.0291, Dist contribution: ,-145.146, New scanned ratio: ,0.00637001, New Scanned Cells Contribution: ,0,Area ratio: ,0.993528, Area ratio Contribution: ,0,Perim diff: ,1.03078, Perim diff Contribution: ,0,Frontier diff: ,0, Frontier diff Contribution ,0,Inverse Area ratio: ,0.254155, Inv Area Ratio Contribution: ,0,Inverse Perim ratio: ,1.07462, Inv Perim Contribution: ,0, Final Score: ,-146.146
Point: ,251,276,Repeat score:,1, Repeat contribution: ,-1,Dist:,24.0352, Dist contribution: ,-120.176, New scanned ratio: ,0.00538649, New Scanned Cells Contribution: ,0,Area ratio: ,0.993324, Area ratio Contribution: ,0,Perim diff: ,1.03003, Perim diff Contribution: ,0,Frontier diff: ,0, Frontier diff Contribution ,0,Inverse Area ratio: ,0.26779, Inv Area Ratio Contribution: ,0,Inverse Perim ratio: ,1.07214, Inv Perim Contribution: ,0, Final Score: ,-121.176
Point: ,250,277,Repeat score:,1, Repeat contribution: ,-1,Dist:,23, Dist contribution: ,-115, New scanned ratio: ,0.00553516, New Scanned Cells Contribution: ,0,Area ratio: ,0.99319, Area ratio Contribution: ,0,Perim diff: ,1.02977, Perim diff Contribution: ,0,Frontier diff: ,0, Frontier diff Contribution ,0,Inverse Area ratio: ,0.265569, Inv Area Ratio Contribution: ,0,Inverse Perim ratio: ,1.07223, Inv Perim Contribution: ,0, Final Score: ,-116
Point: ,249,276,Repeat score:,1, Repeat contribution: ,-1,Dist:,22.0384, Dist contribution: ,-110.192, New scanned ratio: ,0.00497478, New Scanned Cells Contribution: ,0,Area ratio: ,0.993254, Area ratio Contribution: ,0,Perim diff: ,1.02814, Perim diff Contribution: ,0,Frontier diff: ,0, Frontier diff Contribution ,0,Inverse Area ratio: ,0.273305, Inv Area Ratio Contribution: ,0,Inverse Perim ratio: ,1.07272, Inv Perim Contribution: ,0, Final Score: ,-111.192
Point: ,247,276,Repeat score:,1, Repeat contribution: ,-1,Dist:,20.0422, Dist contribution: ,-100.211, New scanned ratio: ,0.0045402, New Scanned Cells Contribution: ,0,Area ratio: ,0.993115, Area ratio Contribution: ,0,Perim diff: ,1.03078, Perim diff Contribution: ,0,Frontier diff: ,0, Frontier diff Contribution ,0,Inverse Area ratio: ,0.279127, Inv Area Ratio Contribution: ,0,Inverse Perim ratio: ,1.07272, Inv Perim Contribution: ,0, Final Score: ,-101.211
Point: ,248,277,Repeat score:,1, Repeat contribution: ,-1,Dist:,21, Dist contribution: ,-105, New scanned ratio: ,0.00510058, New Scanned Cells Contribution: ,0,Area ratio: ,0.993063, Area ratio Contribution: ,0,Perim diff: ,1.03063, Perim diff Contribution: ,0,Frontier diff: ,0, Frontier diff Contribution ,0,Inverse Area ratio: ,0.27139, Inv Area Ratio Contribution: ,0,Inverse Perim ratio: ,1.07337, Inv Perim Contribution: ,0, Final Score: ,-106
Point: ,247,278,Repeat score:,1, Repeat contribution: ,-1,Dist:,20.0422, Dist contribution: ,-100.211, New scanned ratio: ,0.00521494, New Scanned Cells Contribution: ,0,Area ratio: ,0.99233, Area ratio Contribution: ,0,Perim diff: ,1.03167, Perim diff Contribution: ,0,Frontier diff: ,0, Frontier diff Contribution ,0,Inverse Area ratio: ,0.269935, Inv Area Ratio Contribution: ,0,Inverse Perim ratio: ,1.07584, Inv Perim Contribution: ,0, Final Score: ,-101.211
Point: ,247,283,Repeat score:,1, Repeat contribution: ,-1,Dist:,21.4672, Dist contribution: ,-107.336, New scanned ratio: ,0.0064615, New Scanned Cells Contribution: ,0,Area ratio: ,0.99095, Area ratio Contribution: ,0,Perim diff: ,1.03385, Perim diff Contribution: ,0,Frontier diff: ,-1, Frontier diff Contribution ,-0,Inverse Area ratio: ,0.529626, Inv Area Ratio Contribution: ,0,Inverse Perim ratio: ,1.05282, Inv Perim Contribution: ,0, Final Score: ,-108.336
Point: ,244,289,Repeat score:,1, Repeat contribution: ,-1,Dist:,23.0729, Dist contribution: ,-115.365, New scanned ratio: ,0.00587825, New Scanned Cells Contribution: ,0,Area ratio: ,0.989866, Area ratio Contribution: ,0,Perim diff: ,1.04195, Perim diff Contribution: ,0,Frontier diff: ,-1, Frontier diff Contribution ,-0,Inverse Area ratio: ,0.535819, Inv Area Ratio Contribution: ,0,Inverse Perim ratio: ,1.0531, Inv Perim Contribution: ,0, Final Score: ,-116.365
Point: ,239,294,Repeat score:,1, Repeat contribution: ,-1,Dist:,25.1478, Dist contribution: ,-125.739, New scanned ratio: ,0.00436866, New Scanned Cells Contribution: ,0,Area ratio: ,0.988707, Area ratio Contribution: ,0,Perim diff: ,1.04861, Perim diff Contribution: ,0,Frontier diff: ,-1, Frontier diff Contribution ,-0,Inverse Area ratio: ,0.549167, Inv Area Ratio Contribution: ,0,Inverse Perim ratio: ,1.05567, Inv Perim Contribution: ,0, Final Score: ,-126.739
Point: ,233,297,Repeat score:,1, Repeat contribution: ,-1,Dist:,26.6833, Dist contribution: ,-133.417, New scanned ratio: ,0.00292769, New Scanned Cells Contribution: ,0,Area ratio: ,0.988057, Area ratio Contribution: ,0,Perim diff: ,1.0451, Perim diff Contribution: ,0,Frontier diff: ,-1, Frontier diff Contribution ,-0,Inverse Area ratio: ,0.597214, Inv Area Ratio Contribution: ,0,Inverse Perim ratio: ,1.05423, Inv Perim Contribution: ,0, Final Score: ,-134.417
Point: ,228,297,Repeat score:,1, Repeat contribution: ,-1,Dist:,26.0192, Dist contribution: ,-130.096, New scanned ratio: ,0.00219577, New Scanned Cells Contribution: ,0,Area ratio: ,0.987987, Area ratio Contribution: ,0,Perim diff: ,1.04022, Perim diff Contribution: ,0,Frontier diff: ,-1, Frontier diff Contribution ,-0,Inverse Area ratio: ,0.608022, Inv Area Ratio Contribution: ,0,Inverse Perim ratio: ,1.05312, Inv Perim Contribution: ,0, Final Score: ,-131.096
Point: ,227,298,Repeat score:,1, Repeat contribution: ,-1,Dist:,27.3, Dist contribution: ,-136.5, New scanned ratio: ,0.00205853, New Scanned Cells Contribution: ,0,Area ratio: ,0.987974, Area ratio Contribution: ,0,Perim diff: ,1.04064, Perim diff Contribution: ,0,Frontier diff: ,-1, Frontier diff Contribution ,-0,Inverse Area ratio: ,0.610327, Inv Area Ratio Contribution: ,0,Inverse Perim ratio: ,1.05473, Inv Perim Contribution: ,0, Final Score: ,-137.5
Point: ,226,297,Repeat score:,1, Repeat contribution: ,-1,Dist:,26.0192, Dist contribution: ,-130.096, New scanned ratio: ,0.00197848, New Scanned Cells Contribution: ,0,Area ratio: ,0.98804, Area ratio Contribution: ,0,Perim diff: ,1.0387, Perim diff Contribution: ,0,Frontier diff: ,-1, Frontier diff Contribution ,-0,Inverse Area ratio: ,0.610769, Inv Area Ratio Contribution: ,0,Inverse Perim ratio: ,1.05314, Inv Perim Contribution: ,0, Final Score: ,-131.096
Point: ,221,297,Repeat score:,1, Repeat contribution: ,-1,Dist:,26.6833, Dist contribution: ,-133.417, New scanned ratio: ,0.00161252, New Scanned Cells Contribution: ,0,Area ratio: ,0.988362, Area ratio Contribution: ,0,Perim diff: ,1.03686, Perim diff Contribution: ,0,Frontier diff: ,-1, Frontier diff Contribution ,-0,Inverse Area ratio: ,0.613465, Inv Area Ratio Contribution: ,0,Inverse Perim ratio: ,1.05398, Inv Perim Contribution: ,0, Final Score: ,-134.417
Point: ,218,295,Repeat score:,1, Repeat contribution: ,-1,Dist:,25.0711, Dist contribution: ,-125.355, New scanned ratio: ,0.0015439, New Scanned Cells Contribution: ,0,Area ratio: ,0.988676, Area ratio Contribution: ,0,Perim diff: ,1.03531, Perim diff Contribution: ,0,Frontier diff: ,-1, Frontier diff Contribution ,-0,Inverse Area ratio: ,0.63057, Inv Area Ratio Contribution: ,0,Inverse Perim ratio: ,1.05452, Inv Perim Contribution: ,0, Final Score: ,-126.355
Point: ,214,297,Repeat score:,1, Repeat contribution: ,-1,Dist:,29.0689, Dist contribution: ,-145.344, New scanned ratio: ,0.00152103, New Scanned Cells Contribution: ,0,Area ratio: ,0.98921, Area ratio Contribution: ,0,Perim diff: ,1.03241, Perim diff Contribution: ,0,Frontier diff: ,-1, Frontier diff Contribution ,-0,Inverse Area ratio: ,0.631087, Inv Area Ratio Contribution: ,0,Inverse Perim ratio: ,1.05478, Inv Perim Contribution: ,0, Final Score: ,-146.344
Point: ,209,297,Repeat score:,1, Repeat contribution: ,-1,Dist:,31.6228, Dist contribution: ,-158.114, New scanned ratio: ,0.00150959, New Scanned Cells Contribution: ,0,Area ratio: ,0.989851, Area ratio Contribution: ,0,Perim diff: ,1.03044, Perim diff Contribution: ,0,Frontier diff: ,-1, Frontier diff Contribution ,-0,Inverse Area ratio: ,0.625754, Inv Area Ratio Contribution: ,0,Inverse Perim ratio: ,1.0543, Inv Perim Contribution: ,0, Final Score: ,-159.114
Point: ,208,298,Repeat score:,1, Repeat contribution: ,-1,Dist:,33.2609, Dist contribution: ,-166.305, New scanned ratio: ,0.00150959, New Scanned Cells Contribution: ,0,Area ratio: ,0.989969, Area ratio Contribution: ,0,Perim diff: ,1.03293, Perim diff Contribution: ,0,Frontier diff: ,-1, Frontier diff Contribution ,-0,Inverse Area ratio: ,0.621547, Inv Area Ratio Contribution: ,0,Inverse Perim ratio: ,1.05832, Inv Perim Contribution: ,0, Final Score: ,-167.305
Point: ,207,297,Repeat score:,1, Repeat contribution: ,-1,Dist:,32.8024, Dist contribution: ,-164.012, New scanned ratio: ,0.00150959, New Scanned Cells Contribution: ,0,Area ratio: ,0.990105, Area ratio Contribution: ,0,Perim diff: ,1.03055, Perim diff Contribution: ,0,Frontier diff: ,-1, Frontier diff Contribution ,-0,Inverse Area ratio: ,0.622274, Inv Area Ratio Contribution: ,0,Inverse Perim ratio: ,1.05544, Inv Perim Contribution: ,0, Final Score: ,-165.012
Point: ,202,297,Repeat score:,1, Repeat contribution: ,-1,Dist:,36.0694, Dist contribution: ,-180.347, New scanned ratio: ,0.00152103, New Scanned Cells Contribution: ,0,Area ratio: ,0.99024, Area ratio Contribution: ,0,Perim diff: ,1.03304, Perim diff Contribution: ,0,Frontier diff: ,-1, Frontier diff Contribution ,-0,Inverse Area ratio: ,0.612778, Inv Area Ratio Contribution: ,0,Inverse Perim ratio: ,1.05999, Inv Perim Contribution: ,0, Final Score: ,-181.347
Point: ,198,295,Repeat score:,1, Repeat contribution: ,-1,Dist:,37.2634, Dist contribution: ,-186.317, New scanned ratio: ,0.0015439, New Scanned Cells Contribution: ,0,Area ratio: ,0.990223, Area ratio Contribution: ,0,Perim diff: ,1.03447, Perim diff Contribution: ,0,Frontier diff: ,-1, Frontier diff Contribution ,-0,Inverse Area ratio: ,0.604645, Inv Area Ratio Contribution: ,0,Inverse Perim ratio: ,1.06244, Inv Perim Contribution: ,0, Final Score: ,-187.317
Point: ,195,297,Repeat score:,1, Repeat contribution: ,-1,Dist:,41.2311, Dist contribution: ,-206.155, New scanned ratio: ,0.00155533, New Scanned Cells Contribution: ,0,Area ratio: ,0.990235, Area ratio Contribution: ,0,Perim diff: ,1.03513, Perim diff Contribution: ,0,Frontier diff: ,-1, Frontier diff Contribution ,-0,Inverse Area ratio: ,0.601874, Inv Area Ratio Contribution: ,0,Inverse Perim ratio: ,1.06524, Inv Perim Contribution: ,0, Final Score: ,-207.155
BEST Point:,247,276, Score: ,-101.211
COUNT COMMAND: 1
Total frontiers: ,103, Prioritised frontiers: ,26
At: ,246,276,
Point: ,284,274,Repeat score:,1, Repeat contribution: ,-1,Dist:,38.0888, Dist contribution: ,-190.444, New scanned ratio: ,0.00678669, New Scanned Cells Contribution: ,0,Area ratio: ,0.994155, Area ratio Contribution: ,0,Perim diff: ,1.02968, Perim diff Contribution: ,0,Frontier diff: ,0, Frontier diff Contribution ,0,Inverse Area ratio: ,0.266723, Inv Area Ratio Contribution: ,0,Inverse Perim ratio: ,1.06703, Inv Perim Contribution: ,0, Final Score: ,-191.444
Point: ,281,272,Repeat score:,1, Repeat contribution: ,-1,Dist:,35.3842, Dist contribution: ,-176.921, New scanned ratio: ,0.00603514, New Scanned Cells Contribution: ,0,Area ratio: ,0.994595, Area ratio Contribution: ,0,Perim diff: ,1.02652, Perim diff Contribution: ,0,Frontier diff: ,0, Frontier diff Contribution ,0,Inverse Area ratio: ,0.259099, Inv Area Ratio Contribution: ,0,Inverse Perim ratio: ,1.06563, Inv Perim Contribution: ,0, Final Score: ,-177.921
Point: ,276,275,Repeat score:,1, Repeat contribution: ,-1,Dist:,30.0282, Dist contribution: ,-150.141, New scanned ratio: ,0.0065134, New Scanned Cells Contribution: ,0,Area ratio: ,0.994852, Area ratio Contribution: ,0,Perim diff: ,1.02511, Perim diff Contribution: ,0,Frontier diff: ,0, Frontier diff Contribution ,0,Inverse Area ratio: ,0.196936, Inv Area Ratio Contribution: ,0,Inverse Perim ratio: ,1.074, Inv Perim Contribution: ,0, Final Score: ,-151.141
Point: ,271,275,Repeat score:,1, Repeat contribution: ,-1,Dist:,25.0338, Dist contribution: ,-125.169, New scanned ratio: ,0.00555688, New Scanned Cells Contribution: ,0,Area ratio: ,0.994875, Area ratio Contribution: ,0,Perim diff: ,1.02604, Perim diff Contribution: ,0,Frontier diff: ,0, Frontier diff Contribution ,0,Inverse Area ratio: ,0.210158, Inv Area Ratio Contribution: ,0,Inverse Perim ratio: ,1.07133, Inv Perim Contribution: ,0, Final Score: ,-126.169
Point: ,270,276,Repeat score:,1, Repeat contribution: ,-1,Dist:,24, Dist contribution: ,-120, New scanned ratio: ,0.0057163, New Scanned Cells Contribution: ,0,Area ratio: ,0.994712, Area ratio Contribution: ,0,Perim diff: ,1.02598, Perim diff Contribution: ,0,Frontier diff: ,0, Frontier diff Contribution ,0,Inverse Area ratio: ,0.208291, Inv Area Ratio Contribution: ,0,Inverse Perim ratio: ,1.0718, Inv Perim Contribution: ,0, Final Score: ,-121
Point: ,269,275,Repeat score:,1, Repeat contribution: ,-1,Dist:,23.0367, Dist contribution: ,-115.184, New scanned ratio: ,0.00515834, New Scanned Cells Contribution: ,0,Area ratio: ,0.994867, Area ratio Contribution: ,0,Perim diff: ,1.02468, Perim diff Contribution: ,0,Frontier diff: ,0, Frontier diff Contribution ,0,Inverse Area ratio: ,0.215914, Inv Area Ratio Contribution: ,0,Inverse Perim ratio: ,1.07209, Inv Perim Contribution: ,0, Final Score: ,-116.184
Point: ,266,275,Repeat score:,1, Repeat contribution: ,-1,Dist:,20.0422, Dist contribution: ,-100.211, New scanned ratio: ,0.00450927, New Scanned Cells Contribution: ,0,Area ratio: ,0.994751, Area ratio Contribution: ,0,Perim diff: ,1.02792, Perim diff Contribution: ,0,Frontier diff: ,0, Frontier diff Contribution ,0,Inverse Area ratio: ,0.22478, Inv Area Ratio Contribution: ,0,Inverse Perim ratio: ,1.07209, Inv Perim Contribution: ,0, Final Score: ,-101.211
Point: ,267,276,Repeat score:,1, Repeat contribution: ,-1,Dist:,21, Dist contribution: ,-105, New scanned ratio: ,0.00506724, New Scanned Cells Contribution: ,0,Area ratio: ,0.994641, Area ratio Contribution: ,0,Perim diff: ,1.02758, Perim diff Contribution: ,0,Frontier diff: ,0, Frontier diff Contribution ,0,Inverse Area ratio: ,0.217002, Inv Area Ratio Contribution: ,0,Inverse Perim ratio: ,1.07302, Inv Perim Contribution: ,0, Final Score: ,-106
Point: ,266,277,Repeat score:,1, Repeat contribution: ,-1,Dist:,20.0422, Dist contribution: ,-100.211, New scanned ratio: ,0.00518111, New Scanned Cells Contribution: ,0,Area ratio: ,0.994438, Area ratio Contribution: ,0,Perim diff: ,1.02843, Perim diff Contribution: ,0,Frontier diff: ,0, Frontier diff Contribution ,0,Inverse Area ratio: ,0.215447, Inv Area Ratio Contribution: ,0,Inverse Perim ratio: ,1.07521, Inv Perim Contribution: ,0, Final Score: ,-101.211
Point: ,266,282,Repeat score:,1, Repeat contribution: ,-1,Dist:,21.4672, Dist contribution: ,-107.336, New scanned ratio: ,0.00666143, New Scanned Cells Contribution: ,0,Area ratio: ,0.992811, Area ratio Contribution: ,0,Perim diff: ,1.02971, Perim diff Contribution: ,0,Frontier diff: ,-1, Frontier diff Contribution ,-0,Inverse Area ratio: ,0.439008, Inv Area Ratio Contribution: ,0,Inverse Perim ratio: ,1.05383, Inv Perim Contribution: ,0, Final Score: ,-108.336
Point: ,263,288,Repeat score:,1, Repeat contribution: ,-1,Dist:,23.0729, Dist contribution: ,-115.365, New scanned ratio: ,0.00621733, New Scanned Cells Contribution: ,0,Area ratio: ,0.992022, Area ratio Contribution: ,0,Perim diff: ,1.03701, Perim diff Contribution: ,0,Frontier diff: ,-1, Frontier diff Contribution ,-0,Inverse Area ratio: ,0.447703, Inv Area Ratio Contribution: ,0,Inverse Perim ratio: ,1.05366, Inv Perim Contribution: ,0, Final Score: ,-116.365
Point: ,258,293,Repeat score:,1, Repeat contribution: ,-1,Dist:,25.1478, Dist contribution: ,-125.739, New scanned ratio: ,0.00479395, New Scanned Cells Contribution: ,0,Area ratio: ,0.990715, Area ratio Contribution: ,0,Perim diff: ,1.0493, Perim diff Contribution: ,0,Frontier diff: ,-1, Frontier diff Contribution ,-0,Inverse Area ratio: ,0.467486, Inv Area Ratio Contribution: ,0,Inverse Perim ratio: ,1.05575, Inv Perim Contribution: ,0, Final Score: ,-126.739
Point: ,252,296,Repeat score:,1, Repeat contribution: ,-1,Dist:,26.6833, Dist contribution: ,-133.417, New scanned ratio: ,0.00329086, New Scanned Cells Contribution: ,0,Area ratio: ,0.990102, Area ratio Contribution: ,0,Perim diff: ,1.04283, Perim diff Contribution: ,0,Frontier diff: ,-1, Frontier diff Contribution ,-0,Inverse Area ratio: ,0.52083, Inv Area Ratio Contribution: ,0,Inverse Perim ratio: ,1.05402, Inv Perim Contribution: ,0, Final Score: ,-134.417
Point: ,247,296,Repeat score:,1, Repeat contribution: ,-1,Dist:,26.0192, Dist contribution: ,-130.096, New scanned ratio: ,0.00251654, New Scanned Cells Contribution: ,0,Area ratio: ,0.99005, Area ratio Contribution: ,0,Perim diff: ,1.03807, Perim diff Contribution: ,0,Frontier diff: ,-1, Frontier diff Contribution ,-0,Inverse Area ratio: ,0.535027, Inv Area Ratio Contribution: ,0,Inverse Perim ratio: ,1.0529, Inv Perim Contribution: ,0, Final Score: ,-131.096
Point: ,246,297,Repeat score:,1, Repeat contribution: ,-1,Dist:,27.3, Dist contribution: ,-136.5, New scanned ratio: ,0.00236851, New Scanned Cells Contribution: ,0,Area ratio: ,0.990054, Area ratio Contribution: ,0,Perim diff: ,1.03707, Perim diff Contribution: ,0,Frontier diff: ,-1, Frontier diff Contribution ,-0,Inverse Area ratio: ,0.538015, Inv Area Ratio Contribution: ,0,Inverse Perim ratio: ,1.05249, Inv Perim Contribution: ,0, Final Score: ,-137.5
Point: ,245,296,Repeat score:,1, Repeat contribution: ,-1,Dist:,26.0192, Dist contribution: ,-130.096, New scanned ratio: ,0.00226602, New Scanned Cells Contribution: ,0,Area ratio: ,0.990087, Area ratio Contribution: ,0,Perim diff: ,1.03726, Perim diff Contribution: ,0,Frontier diff: ,-1, Frontier diff Contribution ,-0,Inverse Area ratio: ,0.538808, Inv Area Ratio Contribution: ,0,Inverse Perim ratio: ,1.05292, Inv Perim Contribution: ,0, Final Score: ,-131.096
Point: ,240,296,Repeat score:,1, Repeat contribution: ,-1,Dist:,26.6833, Dist contribution: ,-133.417, New scanned ratio: ,0.00185609, New Scanned Cells Contribution: ,0,Area ratio: ,0.990425, Area ratio Contribution: ,0,Perim diff: ,1.03449, Perim diff Contribution: ,0,Frontier diff: ,-1, Frontier diff Contribution ,-0,Inverse Area ratio: ,0.543882, Inv Area Ratio Contribution: ,0,Inverse Perim ratio: ,1.05265, Inv Perim Contribution: ,0, Final Score: ,-134.417
Point: ,239,295,Repeat score:,1, Repeat contribution: ,-1,Dist:,25.6727, Dist contribution: ,-128.364, New scanned ratio: ,0.00179916, New Scanned Cells Contribution: ,0,Area ratio: ,0.990509, Area ratio Contribution: ,0,Perim diff: ,1.03465, Perim diff Contribution: ,0,Frontier diff: ,-1, Frontier diff Contribution ,-0,Inverse Area ratio: ,0.543743, Inv Area Ratio Contribution: ,0,Inverse Perim ratio: ,1.05286, Inv Perim Contribution: ,0, Final Score: ,-129.364
Point: ,236,295,Repeat score:,1, Repeat contribution: ,-1,Dist:,26.6475, Dist contribution: ,-133.238, New scanned ratio: ,0.00173083, New Scanned Cells Contribution: ,0,Area ratio: ,0.990834, Area ratio Contribution: ,0,Perim diff: ,1.03329, Perim diff Contribution: ,0,Frontier diff: ,-1, Frontier diff Contribution ,-0,Inverse Area ratio: ,0.562877, Inv Area Ratio Contribution: ,0,Inverse Perim ratio: ,1.05352, Inv Perim Contribution: ,0, Final Score: ,-134.238
Point: ,233,297,Repeat score:,1, Repeat contribution: ,-1,Dist:,30.2372, Dist contribution: ,-151.186, New scanned ratio: ,0.00168528, New Scanned Cells Contribution: ,0,Area ratio: ,0.991227, Area ratio Contribution: ,0,Perim diff: ,1.03108, Perim diff Contribution: ,0,Frontier diff: ,-1, Frontier diff Contribution ,-0,Inverse Area ratio: ,0.561759, Inv Area Ratio Contribution: ,0,Inverse Perim ratio: ,1.05391, Inv Perim Contribution: ,0, Final Score: ,-152.186
Point: ,228,297,Repeat score:,1, Repeat contribution: ,-1,Dist:,32.7, Dist contribution: ,-163.5, New scanned ratio: ,0.00161696, New Scanned Cells Contribution: ,0,Area ratio: ,0.991806, Area ratio Contribution: ,0,Perim diff: ,1.03058, Perim diff Contribution: ,0,Frontier diff: ,-1, Frontier diff Contribution ,-0,Inverse Area ratio: ,0.555253, Inv Area Ratio Contribution: ,0,Inverse Perim ratio: ,1.05545, Inv Perim Contribution: ,0, Final Score: ,-164.5
Point: ,227,298,Repeat score:,1, Repeat contribution: ,-1,Dist:,34.336, Dist contribution: ,-171.68, New scanned ratio: ,0.00160558, New Scanned Cells Contribution: ,0,Area ratio: ,0.991918, Area ratio Contribution: ,0,Perim diff: ,1.03189, Perim diff Contribution: ,0,Frontier diff: ,-1, Frontier diff Contribution ,-0,Inverse Area ratio: ,0.553361, Inv Area Ratio Contribution: ,0,Inverse Perim ratio: ,1.05744, Inv Perim Contribution: ,0, Final Score: ,-172.68
Point: ,226,297,Repeat score:,1, Repeat contribution: ,-1,Dist:,33.8421, Dist contribution: ,-169.211, New scanned ratio: ,0.00160558, New Scanned Cells Contribution: ,0,Area ratio: ,0.992065, Area ratio Contribution: ,0,Perim diff: ,1.02941, Perim diff Contribution: ,0,Frontier diff: ,-1, Frontier diff Contribution ,-0,Inverse Area ratio: ,0.554298, Inv Area Ratio Contribution: ,0,Inverse Perim ratio: ,1.05488, Inv Perim Contribution: ,0, Final Score: ,-170.211
Point: ,221,297,Repeat score:,1, Repeat contribution: ,-1,Dist:,37.0174, Dist contribution: ,-185.087, New scanned ratio: ,0.00154864, New Scanned Cells Contribution: ,0,Area ratio: ,0.992143, Area ratio Contribution: ,0,Perim diff: ,1.03341, Perim diff Contribution: ,0,Frontier diff: ,-1, Frontier diff Contribution ,-0,Inverse Area ratio: ,0.543709, Inv Area Ratio Contribution: ,0,Inverse Perim ratio: ,1.06091, Inv Perim Contribution: ,0, Final Score: ,-186.087
Point: ,217,295,Repeat score:,1, Repeat contribution: ,-1,Dist:,38.0932, Dist contribution: ,-190.466, New scanned ratio: ,0.00152587, New Scanned Cells Contribution: ,0,Area ratio: ,0.992132, Area ratio Contribution: ,0,Perim diff: ,1.03262, Perim diff Contribution: ,0,Frontier diff: ,-1, Frontier diff Contribution ,-0,Inverse Area ratio: ,0.556211, Inv Area Ratio Contribution: ,0,Inverse Perim ratio: ,1.0608, Inv Perim Contribution: ,0, Final Score: ,-191.466
Point: ,214,297,Repeat score:,1, Repeat contribution: ,-1,Dist:,42.0629, Dist contribution: ,-210.315, New scanned ratio: ,0.00151448, New Scanned Cells Contribution: ,0,Area ratio: ,0.992143, Area ratio Contribution: ,0,Perim diff: ,1.03164, Perim diff Contribution: ,0,Frontier diff: ,-1, Frontier diff Contribution ,-0,Inverse Area ratio: ,0.556122, Inv Area Ratio Contribution: ,0,Inverse Perim ratio: ,1.0625, Inv Perim Contribution: ,0, Final Score: ,-211.315
BEST Point:,266,275, Score: ,-101.211
COUNT COMMAND: 1
Total frontiers: ,104, Prioritised frontiers: ,26
At: ,265,275,
Point: ,299,272,Repeat score:,1, Repeat contribution: ,-1,Dist:,34.2229, Dist contribution: ,-171.115, New scanned ratio: ,0.00291396, New Scanned Cells Contribution: ,0,Area ratio: ,0.994438, Area ratio Contribution: ,0,Perim diff: ,1.02694, Perim diff Contribution: ,0,Frontier diff: ,0, Frontier diff Contribution ,0,Inverse Area ratio: ,0.277047, Inv Area Ratio Contribution: ,0,Inverse Perim ratio: ,1.0564, Inv Perim Contribution: ,0, Final Score: ,-172.115
Point: ,296,274,Repeat score:,1, Repeat contribution: ,-1,Dist:,31.0272, Dist contribution: ,-155.136, New scanned ratio: ,0.00353758, New Scanned Cells Contribution: ,0,Area ratio: ,0.994588, Area ratio Contribution: ,0,Perim diff: ,1.02555, Perim diff Contribution: ,0,Frontier diff: ,0, Frontier diff Contribution ,0,Inverse Area ratio: ,0.296635, Inv Area Ratio Contribution: ,0,Inverse Perim ratio: ,1.05546, Inv Perim Contribution: ,0, Final Score: ,-156.136
Point: ,291,274,Repeat score:,1, Repeat contribution: ,-1,Dist:,26.0325, Dist contribution: ,-130.162, New scanned ratio: ,0.00378702, New Scanned Cells Contribution: ,0,Area ratio: ,0.994949, Area ratio Contribution: ,0,Perim diff: ,1.02358, Perim diff Contribution: ,0,Frontier diff: ,0, Frontier diff Contribution ,0,Inverse Area ratio: ,0.328657, Inv Area Ratio Contribution: ,0,Inverse Perim ratio: ,1.0532, Inv Perim Contribution: ,0, Final Score: ,-131.162
Point: ,290,275,Repeat score:,1, Repeat contribution: ,-1,Dist:,25, Dist contribution: ,-125, New scanned ratio: ,0.0040478, New Scanned Cells Contribution: ,0,Area ratio: ,0.994798, Area ratio Contribution: ,0,Perim diff: ,1.02341, Perim diff Contribution: ,0,Frontier diff: ,0, Frontier diff Contribution ,0,Inverse Area ratio: ,0.337127, Inv Area Ratio Contribution: ,0,Inverse Perim ratio: ,1.05351, Inv Perim Contribution: ,0, Final Score: ,-126
Point: ,289,274,Repeat score:,1, Repeat contribution: ,-1,Dist:,24.0352, Dist contribution: ,-120.176, New scanned ratio: ,0.0038097, New Scanned Cells Contribution: ,0,Area ratio: ,0.995073, Area ratio Contribution: ,0,Perim diff: ,1.02359, Perim diff Contribution: ,0,Frontier diff: ,0, Frontier diff Contribution ,0,Inverse Area ratio: ,0.327752, Inv Area Ratio Contribution: ,0,Inverse Perim ratio: ,1.05363, Inv Perim Contribution: ,0, Final Score: ,-121.176
Point: ,285,274,Repeat score:,1, Repeat contribution: ,-1,Dist:,20.0422, Dist contribution: ,-100.211, New scanned ratio: ,0.00374167, New Scanned Cells Contribution: ,0,Area ratio: ,0.995287, Area ratio Contribution: ,0,Perim diff: ,1.02324, Perim diff Contribution: ,0,Frontier diff: ,0, Frontier diff Contribution ,0,Inverse Area ratio: ,0.295601, Inv Area Ratio Contribution: ,0,Inverse Perim ratio: ,1.05448, Inv Perim Contribution: ,0, Final Score: ,-101.211
Point: ,286,275,Repeat score:,1, Repeat contribution: ,-1,Dist:,21, Dist contribution: ,-105, New scanned ratio: ,0.0040478, New Scanned Cells Contribution: ,0,Area ratio: ,0.995024, Area ratio Contribution: ,0,Perim diff: ,1.02305, Perim diff Contribution: ,0,Frontier diff: ,0, Frontier diff Contribution ,0,Inverse Area ratio: ,0.313406, Inv Area Ratio Contribution: ,0,Inverse Perim ratio: ,1.05345, Inv Perim Contribution: ,0, Final Score: ,-106
Point: ,285,276,Repeat score:,1, Repeat contribution: ,-1,Dist:,20.0422, Dist contribution: ,-100.211, New scanned ratio: ,0.00429725, New Scanned Cells Contribution: ,0,Area ratio: ,0.994862, Area ratio Contribution: ,0,Perim diff: ,1.02326, Perim diff Contribution: ,0,Frontier diff: ,0, Frontier diff Contribution ,0,Inverse Area ratio: ,0.306856, Inv Area Ratio Contribution: ,0,Inverse Perim ratio: ,1.05458, Inv Perim Contribution: ,0, Final Score: ,-101.211
Point: ,285,281,Repeat score:,1, Repeat contribution: ,-1,Dist:,21.4672, Dist contribution: ,-107.336, New scanned ratio: ,0.00570321, New Scanned Cells Contribution: ,0,Area ratio: ,0.993288, Area ratio Contribution: ,0,Perim diff: ,1.02276, Perim diff Contribution: ,0,Frontier diff: ,-1, Frontier diff Contribution ,-0,Inverse Area ratio: ,0.35867, Inv Area Ratio Contribution: ,0,Inverse Perim ratio: ,1.05201, Inv Perim Contribution: ,0, Final Score: ,-108.336
Point: ,282,287,Repeat score:,1, Repeat contribution: ,-1,Dist:,23.0729, Dist contribution: ,-115.365, New scanned ratio: ,0.0062021, New Scanned Cells Contribution: ,0,Area ratio: ,0.993442, Area ratio Contribution: ,0,Perim diff: ,1.0253, Perim diff Contribution: ,0,Frontier diff: ,-2, Frontier diff Contribution ,-0,Inverse Area ratio: ,0.351707, Inv Area Ratio Contribution: ,0,Inverse Perim ratio: ,1.0523, Inv Perim Contribution: ,0, Final Score: ,-116.365
Point: ,277,292,Repeat score:,1, Repeat contribution: ,-1,Dist:,25.1478, Dist contribution: ,-125.739, New scanned ratio: ,0.00519298, New Scanned Cells Contribution: ,0,Area ratio: ,0.992718, Area ratio Contribution: ,0,Perim diff: ,1.03989, Perim diff Contribution: ,0,Frontier diff: ,-1, Frontier diff Contribution ,-0,Inverse Area ratio: ,0.353123, Inv Area Ratio Contribution: ,0,Inverse Perim ratio: ,1.05712, Inv Perim Contribution: ,0, Final Score: ,-126.739
Point: ,271,295,Repeat score:,1, Repeat contribution: ,-1,Dist:,26.6833, Dist contribution: ,-133.417, New scanned ratio: ,0.00371899, New Scanned Cells Contribution: ,0,Area ratio: ,0.992131, Area ratio Contribution: ,0,Perim diff: ,1.03637, Perim diff Contribution: ,0,Frontier diff: ,-1, Frontier diff Contribution ,-0,Inverse Area ratio: ,0.425155, Inv Area Ratio Contribution: ,0,Inverse Perim ratio: ,1.05373, Inv Perim Contribution: ,0, Final Score: ,-134.417
Point: ,266,295,Repeat score:,1, Repeat contribution: ,-1,Dist:,26.0192, Dist contribution: ,-130.096, New scanned ratio: ,0.00294798, New Scanned Cells Contribution: ,0,Area ratio: ,0.99208, Area ratio Contribution: ,0,Perim diff: ,1.0332, Perim diff Contribution: ,0,Frontier diff: ,-1, Frontier diff Contribution ,-0,Inverse Area ratio: ,0.442576, Inv Area Ratio Contribution: ,0,Inverse Perim ratio: ,1.05266, Inv Perim Contribution: ,0, Final Score: ,-131.096
Point: ,265,296,Repeat score:,1, Repeat contribution: ,-1,Dist:,27.3, Dist contribution: ,-136.5, New scanned ratio: ,0.00280058, New Scanned Cells Contribution: ,0,Area ratio: ,0.992079, Area ratio Contribution: ,0,Perim diff: ,1.03264, Perim diff Contribution: ,0,Frontier diff: ,-1, Frontier diff Contribution ,-0,Inverse Area ratio: ,0.446288, Inv Area Ratio Contribution: ,0,Inverse Perim ratio: ,1.05257, Inv Perim Contribution: ,0, Final Score: ,-137.5
Point: ,264,295,Repeat score:,1, Repeat contribution: ,-1,Dist:,26.0192, Dist contribution: ,-130.096, New scanned ratio: ,0.00269854, New Scanned Cells Contribution: ,0,Area ratio: ,0.992118, Area ratio Contribution: ,0,Perim diff: ,1.03293, Perim diff Contribution: ,0,Frontier diff: ,-1, Frontier diff Contribution ,-0,Inverse Area ratio: ,0.447345, Inv Area Ratio Contribution: ,0,Inverse Perim ratio: ,1.0527, Inv Perim Contribution: ,0, Final Score: ,-131.096
Point: ,259,295,Repeat score:,1, Repeat contribution: ,-1,Dist:,26.6833, Dist contribution: ,-133.417, New scanned ratio: ,0.00229035, New Scanned Cells Contribution: ,0,Area ratio: ,0.992457, Area ratio Contribution: ,0,Perim diff: ,1.03108, Perim diff Contribution: ,0,Frontier diff: ,-1, Frontier diff Contribution ,-0,Inverse Area ratio: ,0.454992, Inv Area Ratio Contribution: ,0,Inverse Perim ratio: ,1.05245, Inv Perim Contribution: ,0, Final Score: ,-134.417
Point: ,258,294,Repeat score:,1, Repeat contribution: ,-1,Dist:,25.6727, Dist contribution: ,-128.364, New scanned ratio: ,0.00223366, New Scanned Cells Contribution: ,0,Area ratio: ,0.99254, Area ratio Contribution: ,0,Perim diff: ,1.03142, Perim diff Contribution: ,0,Frontier diff: ,-1, Frontier diff Contribution ,-0,Inverse Area ratio: ,0.45515, Inv Area Ratio Contribution: ,0,Inverse Perim ratio: ,1.05266, Inv Perim Contribution: ,0, Final Score: ,-129.364
Point: ,255,294,Repeat score:,1, Repeat contribution: ,-1,Dist:,26.6475, Dist contribution: ,-133.238, New scanned ratio: ,0.00214295, New Scanned Cells Contribution: ,0,Area ratio: ,0.992882, Area ratio Contribution: ,0,Perim diff: ,1.02997, Perim diff Contribution: ,0,Frontier diff: ,-1, Frontier diff Contribution ,-0,Inverse Area ratio: ,0.474896, Inv Area Ratio Contribution: ,0,Inverse Perim ratio: ,1.05315, Inv Perim Contribution: ,0, Final Score: ,-134.238
Point: ,252,296,Repeat score:,1, Repeat contribution: ,-1,Dist:,30.2372, Dist contribution: ,-151.186, New scanned ratio: ,0.00205225, New Scanned Cells Contribution: ,0,Area ratio: ,0.993252, Area ratio Contribution: ,0,Perim diff: ,1.02885, Perim diff Contribution: ,0,Frontier diff: ,-1, Frontier diff Contribution ,-0,Inverse Area ratio: ,0.47447, Inv Area Ratio Contribution: ,0,Inverse Perim ratio: ,1.0538, Inv Perim Contribution: ,0, Final Score: ,-152.186
Point: ,247,296,Repeat score:,1, Repeat contribution: ,-1,Dist:,32.7, Dist contribution: ,-163.5, New scanned ratio: ,0.00193886, New Scanned Cells Contribution: ,0,Area ratio: ,0.9936, Area ratio Contribution: ,0,Perim diff: ,1.0284, Perim diff Contribution: ,0,Frontier diff: ,-1, Frontier diff Contribution ,-0,Inverse Area ratio: ,0.469611, Inv Area Ratio Contribution: ,0,Inverse Perim ratio: ,1.05539, Inv Perim Contribution: ,0, Final Score: ,-164.5
Point: ,246,297,Repeat score:,1, Repeat contribution: ,-1,Dist:,34.336, Dist contribution: ,-171.68, New scanned ratio: ,0.00191619, New Scanned Cells Contribution: ,0,Area ratio: ,0.993617, Area ratio Contribution: ,0,Perim diff: ,1.02826, Perim diff Contribution: ,0,Frontier diff: ,-1, Frontier diff Contribution ,-0,Inverse Area ratio: ,0.468063, Inv Area Ratio Contribution: ,0,Inverse Perim ratio: ,1.05533, Inv Perim Contribution: ,0, Final Score: ,-172.68
Point: ,245,296,Repeat score:,1, Repeat contribution: ,-1,Dist:,33.8421, Dist contribution: ,-169.211, New scanned ratio: ,0.00189351, New Scanned Cells Contribution: ,0,Area ratio: ,0.993611, Area ratio Contribution: ,0,Perim diff: ,1.0278, Perim diff Contribution: ,0,Frontier diff: ,-1, Frontier diff Contribution ,-0,Inverse Area ratio: ,0.468953, Inv Area Ratio Contribution: ,0,Inverse Perim ratio: ,1.05452, Inv Perim Contribution: ,0, Final Score: ,-170.211
Point: ,240,296,Repeat score:,1, Repeat contribution: ,-1,Dist:,37.0174, Dist contribution: ,-185.087, New scanned ratio: ,0.00179146, New Scanned Cells Contribution: ,0,Area ratio: ,0.99361, Area ratio Contribution: ,0,Perim diff: ,1.0306, Perim diff Contribution: ,0,Frontier diff: ,-1, Frontier diff Contribution ,-0,Inverse Area ratio: ,0.460773, Inv Area Ratio Contribution: ,0,Inverse Perim ratio: ,1.05975, Inv Perim Contribution: ,0, Final Score: ,-186.087
Point: ,239,295,Repeat score:,1, Repeat contribution: ,-1,Dist:,36.7696, Dist contribution: ,-183.848, New scanned ratio: ,0.00176879, New Scanned Cells Contribution: ,0,Area ratio: ,0.993599, Area ratio Contribution: ,0,Perim diff: ,1.02995, Perim diff Contribution: ,0,Frontier diff: ,-1, Frontier diff Contribution ,-0,Inverse Area ratio: ,0.461301, Inv Area Ratio Contribution: ,0,Inverse Perim ratio: ,1.05831, Inv Perim Contribution: ,0, Final Score: ,-184.848
Point: ,236,295,Repeat score:,1, Repeat contribution: ,-1,Dist:,38.9487, Dist contribution: ,-194.743, New scanned ratio: ,0.00172343, New Scanned Cells Contribution: ,0,Area ratio: ,0.99357, Area ratio Contribution: ,0,Perim diff: ,1.03196, Perim diff Contribution: ,0,Frontier diff: ,-1, Frontier diff Contribution ,-0,Inverse Area ratio: ,0.472641, Inv Area Ratio Contribution: ,0,Inverse Perim ratio: ,1.06245, Inv Perim Contribution: ,0, Final Score: ,-195.743
Point: ,233,297,Repeat score:,1, Repeat contribution: ,-1,Dist:,42.9181, Dist contribution: ,-214.59, New scanned ratio: ,0.00167808, New Scanned Cells Contribution: ,0,Area ratio: ,0.993582, Area ratio Contribution: ,0,Perim diff: ,1.0295, Perim diff Contribution: ,0,Frontier diff: ,-1, Frontier diff Contribution ,-0,Inverse Area ratio: ,0.473233, Inv Area Ratio Contribution: ,0,Inverse Perim ratio: ,1.06181, Inv Perim Contribution: ,0, Final Score: ,-215.59
BEST Point:,285,274, Score: ,-101.211
COUNT COMMAND: 1
Signal name: ,AZPKCG, Signal value: ,16.0786
Total frontiers: ,102, Prioritised frontiers: ,22
At: ,284,274,
Point: ,299,288,Repeat score:,1, Repeat contribution: ,-1,Dist:,23.5847, Dist contribution: ,-117.924, New scanned ratio: ,0.00154764, New Scanned Cells Contribution: ,0,Area ratio: ,0.992764, Area ratio Contribution: ,0,Perim diff: ,1.02471, Perim diff Contribution: ,0,Frontier diff: ,0, Frontier diff Contribution ,0,Inverse Area ratio: ,0.339041, Inv Area Ratio Contribution: ,0,Inverse Perim ratio: ,1.05261, Inv Perim Contribution: ,0, Final Score: ,-118.924
Point: ,296,291,Repeat score:,1, Repeat contribution: ,-1,Dist:,25.1478, Dist contribution: ,-125.739, New scanned ratio: ,0.00184135, New Scanned Cells Contribution: ,0,Area ratio: ,0.992967, Area ratio Contribution: ,0,Perim diff: ,1.02655, Perim diff Contribution: ,0,Frontier diff: ,0, Frontier diff Contribution ,0,Inverse Area ratio: ,0.334156, Inv Area Ratio Contribution: ,0,Inverse Perim ratio: ,1.05361, Inv Perim Contribution: ,0, Final Score: ,-126.739
Point: ,290,294,Repeat score:,1, Repeat contribution: ,-1,Dist:,26.6833, Dist contribution: ,-133.417, New scanned ratio: ,0.00229322, New Scanned Cells Contribution: ,0,Area ratio: ,0.9933, Area ratio Contribution: ,0,Perim diff: ,1.02499, Perim diff Contribution: ,0,Frontier diff: ,0, Frontier diff Contribution ,0,Inverse Area ratio: ,0.355954, Inv Area Ratio Contribution: ,0,Inverse Perim ratio: ,1.05352, Inv Perim Contribution: ,0, Final Score: ,-134.417
Point: ,285,294,Repeat score:,1, Repeat contribution: ,-1,Dist:,26.0192, Dist contribution: ,-130.096, New scanned ratio: ,0.00257563, New Scanned Cells Contribution: ,0,Area ratio: ,0.993504, Area ratio Contribution: ,0,Perim diff: ,1.02379, Perim diff Contribution: ,0,Frontier diff: ,0, Frontier diff Contribution ,0,Inverse Area ratio: ,0.351889, Inv Area Ratio Contribution: ,0,Inverse Perim ratio: ,1.05296, Inv Perim Contribution: ,0, Final Score: ,-131.096
Point: ,284,295,Repeat score:,1, Repeat contribution: ,-1,Dist:,27.3, Dist contribution: ,-136.5, New scanned ratio: ,0.00263211, New Scanned Cells Contribution: ,0,Area ratio: ,0.993543, Area ratio Contribution: ,0,Perim diff: ,1.02379, Perim diff Contribution: ,0,Frontier diff: ,0, Frontier diff Contribution ,0,Inverse Area ratio: ,0.351005, Inv Area Ratio Contribution: ,0,Inverse Perim ratio: ,1.05312, Inv Perim Contribution: ,0, Final Score: ,-137.5
Point: ,283,294,Repeat score:,1, Repeat contribution: ,-1,Dist:,26.0192, Dist contribution: ,-130.096, New scanned ratio: ,0.0026773, New Scanned Cells Contribution: ,0,Area ratio: ,0.993566, Area ratio Contribution: ,0,Perim diff: ,1.02429, Perim diff Contribution: ,0,Frontier diff: ,0, Frontier diff Contribution ,0,Inverse Area ratio: ,0.350174, Inv Area Ratio Contribution: ,0,Inverse Perim ratio: ,1.05326, Inv Perim Contribution: ,0, Final Score: ,-131.096
Point: ,278,294,Repeat score:,1, Repeat contribution: ,-1,Dist:,26.6833, Dist contribution: ,-133.417, New scanned ratio: ,0.00272249, New Scanned Cells Contribution: ,0,Area ratio: ,0.993662, Area ratio Contribution: ,0,Perim diff: ,1.02558, Perim diff Contribution: ,0,Frontier diff: ,-1, Frontier diff Contribution ,-0,Inverse Area ratio: ,0.348259, Inv Area Ratio Contribution: ,0,Inverse Perim ratio: ,1.05287, Inv Perim Contribution: ,0, Final Score: ,-134.417
Point: ,277,293,Repeat score:,1, Repeat contribution: ,-1,Dist:,25.6727, Dist contribution: ,-128.364, New scanned ratio: ,0.002666, New Scanned Cells Contribution: ,0,Area ratio: ,0.993667, Area ratio Contribution: ,0,Perim diff: ,1.02628, Perim diff Contribution: ,0,Frontier diff: ,-1, Frontier diff Contribution ,-0,Inverse Area ratio: ,0.349457, Inv Area Ratio Contribution: ,0,Inverse Perim ratio: ,1.05287, Inv Perim Contribution: ,0, Final Score: ,-129.364
Point: ,274,293,Repeat score:,1, Repeat contribution: ,-1,Dist:,26.6475, Dist contribution: ,-133.238, New scanned ratio: ,0.00257563, New Scanned Cells Contribution: ,0,Area ratio: ,0.993745, Area ratio Contribution: ,0,Perim diff: ,1.0256, Perim diff Contribution: ,0,Frontier diff: ,-1, Frontier diff Contribution ,-0,Inverse Area ratio: ,0.371373, Inv Area Ratio Contribution: ,0,Inverse Perim ratio: ,1.05235, Inv Perim Contribution: ,0, Final Score: ,-134.238
Point: ,271,295,Repeat score:,1, Repeat contribution: ,-1,Dist:,30.2372, Dist contribution: ,-151.186, New scanned ratio: ,0.00248526, New Scanned Cells Contribution: ,0,Area ratio: ,0.99384, Area ratio Contribution: ,0,Perim diff: ,1.02491, Perim diff Contribution: ,0,Frontier diff: ,-1, Frontier diff Contribution ,-0,Inverse Area ratio: ,0.3872, Inv Area Ratio Contribution: ,0,Inverse Perim ratio: ,1.05202, Inv Perim Contribution: ,0, Final Score: ,-152.186
Point: ,266,295,Repeat score:,1, Repeat contribution: ,-1,Dist:,32.7, Dist contribution: ,-163.5, New scanned ratio: ,0.00237229, New Scanned Cells Contribution: ,0,Area ratio: ,0.993951, Area ratio Contribution: ,0,Perim diff: ,1.0247, Perim diff Contribution: ,0,Frontier diff: ,-1, Frontier diff Contribution ,-0,Inverse Area ratio: ,0.388481, Inv Area Ratio Contribution: ,0,Inverse Perim ratio: ,1.05172, Inv Perim Contribution: ,0, Final Score: ,-164.5
Point: ,265,296,Repeat score:,1, Repeat contribution: ,-1,Dist:,34.336, Dist contribution: ,-171.68, New scanned ratio: ,0.0023497, New Scanned Cells Contribution: ,0,Area ratio: ,0.993968, Area ratio Contribution: ,0,Perim diff: ,1.02474, Perim diff Contribution: ,0,Frontier diff: ,-1, Frontier diff Contribution ,-0,Inverse Area ratio: ,0.388382, Inv Area Ratio Contribution: ,0,Inverse Perim ratio: ,1.05153, Inv Perim Contribution: ,0, Final Score: ,-172.68
Point: ,264,295,Repeat score:,1, Repeat contribution: ,-1,Dist:,33.8421, Dist contribution: ,-169.211, New scanned ratio: ,0.00232711, New Scanned Cells Contribution: ,0,Area ratio: ,0.993973, Area ratio Contribution: ,0,Perim diff: ,1.02416, Perim diff Contribution: ,0,Frontier diff: ,-1, Frontier diff Contribution ,-0,Inverse Area ratio: ,0.38934, Inv Area Ratio Contribution: ,0,Inverse Perim ratio: ,1.05038, Inv Perim Contribution: ,0, Final Score: ,-170.211
Point: ,259,295,Repeat score:,1, Repeat contribution: ,-1,Dist:,37.0174, Dist contribution: ,-185.087, New scanned ratio: ,0.00222544, New Scanned Cells Contribution: ,0,Area ratio: ,0.994034, Area ratio Contribution: ,0,Perim diff: ,1.02685, Perim diff Contribution: ,0,Frontier diff: ,-1, Frontier diff Contribution ,-0,Inverse Area ratio: ,0.389424, Inv Area Ratio Contribution: ,0,Inverse Perim ratio: ,1.05336, Inv Perim Contribution: ,0, Final Score: ,-186.087
Point: ,258,294,Repeat score:,1, Repeat contribution: ,-1,Dist:,36.7696, Dist contribution: ,-183.848, New scanned ratio: ,0.00220284, New Scanned Cells Contribution: ,0,Area ratio: ,0.994028, Area ratio Contribution: ,0,Perim diff: ,1.02623, Perim diff Contribution: ,0,Frontier diff: ,-1, Frontier diff Contribution ,-0,Inverse Area ratio: ,0.390057, Inv Area Ratio Contribution: ,0,Inverse Perim ratio: ,1.05187, Inv Perim Contribution: ,0, Final Score: ,-184.848
Point: ,255,294,Repeat score:,1, Repeat contribution: ,-1,Dist:,38.9487, Dist contribution: ,-194.743, New scanned ratio: ,0.00213506, New Scanned Cells Contribution: ,0,Area ratio: ,0.994011, Area ratio Contribution: ,0,Perim diff: ,1.02768, Perim diff Contribution: ,0,Frontier diff: ,-1, Frontier diff Contribution ,-0,Inverse Area ratio: ,0.408226, Inv Area Ratio Contribution: ,0,Inverse Perim ratio: ,1.05397, Inv Perim Contribution: ,0, Final Score: ,-195.743
Point: ,252,296,Repeat score:,1, Repeat contribution: ,-1,Dist:,42.9181, Dist contribution: ,-214.59, New scanned ratio: ,0.00204469, New Scanned Cells Contribution: ,0,Area ratio: ,0.993983, Area ratio Contribution: ,0,Perim diff: ,1.02593, Perim diff Contribution: ,0,Frontier diff: ,-1, Frontier diff Contribution ,-0,Inverse Area ratio: ,0.411777, Inv Area Ratio Contribution: ,0,Inverse Perim ratio: ,1.05322, Inv Perim Contribution: ,0, Final Score: ,-215.59
Point: ,299,299,Repeat score:,1, Repeat contribution: ,-1,Dist:,35.7946, Dist contribution: ,-178.973, New scanned ratio: ,0.0016606, New Scanned Cells Contribution: ,0,Area ratio: ,0.992792, Area ratio Contribution: ,0,Perim diff: ,1.0277, Perim diff Contribution: ,0,Frontier diff: ,0, Frontier diff Contribution ,0,Inverse Area ratio: ,0.337204, Inv Area Ratio Contribution: ,0,Inverse Perim ratio: ,1.05301, Inv Perim Contribution: ,0, Final Score: ,-79.9728
Point: ,299,252,Repeat score:,1, Repeat contribution: ,-1,Dist:,32.2949, Dist contribution: ,-161.474, New scanned ratio: ,0, New Scanned Cells Contribution: ,0,Area ratio: ,0.995337, Area ratio Contribution: ,0,Perim diff: ,1.02289, Perim diff Contribution: ,0,Frontier diff: ,0, Frontier diff Contribution ,0,Inverse Area ratio: ,0.28552, Inv Area Ratio Contribution: ,0,Inverse Perim ratio: ,1.05442, Inv Perim Contribution: ,0, Final Score: ,-62.4745
Point: ,262,299,Repeat score:,1, Repeat contribution: ,-1,Dist:,39.246, Dist contribution: ,-196.23, New scanned ratio: ,0.00229322, New Scanned Cells Contribution: ,0,Area ratio: ,0.993928, Area ratio Contribution: ,0,Perim diff: ,1.02765, Perim diff Contribution: ,0,Frontier diff: ,-1, Frontier diff Contribution ,-0,Inverse Area ratio: ,0.388484, Inv Area Ratio Contribution: ,0,Inverse Perim ratio: ,1.05186, Inv Perim Contribution: ,0, Final Score: ,-97.2301
Point: ,262,252,Repeat score:,1, Repeat contribution: ,-1,Dist:,36.0827, Dist contribution: ,-180.413, New scanned ratio: ,0, New Scanned Cells Contribution: ,0,Area ratio: ,0.995337, Area ratio Contribution: ,0,Perim diff: ,1.02289, Perim diff Contribution: ,0,Frontier diff: ,0, Frontier diff Contribution ,0,Inverse Area ratio: ,0.28552, Inv Area Ratio Contribution: ,0,Inverse Perim ratio: ,1.05442, Inv Perim Contribution: ,0, Final Score: ,-81.4134
Point: ,280,276,Repeat score:,1, Repeat contribution: ,-1,Dist:,4.77074, Dist contribution: ,-23.8537, New scanned ratio: ,0.000384085, New Scanned Cells Contribution: ,0,Area ratio: ,0.995069, Area ratio Contribution: ,0,Perim diff: ,1.02243, Perim diff Contribution: ,0,Frontier diff: ,0, Frontier diff Contribution ,0,Inverse Area ratio: ,0.276849, Inv Area Ratio Contribution: ,0,Inverse Perim ratio: ,1.05421, Inv Perim Contribution: ,0, Final Score: ,75.1463
BEST Point:,280,276, Score: ,75.1463
COUNT COMMAND: 1
Signal name: ,AZPKCG, Signal value: ,16.8468
Total frontiers: ,100, Prioritised frontiers: ,22
At: ,280,276,
Point: ,299,288,Repeat score:,1, Repeat contribution: ,-1,Dist:,24.5837, Dist contribution: ,-122.919, New scanned ratio: ,0.00138895, New Scanned Cells Contribution: ,0,Area ratio: ,0.992995, Area ratio Contribution: ,0,Perim diff: ,1.02317, Perim diff Contribution: ,0,Frontier diff: ,0, Frontier diff Contribution ,0,Inverse Area ratio: ,0.363831, Inv Area Ratio Contribution: ,0,Inverse Perim ratio: ,1.05212, Inv Perim Contribution: ,0, Final Score: ,-123.919
Point: ,296,291,Repeat score:,1, Repeat contribution: ,-1,Dist:,25.224, Dist contribution: ,-126.12, New scanned ratio: ,0.00158092, New Scanned Cells Contribution: ,0,Area ratio: ,0.993114, Area ratio Contribution: ,0,Perim diff: ,1.0237, Perim diff Contribution: ,0,Frontier diff: ,0, Frontier diff Contribution ,0,Inverse Area ratio: ,0.360947, Inv Area Ratio Contribution: ,0,Inverse Perim ratio: ,1.05282, Inv Perim Contribution: ,0, Final Score: ,-127.12
Point: ,286,296,Repeat score:,1, Repeat contribution: ,-1,Dist:,26.6833, Dist contribution: ,-133.417, New scanned ratio: ,0.00214554, New Scanned Cells Contribution: ,0,Area ratio: ,0.993492, Area ratio Contribution: ,0,Perim diff: ,1.0233, Perim diff Contribution: ,0,Frontier diff: ,0, Frontier diff Contribution ,0,Inverse Area ratio: ,0.352095, Inv Area Ratio Contribution: ,0,Inverse Perim ratio: ,1.05575, Inv Perim Contribution: ,0, Final Score: ,-134.417
Point: ,281,296,Repeat score:,1, Repeat contribution: ,-1,Dist:,26.0192, Dist contribution: ,-130.096, New scanned ratio: ,0.00241655, New Scanned Cells Contribution: ,0,Area ratio: ,0.993656, Area ratio Contribution: ,0,Perim diff: ,1.02469, Perim diff Contribution: ,0,Frontier diff: ,0, Frontier diff Contribution ,0,Inverse Area ratio: ,0.348026, Inv Area Ratio Contribution: ,0,Inverse Perim ratio: ,1.05506, Inv Perim Contribution: ,0, Final Score: ,-131.096
Point: ,280,297,Repeat score:,1, Repeat contribution: ,-1,Dist:,27.3, Dist contribution: ,-136.5, New scanned ratio: ,0.00243913, New Scanned Cells Contribution: ,0,Area ratio: ,0.993673, Area ratio Contribution: ,0,Perim diff: ,1.0252, Perim diff Contribution: ,0,Frontier diff: ,-1, Frontier diff Contribution ,-0,Inverse Area ratio: ,0.346946, Inv Area Ratio Contribution: ,0,Inverse Perim ratio: ,1.05373, Inv Perim Contribution: ,0, Final Score: ,-137.5
Point: ,279,296,Repeat score:,1, Repeat contribution: ,-1,Dist:,26.0192, Dist contribution: ,-130.096, New scanned ratio: ,0.00239397, New Scanned Cells Contribution: ,0,Area ratio: ,0.993623, Area ratio Contribution: ,0,Perim diff: ,1.02662, Perim diff Contribution: ,0,Frontier diff: ,-2, Frontier diff Contribution ,-0,Inverse Area ratio: ,0.346154, Inv Area Ratio Contribution: ,0,Inverse Perim ratio: ,1.05374, Inv Perim Contribution: ,0, Final Score: ,-131.096
Point: ,274,296,Repeat score:,1, Repeat contribution: ,-1,Dist:,26.6833, Dist contribution: ,-133.417, New scanned ratio: ,0.002202, New Scanned Cells Contribution: ,0,Area ratio: ,0.993756, Area ratio Contribution: ,0,Perim diff: ,1.0263, Perim diff Contribution: ,0,Frontier diff: ,-1, Frontier diff Contribution ,-0,Inverse Area ratio: ,0.370986, Inv Area Ratio Contribution: ,0,Inverse Perim ratio: ,1.05383, Inv Perim Contribution: ,0, Final Score: ,-134.417
Point: ,273,295,Repeat score:,1, Repeat contribution: ,-1,Dist:,25.6727, Dist contribution: ,-128.364, New scanned ratio: ,0.00216812, New Scanned Cells Contribution: ,0,Area ratio: ,0.993789, Area ratio Contribution: ,0,Perim diff: ,1.02493, Perim diff Contribution: ,0,Frontier diff: ,-1, Frontier diff Contribution ,-0,Inverse Area ratio: ,0.38588, Inv Area Ratio Contribution: ,0,Inverse Perim ratio: ,1.05228, Inv Perim Contribution: ,0, Final Score: ,-129.364
Point: ,266,295,Repeat score:,1, Repeat contribution: ,-1,Dist:,28.3917, Dist contribution: ,-141.959, New scanned ratio: ,0.00202132, New Scanned Cells Contribution: ,0,Area ratio: ,0.993979, Area ratio Contribution: ,0,Perim diff: ,1.02277, Perim diff Contribution: ,0,Frontier diff: ,-1, Frontier diff Contribution ,-0,Inverse Area ratio: ,0.389908, Inv Area Ratio Contribution: ,0,Inverse Perim ratio: ,1.04954, Inv Perim Contribution: ,0, Final Score: ,-142.959
Point: ,265,296,Repeat score:,1, Repeat contribution: ,-1,Dist:,30.0167, Dist contribution: ,-150.083, New scanned ratio: ,0.00203261, New Scanned Cells Contribution: ,0,Area ratio: ,0.99403, Area ratio Contribution: ,0,Perim diff: ,1.02246, Perim diff Contribution: ,0,Frontier diff: ,-1, Frontier diff Contribution ,-0,Inverse Area ratio: ,0.389864, Inv Area Ratio Contribution: ,0,Inverse Perim ratio: ,1.04956, Inv Perim Contribution: ,0, Final Score: ,-151.083
Point: ,264,295,Repeat score:,1, Repeat contribution: ,-1,Dist:,29.4294, Dist contribution: ,-147.147, New scanned ratio: ,0.00201003, New Scanned Cells Contribution: ,0,Area ratio: ,0.994058, Area ratio Contribution: ,0,Perim diff: ,1.02355, Perim diff Contribution: ,0,Frontier diff: ,-1, Frontier diff Contribution ,-0,Inverse Area ratio: ,0.388259, Inv Area Ratio Contribution: ,0,Inverse Perim ratio: ,1.04988, Inv Perim Contribution: ,0, Final Score: ,-148.147
Point: ,259,295,Repeat score:,1, Repeat contribution: ,-1,Dist:,32.4205, Dist contribution: ,-162.103, New scanned ratio: ,0.00203261, New Scanned Cells Contribution: ,0,Area ratio: ,0.994248, Area ratio Contribution: ,0,Perim diff: ,1.02485, Perim diff Contribution: ,0,Frontier diff: ,-1, Frontier diff Contribution ,-0,Inverse Area ratio: ,0.385774, Inv Area Ratio Contribution: ,0,Inverse Perim ratio: ,1.05165, Inv Perim Contribution: ,0, Final Score: ,-163.103
Point: ,258,294,Repeat score:,1, Repeat contribution: ,-1,Dist:,32.1179, Dist contribution: ,-160.59, New scanned ratio: ,0.00203261, New Scanned Cells Contribution: ,0,Area ratio: ,0.994254, Area ratio Contribution: ,0,Perim diff: ,1.02528, Perim diff Contribution: ,0,Frontier diff: ,-1, Frontier diff Contribution ,-0,Inverse Area ratio: ,0.384844, Inv Area Ratio Contribution: ,0,Inverse Perim ratio: ,1.05141, Inv Perim Contribution: ,0, Final Score: ,-161.59
Point: ,255,294,Repeat score:,1, Repeat contribution: ,-1,Dist:,34.2427, Dist contribution: ,-171.213, New scanned ratio: ,0.00206649, New Scanned Cells Contribution: ,0,Area ratio: ,0.99431, Area ratio Contribution: ,0,Perim diff: ,1.02444, Perim diff Contribution: ,0,Frontier diff: ,-1, Frontier diff Contribution ,-0,Inverse Area ratio: ,0.402908, Inv Area Ratio Contribution: ,0,Inverse Perim ratio: ,1.05138, Inv Perim Contribution: ,0, Final Score: ,-172.213
Point: ,252,296,Repeat score:,1, Repeat contribution: ,-1,Dist:,38.2099, Dist contribution: ,-191.05, New scanned ratio: ,0.0020439, New Scanned Cells Contribution: ,0,Area ratio: ,0.994305, Area ratio Contribution: ,0,Perim diff: ,1.02525, Perim diff Contribution: ,0,Frontier diff: ,-1, Frontier diff Contribution ,-0,Inverse Area ratio: ,0.400907, Inv Area Ratio Contribution: ,0,Inverse Perim ratio: ,1.05343, Inv Perim Contribution: ,0, Final Score: ,-192.05
Point: ,247,296,Repeat score:,1, Repeat contribution: ,-1,Dist:,42.0119, Dist contribution: ,-210.06, New scanned ratio: ,0.00193098, New Scanned Cells Contribution: ,0,Area ratio: ,0.99422, Area ratio Contribution: ,0,Perim diff: ,1.02431, Perim diff Contribution: ,0,Frontier diff: ,-1, Frontier diff Contribution ,-0,Inverse Area ratio: ,0.40184, Inv Area Ratio Contribution: ,0,Inverse Perim ratio: ,1.05239, Inv Perim Contribution: ,0, Final Score: ,-211.06
Point: ,246,297,Repeat score:,1, Repeat contribution: ,-1,Dist:,43.6038, Dist contribution: ,-218.019, New scanned ratio: ,0.0019084, New Scanned Cells Contribution: ,0,Area ratio: ,0.994214, Area ratio Contribution: ,0,Perim diff: ,1.02402, Perim diff Contribution: ,0,Frontier diff: ,-1, Frontier diff Contribution ,-0,Inverse Area ratio: ,0.401511, Inv Area Ratio Contribution: ,0,Inverse Perim ratio: ,1.05172, Inv Perim Contribution: ,0, Final Score: ,-219.019
Point: ,299,298,Repeat score:,1, Repeat contribution: ,-1,Dist:,34.336, Dist contribution: ,-171.68, New scanned ratio: ,0.00147929, New Scanned Cells Contribution: ,0,Area ratio: ,0.993035, Area ratio Contribution: ,0,Perim diff: ,1.02505, Perim diff Contribution: ,0,Frontier diff: ,0, Frontier diff Contribution ,0,Inverse Area ratio: ,0.36193, Inv Area Ratio Contribution: ,0,Inverse Perim ratio: ,1.05365, Inv Perim Contribution: ,0, Final Score: ,-72.6799
Point: ,299,257,Repeat score:,1, Repeat contribution: ,-1,Dist:,31.1623, Dist contribution: ,-155.812, New scanned ratio: ,0, New Scanned Cells Contribution: ,0,Area ratio: ,0.995069, Area ratio Contribution: ,0,Perim diff: ,1.02243, Perim diff Contribution: ,0,Frontier diff: ,0, Frontier diff Contribution ,0,Inverse Area ratio: ,0.276849, Inv Area Ratio Contribution: ,0,Inverse Perim ratio: ,1.05421, Inv Perim Contribution: ,0, Final Score: ,-56.8116
Point: ,265,298,Repeat score:,1, Repeat contribution: ,-1,Dist:,32.2949, Dist contribution: ,-161.474, New scanned ratio: ,0.00203261, New Scanned Cells Contribution: ,0,Area ratio: ,0.99403, Area ratio Contribution: ,0,Perim diff: ,1.0244, Perim diff Contribution: ,0,Frontier diff: ,-1, Frontier diff Contribution ,-0,Inverse Area ratio: ,0.388601, Inv Area Ratio Contribution: ,0,Inverse Perim ratio: ,1.05185, Inv Perim Contribution: ,0, Final Score: ,-62.4745
Point: ,265,257,Repeat score:,1, Repeat contribution: ,-1,Dist:,28.8979, Dist contribution: ,-144.49, New scanned ratio: ,0, New Scanned Cells Contribution: ,0,Area ratio: ,0.995069, Area ratio Contribution: ,0,Perim diff: ,1.02243, Perim diff Contribution: ,0,Frontier diff: ,0, Frontier diff Contribution ,0,Inverse Area ratio: ,0.276849, Inv Area Ratio Contribution: ,0,Inverse Perim ratio: ,1.05421, Inv Perim Contribution: ,0, Final Score: ,-45.4896
Point: ,282,278,Repeat score:,1, Repeat contribution: ,-1,Dist:,3.28024, Dist contribution: ,-16.4012, New scanned ratio: ,0.000677537, New Scanned Cells Contribution: ,0,Area ratio: ,0.99428, Area ratio Contribution: ,0,Perim diff: ,1.02275, Perim diff Contribution: ,0,Frontier diff: ,0, Frontier diff Contribution ,0,Inverse Area ratio: ,0.272318, Inv Area Ratio Contribution: ,0,Inverse Perim ratio: ,1.05711, Inv Perim Contribution: ,0, Final Score: ,82.5988
BEST Point:,282,278, Score: ,82.5988
COUNT COMMAND: 1
Signal name: ,AZPKCG, Signal value: ,14.7712
Total frontiers: ,101, Prioritised frontiers: ,22
At: ,282,278,
Point: ,299,289,Repeat score:,1, Repeat contribution: ,-1,Dist:,22.2146, Dist contribution: ,-111.073, New scanned ratio: ,0.000880202, New Scanned Cells Contribution: ,0,Area ratio: ,0.993158, Area ratio Contribution: ,0,Perim diff: ,1.02301, Perim diff Contribution: ,0,Frontier diff: ,0, Frontier diff Contribution ,0,Inverse Area ratio: ,0.359893, Inv Area Ratio Contribution: ,0,Inverse Perim ratio: ,1.0524, Inv Perim Contribution: ,0, Final Score: ,-112.073
Point: ,299,290,Repeat score:,1, Repeat contribution: ,-1,Dist:,23.0729, Dist contribution: ,-115.365, New scanned ratio: ,0.000891487, New Scanned Cells Contribution: ,0,Area ratio: ,0.99317, Area ratio Contribution: ,0,Perim diff: ,1.02266, Perim diff Contribution: ,0,Frontier diff: ,0, Frontier diff Contribution ,0,Inverse Area ratio: ,0.359971, Inv Area Ratio Contribution: ,0,Inverse Perim ratio: ,1.05237, Inv Perim Contribution: ,0, Final Score: ,-116.365
Point: ,294,295,Repeat score:,1, Repeat contribution: ,-1,Dist:,25.1478, Dist contribution: ,-125.739, New scanned ratio: ,0.00104947, New Scanned Cells Contribution: ,0,Area ratio: ,0.993204, Area ratio Contribution: ,0,Perim diff: ,1.0238, Perim diff Contribution: ,0,Frontier diff: ,0, Frontier diff Contribution ,0,Inverse Area ratio: ,0.358905, Inv Area Ratio Contribution: ,0,Inverse Perim ratio: ,1.0529, Inv Perim Contribution: ,0, Final Score: ,-126.739
Point: ,288,298,Repeat score:,1, Repeat contribution: ,-1,Dist:,26.6833, Dist contribution: ,-133.417, New scanned ratio: ,0.00135416, New Scanned Cells Contribution: ,0,Area ratio: ,0.993391, Area ratio Contribution: ,0,Perim diff: ,1.02569, Perim diff Contribution: ,0,Frontier diff: ,0, Frontier diff Contribution ,0,Inverse Area ratio: ,0.353849, Inv Area Ratio Contribution: ,0,Inverse Perim ratio: ,1.05537, Inv Perim Contribution: ,0, Final Score: ,-134.417
Point: ,283,298,Repeat score:,1, Repeat contribution: ,-1,Dist:,26.0192, Dist contribution: ,-130.096, New scanned ratio: ,0.00162499, New Scanned Cells Contribution: ,0,Area ratio: ,0.993577, Area ratio Contribution: ,0,Perim diff: ,1.02499, Perim diff Contribution: ,0,Frontier diff: ,0, Frontier diff Contribution ,0,Inverse Area ratio: ,0.349808, Inv Area Ratio Contribution: ,0,Inverse Perim ratio: ,1.05478, Inv Perim Contribution: ,0, Final Score: ,-131.096
Point: ,282,299,Repeat score:,1, Repeat contribution: ,-1,Dist:,27.3, Dist contribution: ,-136.5, New scanned ratio: ,0.00168141, New Scanned Cells Contribution: ,0,Area ratio: ,0.993594, Area ratio Contribution: ,0,Perim diff: ,1.02548, Perim diff Contribution: ,0,Frontier diff: ,0, Frontier diff Contribution ,0,Inverse Area ratio: ,0.349166, Inv Area Ratio Contribution: ,0,Inverse Perim ratio: ,1.05347, Inv Perim Contribution: ,0, Final Score: ,-137.5
Point: ,281,298,Repeat score:,1, Repeat contribution: ,-1,Dist:,26.0192, Dist contribution: ,-130.096, New scanned ratio: ,0.00172655, New Scanned Cells Contribution: ,0,Area ratio: ,0.993645, Area ratio Contribution: ,0,Perim diff: ,1.02539, Perim diff Contribution: ,0,Frontier diff: ,-1, Frontier diff Contribution ,-0,Inverse Area ratio: ,0.348026, Inv Area Ratio Contribution: ,0,Inverse Perim ratio: ,1.05506, Inv Perim Contribution: ,0, Final Score: ,-131.096
Point: ,276,298,Repeat score:,1, Repeat contribution: ,-1,Dist:,26.6833, Dist contribution: ,-133.417, New scanned ratio: ,0.00165884, New Scanned Cells Contribution: ,0,Area ratio: ,0.993718, Area ratio Contribution: ,0,Perim diff: ,1.0266, Perim diff Contribution: ,0,Frontier diff: ,-1, Frontier diff Contribution ,-0,Inverse Area ratio: ,0.348636, Inv Area Ratio Contribution: ,0,Inverse Perim ratio: ,1.05482, Inv Perim Contribution: ,0, Final Score: ,-134.417
Point: ,271,295,Repeat score:,1, Repeat contribution: ,-1,Dist:,24.6862, Dist contribution: ,-123.431, New scanned ratio: ,0.00165884, New Scanned Cells Contribution: ,0,Area ratio: ,0.993987, Area ratio Contribution: ,0,Perim diff: ,1.02361, Perim diff Contribution: ,0,Frontier diff: ,-1, Frontier diff Contribution ,-0,Inverse Area ratio: ,0.382045, Inv Area Ratio Contribution: ,0,Inverse Perim ratio: ,1.05185, Inv Perim Contribution: ,0, Final Score: ,-124.431
Point: ,266,295,Repeat score:,1, Repeat contribution: ,-1,Dist:,27.2839, Dist contribution: ,-136.419, New scanned ratio: ,0.00174912, New Scanned Cells Contribution: ,0,Area ratio: ,0.994183, Area ratio Contribution: ,0,Perim diff: ,1.02206, Perim diff Contribution: ,0,Frontier diff: ,-1, Frontier diff Contribution ,-0,Inverse Area ratio: ,0.378672, Inv Area Ratio Contribution: ,0,Inverse Perim ratio: ,1.05116, Inv Perim Contribution: ,0, Final Score: ,-137.419
Point: ,265,296,Repeat score:,1, Repeat contribution: ,-1,Dist:,28.9233, Dist contribution: ,-144.617, New scanned ratio: ,0.00177169, New Scanned Cells Contribution: ,0,Area ratio: ,0.994217, Area ratio Contribution: ,0,Perim diff: ,1.02216, Perim diff Contribution: ,0,Frontier diff: ,-1, Frontier diff Contribution ,-0,Inverse Area ratio: ,0.377563, Inv Area Ratio Contribution: ,0,Inverse Perim ratio: ,1.05145, Inv Perim Contribution: ,0, Final Score: ,-45.6167
Point: ,264,295,Repeat score:,1, Repeat contribution: ,-1,Dist:,28.5028, Dist contribution: ,-142.514, New scanned ratio: ,0.00178297, New Scanned Cells Contribution: ,0,Area ratio: ,0.994217, Area ratio Contribution: ,0,Perim diff: ,1.02273, Perim diff Contribution: ,0,Frontier diff: ,-1, Frontier diff Contribution ,-0,Inverse Area ratio: ,0.376506, Inv Area Ratio Contribution: ,0,Inverse Perim ratio: ,1.05168, Inv Perim Contribution: ,0, Final Score: ,-143.514
Point: ,259,295,Repeat score:,1, Repeat contribution: ,-1,Dist:,31.8969, Dist contribution: ,-159.484, New scanned ratio: ,0.00191839, New Scanned Cells Contribution: ,0,Area ratio: ,0.994324, Area ratio Contribution: ,0,Perim diff: ,1.0236, Perim diff Contribution: ,0,Frontier diff: ,-1, Frontier diff Contribution ,-0,Inverse Area ratio: ,0.371165, Inv Area Ratio Contribution: ,0,Inverse Perim ratio: ,1.05365, Inv Perim Contribution: ,0, Final Score: ,-160.484
Point: ,258,294,Repeat score:,1, Repeat contribution: ,-1,Dist:,31.7591, Dist contribution: ,-158.795, New scanned ratio: ,0.00194096, New Scanned Cells Contribution: ,0,Area ratio: ,0.994336, Area ratio Contribution: ,0,Perim diff: ,1.02411, Perim diff Contribution: ,0,Frontier diff: ,-1, Frontier diff Contribution ,-0,Inverse Area ratio: ,0.369866, Inv Area Ratio Contribution: ,0,Inverse Perim ratio: ,1.05376, Inv Perim Contribution: ,0, Final Score: ,-159.795
Point: ,255,294,Repeat score:,1, Repeat contribution: ,-1,Dist:,34.0828, Dist contribution: ,-170.414, New scanned ratio: ,0.00203124, New Scanned Cells Contribution: ,0,Area ratio: ,0.994398, Area ratio Contribution: ,0,Perim diff: ,1.02433, Perim diff Contribution: ,0,Frontier diff: ,-1, Frontier diff Contribution ,-0,Inverse Area ratio: ,0.383679, Inv Area Ratio Contribution: ,0,Inverse Perim ratio: ,1.05478, Inv Perim Contribution: ,0, Final Score: ,-171.414
Point: ,252,296,Repeat score:,1, Repeat contribution: ,-1,Dist:,38.0468, Dist contribution: ,-190.234, New scanned ratio: ,0.00204252, New Scanned Cells Contribution: ,0,Area ratio: ,0.994376, Area ratio Contribution: ,0,Perim diff: ,1.02381, Perim diff Contribution: ,0,Frontier diff: ,-1, Frontier diff Contribution ,-0,Inverse Area ratio: ,0.382076, Inv Area Ratio Contribution: ,0,Inverse Perim ratio: ,1.05525, Inv Perim Contribution: ,0, Final Score: ,-191.234
Point: ,247,296,Repeat score:,1, Repeat contribution: ,-1,Dist:,42.1018, Dist contribution: ,-210.509, New scanned ratio: ,0.00192967, New Scanned Cells Contribution: ,0,Area ratio: ,0.994201, Area ratio Contribution: ,0,Perim diff: ,1.02486, Perim diff Contribution: ,0,Frontier diff: ,-1, Frontier diff Contribution ,-0,Inverse Area ratio: ,0.380198, Inv Area Ratio Contribution: ,0,Inverse Perim ratio: ,1.05609, Inv Perim Contribution: ,0, Final Score: ,-211.509
Point: ,299,296,Repeat score:,1, Repeat contribution: ,-1,Dist:,28.9233, Dist contribution: ,-144.617, New scanned ratio: ,0.000925341, New Scanned Cells Contribution: ,0,Area ratio: ,0.99317, Area ratio Contribution: ,0,Perim diff: ,1.02301, Perim diff Contribution: ,0,Frontier diff: ,0, Frontier diff Contribution ,0,Inverse Area ratio: ,0.359821, Inv Area Ratio Contribution: ,0,Inverse Perim ratio: ,1.05258, Inv Perim Contribution: ,0, Final Score: ,-45.6167
Point: ,299,261,Repeat score:,1, Repeat contribution: ,-1,Dist:,27.8821, Dist contribution: ,-139.41, New scanned ratio: ,0, New Scanned Cells Contribution: ,0,Area ratio: ,0.99428, Area ratio Contribution: ,0,Perim diff: ,1.02275, Perim diff Contribution: ,0,Frontier diff: ,0, Frontier diff Contribution ,0,Inverse Area ratio: ,0.272318, Inv Area Ratio Contribution: ,0,Inverse Perim ratio: ,1.05711, Inv Perim Contribution: ,0, Final Score: ,-40.4104
Point: ,265,296,Repeat score:,1, Repeat contribution: ,-1,Dist:,28.9233, Dist contribution: ,-144.617, New scanned ratio: ,0.00177169, New Scanned Cells Contribution: ,0,Area ratio: ,0.994217, Area ratio Contribution: ,0,Perim diff: ,1.02216, Perim diff Contribution: ,0,Frontier diff: ,-1, Frontier diff Contribution ,-0,Inverse Area ratio: ,0.377563, Inv Area Ratio Contribution: ,0,Inverse Perim ratio: ,1.05145, Inv Perim Contribution: ,0, Final Score: ,-45.6167
Point: ,265,261,Repeat score:,1, Repeat contribution: ,-1,Dist:,27.8821, Dist contribution: ,-139.41, New scanned ratio: ,0, New Scanned Cells Contribution: ,0,Area ratio: ,0.99428, Area ratio Contribution: ,0,Perim diff: ,1.02275, Perim diff Contribution: ,0,Frontier diff: ,0, Frontier diff Contribution ,0,Inverse Area ratio: ,0.272318, Inv Area Ratio Contribution: ,0,Inverse Perim ratio: ,1.05711, Inv Perim Contribution: ,0, Final Score: ,-40.4104
Point: ,282,278,Repeat score:,100, Repeat contribution: ,-100,Dist:,0, Dist contribution: ,-0, New scanned ratio: ,0, New Scanned Cells Contribution: ,0,Area ratio: ,0.99428, Area ratio Contribution: ,0,Perim diff: ,1.02275, Perim diff Contribution: ,0,Frontier diff: ,0, Frontier diff Contribution ,0,Inverse Area ratio: ,0.272318, Inv Area Ratio Contribution: ,0,Inverse Perim ratio: ,1.05711, Inv Perim Contribution: ,0, Final Score: ,0
BEST Point:,282,278, Score: ,0
COUNT COMMAND: 2
Signal name: ,AZPKCG, Signal value: ,15.8239
Total frontiers: ,101, Prioritised frontiers: ,17
At: ,282,278,
Point: ,299,289,Repeat score:,1, Repeat contribution: ,-1,Dist:,22.2146, Dist contribution: ,-111.073, New scanned ratio: ,0.000880202, New Scanned Cells Contribution: ,0,Area ratio: ,0.993158, Area ratio Contribution: ,0,Perim diff: ,1.02301, Perim diff Contribution: ,0,Frontier diff: ,0, Frontier diff Contribution ,0,Inverse Area ratio: ,0.359893, Inv Area Ratio Contribution: ,0,Inverse Perim ratio: ,1.0524, Inv Perim Contribution: ,0, Final Score: ,-112.073
Point: ,299,290,Repeat score:,1, Repeat contribution: ,-1,Dist:,23.0729, Dist contribution: ,-115.365, New scanned ratio: ,0.000891487, New Scanned Cells Contribution: ,0,Area ratio: ,0.99317, Area ratio Contribution: ,0,Perim diff: ,1.02266, Perim diff Contribution: ,0,Frontier diff: ,0, Frontier diff Contribution ,0,Inverse Area ratio: ,0.359971, Inv Area Ratio Contribution: ,0,Inverse Perim ratio: ,1.05237, Inv Perim Contribution: ,0, Final Score: ,-116.365
Point: ,294,295,Repeat score:,1, Repeat contribution: ,-1,Dist:,25.1478, Dist contribution: ,-125.739, New scanned ratio: ,0.00104947, New Scanned Cells Contribution: ,0,Area ratio: ,0.993204, Area ratio Contribution: ,0,Perim diff: ,1.0238, Perim diff Contribution: ,0,Frontier diff: ,0, Frontier diff Contribution ,0,Inverse Area ratio: ,0.358905, Inv Area Ratio Contribution: ,0,Inverse Perim ratio: ,1.0529, Inv Perim Contribution: ,0, Final Score: ,-126.739
Point: ,288,298,Repeat score:,1, Repeat contribution: ,-1,Dist:,26.6833, Dist contribution: ,-133.417, New scanned ratio: ,0.00135416, New Scanned Cells Contribution: ,0,Area ratio: ,0.993391, Area ratio Contribution: ,0,Perim diff: ,1.02569, Perim diff Contribution: ,0,Frontier diff: ,0, Frontier diff Contribution ,0,Inverse Area ratio: ,0.353849, Inv Area Ratio Contribution: ,0,Inverse Perim ratio: ,1.05537, Inv Perim Contribution: ,0, Final Score: ,-134.417
Point: ,283,298,Repeat score:,1, Repeat contribution: ,-1,Dist:,26.0192, Dist contribution: ,-130.096, New scanned ratio: ,0.00162499, New Scanned Cells Contribution: ,0,Area ratio: ,0.993577, Area ratio Contribution: ,0,Perim diff: ,1.02499, Perim diff Contribution: ,0,Frontier diff: ,0, Frontier diff Contribution ,0,Inverse Area ratio: ,0.349808, Inv Area Ratio Contribution: ,0,Inverse Perim ratio: ,1.05478, Inv Perim Contribution: ,0, Final Score: ,-131.096
Point: ,282,299,Repeat score:,1, Repeat contribution: ,-1,Dist:,27.3, Dist contribution: ,-136.5, New scanned ratio: ,0.00168141, New Scanned Cells Contribution: ,0,Area ratio: ,0.993594, Area ratio Contribution: ,0,Perim diff: ,1.02548, Perim diff Contribution: ,0,Frontier diff: ,0, Frontier diff Contribution ,0,Inverse Area ratio: ,0.349166, Inv Area Ratio Contribution: ,0,Inverse Perim ratio: ,1.05347, Inv Perim Contribution: ,0, Final Score: ,-137.5
Point: ,281,298,Repeat score:,1, Repeat contribution: ,-1,Dist:,26.0192, Dist contribution: ,-130.096, New scanned ratio: ,0.00172655, New Scanned Cells Contribution: ,0,Area ratio: ,0.993645, Area ratio Contribution: ,0,Perim diff: ,1.02539, Perim diff Contribution: ,0,Frontier diff: ,-1, Frontier diff Contribution ,-0,Inverse Area ratio: ,0.348026, Inv Area Ratio Contribution: ,0,Inverse Perim ratio: ,1.05506, Inv Perim Contribution: ,0, Final Score: ,-131.096
Point: ,276,298,Repeat score:,1, Repeat contribution: ,-1,Dist:,26.6833, Dist contribution: ,-133.417, New scanned ratio: ,0.00165884, New Scanned Cells Contribution: ,0,Area ratio: ,0.993718, Area ratio Contribution: ,0,Perim diff: ,1.0266, Perim diff Contribution: ,0,Frontier diff: ,-1, Frontier diff Contribution ,-0,Inverse Area ratio: ,0.348636, Inv Area Ratio Contribution: ,0,Inverse Perim ratio: ,1.05482, Inv Perim Contribution: ,0, Final Score: ,-134.417
Point: ,271,295,Repeat score:,1, Repeat contribution: ,-1,Dist:,24.6862, Dist contribution: ,-123.431, New scanned ratio: ,0.00165884, New Scanned Cells Contribution: ,0,Area ratio: ,0.993987, Area ratio Contribution: ,0,Perim diff: ,1.02361, Perim diff Contribution: ,0,Frontier diff: ,-1, Frontier diff Contribution ,-0,Inverse Area ratio: ,0.382045, Inv Area Ratio Contribution: ,0,Inverse Perim ratio: ,1.05185, Inv Perim Contribution: ,0, Final Score: ,-124.431
Point: ,266,295,Repeat score:,1, Repeat contribution: ,-1,Dist:,27.2839, Dist contribution: ,-136.419, New scanned ratio: ,0.00174912, New Scanned Cells Contribution: ,0,Area ratio: ,0.994183, Area ratio Contribution: ,0,Perim diff: ,1.02206, Perim diff Contribution: ,0,Frontier diff: ,-1, Frontier diff Contribution ,-0,Inverse Area ratio: ,0.378672, Inv Area Ratio Contribution: ,0,Inverse Perim ratio: ,1.05116, Inv Perim Contribution: ,0, Final Score: ,-137.419
Point: ,265,296,Repeat score:,1, Repeat contribution: ,-1,Dist:,28.9233, Dist contribution: ,-144.617, New scanned ratio: ,0.00177169, New Scanned Cells Contribution: ,0,Area ratio: ,0.994217, Area ratio Contribution: ,0,Perim diff: ,1.02216, Perim diff Contribution: ,0,Frontier diff: ,-1, Frontier diff Contribution ,-0,Inverse Area ratio: ,0.377563, Inv Area Ratio Contribution: ,0,Inverse Perim ratio: ,1.05145, Inv Perim Contribution: ,0, Final Score: ,-145.617
Point: ,264,295,Repeat score:,1, Repeat contribution: ,-1,Dist:,28.5028, Dist contribution: ,-142.514, New scanned ratio: ,0.00178297, New Scanned Cells Contribution: ,0,Area ratio: ,0.994217, Area ratio Contribution: ,0,Perim diff: ,1.02273, Perim diff Contribution: ,0,Frontier diff: ,-1, Frontier diff Contribution ,-0,Inverse Area ratio: ,0.376506, Inv Area Ratio Contribution: ,0,Inverse Perim ratio: ,1.05168, Inv Perim Contribution: ,0, Final Score: ,-143.514
Point: ,259,295,Repeat score:,1, Repeat contribution: ,-1,Dist:,31.8969, Dist contribution: ,-159.484, New scanned ratio: ,0.00191839, New Scanned Cells Contribution: ,0,Area ratio: ,0.994324, Area ratio Contribution: ,0,Perim diff: ,1.0236, Perim diff Contribution: ,0,Frontier diff: ,-1, Frontier diff Contribution ,-0,Inverse Area ratio: ,0.371165, Inv Area Ratio Contribution: ,0,Inverse Perim ratio: ,1.05365, Inv Perim Contribution: ,0, Final Score: ,-160.484
Point: ,258,294,Repeat score:,1, Repeat contribution: ,-1,Dist:,31.7591, Dist contribution: ,-158.795, New scanned ratio: ,0.00194096, New Scanned Cells Contribution: ,0,Area ratio: ,0.994336, Area ratio Contribution: ,0,Perim diff: ,1.02411, Perim diff Contribution: ,0,Frontier diff: ,-1, Frontier diff Contribution ,-0,Inverse Area ratio: ,0.369866, Inv Area Ratio Contribution: ,0,Inverse Perim ratio: ,1.05376, Inv Perim Contribution: ,0, Final Score: ,-159.795
Point: ,255,294,Repeat score:,1, Repeat contribution: ,-1,Dist:,34.0828, Dist contribution: ,-170.414, New scanned ratio: ,0.00203124, New Scanned Cells Contribution: ,0,Area ratio: ,0.994398, Area ratio Contribution: ,0,Perim diff: ,1.02433, Perim diff Contribution: ,0,Frontier diff: ,-1, Frontier diff Contribution ,-0,Inverse Area ratio: ,0.383679, Inv Area Ratio Contribution: ,0,Inverse Perim ratio: ,1.05478, Inv Perim Contribution: ,0, Final Score: ,-171.414
Point: ,252,296,Repeat score:,1, Repeat contribution: ,-1,Dist:,38.0468, Dist contribution: ,-190.234, New scanned ratio: ,0.00204252, New Scanned Cells Contribution: ,0,Area ratio: ,0.994376, Area ratio Contribution: ,0,Perim diff: ,1.02381, Perim diff Contribution: ,0,Frontier diff: ,-1, Frontier diff Contribution ,-0,Inverse Area ratio: ,0.382076, Inv Area Ratio Contribution: ,0,Inverse Perim ratio: ,1.05525, Inv Perim Contribution: ,0, Final Score: ,-191.234
Point: ,247,296,Repeat score:,1, Repeat contribution: ,-1,Dist:,42.1018, Dist contribution: ,-210.509, New scanned ratio: ,0.00192967, New Scanned Cells Contribution: ,0,Area ratio: ,0.994201, Area ratio Contribution: ,0,Perim diff: ,1.02486, Perim diff Contribution: ,0,Frontier diff: ,-1, Frontier diff Contribution ,-0,Inverse Area ratio: ,0.380198, Inv Area Ratio Contribution: ,0,Inverse Perim ratio: ,1.05609, Inv Perim Contribution: ,0, Final Score: ,-211.509
BEST Point:,299,289, Score: ,-112.073
COUNT COMMAND: 1
Signal name: ,AZPKCG, Signal value: ,11.9198
Total frontiers: ,95, Prioritised frontiers: ,8
At: ,298,288,
Point: ,281,299,Repeat score:,1, Repeat contribution: ,-1,Dist:,22.2146, Dist contribution: ,-111.073, New scanned ratio: ,0.000845594, New Scanned Cells Contribution: ,0,Area ratio: ,0.993634, Area ratio Contribution: ,0,Perim diff: ,1.02518, Perim diff Contribution: ,0,Frontier diff: ,0, Frontier diff Contribution ,0,Inverse Area ratio: ,0.348273, Inv Area Ratio Contribution: ,0,Inverse Perim ratio: ,1.05359, Inv Perim Contribution: ,0, Final Score: ,-112.073
Point: ,280,298,Repeat score:,1, Repeat contribution: ,-1,Dist:,22.2036, Dist contribution: ,-111.018, New scanned ratio: ,0.000901967, New Scanned Cells Contribution: ,0,Area ratio: ,0.993696, Area ratio Contribution: ,0,Perim diff: ,1.0248, Perim diff Contribution: ,0,Frontier diff: ,0, Frontier diff Contribution ,0,Inverse Area ratio: ,0.347314, Inv Area Ratio Contribution: ,0,Inverse Perim ratio: ,1.05479, Inv Perim Contribution: ,0, Final Score: ,-112.018
Point: ,276,298,Repeat score:,1, Repeat contribution: ,-1,Dist:,25.5539, Dist contribution: ,-127.769, New scanned ratio: ,0.00115001, New Scanned Cells Contribution: ,0,Area ratio: ,0.993882, Area ratio Contribution: ,0,Perim diff: ,1.02537, Perim diff Contribution: ,0,Frontier diff: ,0, Frontier diff Contribution ,0,Inverse Area ratio: ,0.34375, Inv Area Ratio Contribution: ,0,Inverse Perim ratio: ,1.05528, Inv Perim Contribution: ,0, Final Score: ,-128.769
Point: ,271,295,Repeat score:,1, Repeat contribution: ,-1,Dist:,28.4923, Dist contribution: ,-142.461, New scanned ratio: ,0.00143187, New Scanned Cells Contribution: ,0,Area ratio: ,0.99408, Area ratio Contribution: ,0,Perim diff: ,1.02258, Perim diff Contribution: ,0,Frontier diff: ,0, Frontier diff Contribution ,0,Inverse Area ratio: ,0.372533, Inv Area Ratio Contribution: ,0,Inverse Perim ratio: ,1.05384, Inv Perim Contribution: ,0, Final Score: ,-143.461
Point: ,266,295,Repeat score:,1, Repeat contribution: ,-1,Dist:,33.2688, Dist contribution: ,-166.344, New scanned ratio: ,0.00165737, New Scanned Cells Contribution: ,0,Area ratio: ,0.994227, Area ratio Contribution: ,0,Perim diff: ,1.02139, Perim diff Contribution: ,0,Frontier diff: ,0, Frontier diff Contribution ,0,Inverse Area ratio: ,0.369381, Inv Area Ratio Contribution: ,0,Inverse Perim ratio: ,1.05325, Inv Perim Contribution: ,0, Final Score: ,-167.344
Point: ,265,296,Repeat score:,1, Repeat contribution: ,-1,Dist:,34.6, Dist contribution: ,-173, New scanned ratio: ,0.00170246, New Scanned Cells Contribution: ,0,Area ratio: ,0.994255, Area ratio Contribution: ,0,Perim diff: ,1.02139, Perim diff Contribution: ,0,Frontier diff: ,0, Frontier diff Contribution ,0,Inverse Area ratio: ,0.368672, Inv Area Ratio Contribution: ,0,Inverse Perim ratio: ,1.05342, Inv Perim Contribution: ,0, Final Score: ,-174
Point: ,264,295,Repeat score:,1, Repeat contribution: ,-1,Dist:,35.1967, Dist contribution: ,-175.984, New scanned ratio: ,0.00173629, New Scanned Cells Contribution: ,0,Area ratio: ,0.994266, Area ratio Contribution: ,0,Perim diff: ,1.02188, Perim diff Contribution: ,0,Frontier diff: ,0, Frontier diff Contribution ,0,Inverse Area ratio: ,0.368017, Inv Area Ratio Contribution: ,0,Inverse Perim ratio: ,1.05357, Inv Perim Contribution: ,0, Final Score: ,-176.984
Point: ,259,295,Repeat score:,1, Repeat contribution: ,-1,Dist:,40.0476, Dist contribution: ,-200.238, New scanned ratio: ,0.00191668, New Scanned Cells Contribution: ,0,Area ratio: ,0.994363, Area ratio Contribution: ,0,Perim diff: ,1.02362, Perim diff Contribution: ,0,Frontier diff: ,-1, Frontier diff Contribution ,-0,Inverse Area ratio: ,0.365276, Inv Area Ratio Contribution: ,0,Inverse Perim ratio: ,1.05342, Inv Perim Contribution: ,0, Final Score: ,-201.238
BEST Point:,280,298, Score: ,-112.018
COUNT COMMAND: 1
Signal name: ,AZPKCG, Signal value: ,7.60033
Total frontiers: ,90, Prioritised frontiers: ,9
At: ,280,297,
Point: ,260,299,Repeat score:,1, Repeat contribution: ,-1,Dist:,20.1683, Dist contribution: ,-100.841, New scanned ratio: ,0.00102506, New Scanned Cells Contribution: ,0,Area ratio: ,0.994368, Area ratio Contribution: ,0,Perim diff: ,1.02308, Perim diff Contribution: ,0,Frontier diff: ,0, Frontier diff Contribution ,0,Inverse Area ratio: ,0.365023, Inv Area Ratio Contribution: ,0,Inverse Perim ratio: ,1.05383, Inv Perim Contribution: ,0, Final Score: ,-101.841
Point: ,259,297,Repeat score:,1, Repeat contribution: ,-1,Dist:,21, Dist contribution: ,-105, New scanned ratio: ,0.00107012, New Scanned Cells Contribution: ,0,Area ratio: ,0.994425, Area ratio Contribution: ,0,Perim diff: ,1.02277, Perim diff Contribution: ,0,Frontier diff: ,0, Frontier diff Contribution ,0,Inverse Area ratio: ,0.363389, Inv Area Ratio Contribution: ,0,Inverse Perim ratio: ,1.05487, Inv Perim Contribution: ,0, Final Score: ,-106
Point: ,260,295,Repeat score:,1, Repeat contribution: ,-1,Dist:,20.1683, Dist contribution: ,-100.841, New scanned ratio: ,0.0010138, New Scanned Cells Contribution: ,0,Area ratio: ,0.994379, Area ratio Contribution: ,0,Perim diff: ,1.02188, Perim diff Contribution: ,0,Frontier diff: ,0, Frontier diff Contribution ,0,Inverse Area ratio: ,0.365156, Inv Area Ratio Contribution: ,0,Inverse Perim ratio: ,1.05377, Inv Perim Contribution: ,0, Final Score: ,-101.841
Point: ,258,294,Repeat score:,1, Repeat contribution: ,-1,Dist:,22.343, Dist contribution: ,-111.715, New scanned ratio: ,0.00111518, New Scanned Cells Contribution: ,0,Area ratio: ,0.994442, Area ratio Contribution: ,0,Perim diff: ,1.02238, Perim diff Contribution: ,0,Frontier diff: ,0, Frontier diff Contribution ,0,Inverse Area ratio: ,0.364076, Inv Area Ratio Contribution: ,0,Inverse Perim ratio: ,1.05413, Inv Perim Contribution: ,0, Final Score: ,-112.715
Point: ,255,294,Repeat score:,1, Repeat contribution: ,-1,Dist:,25.3024, Dist contribution: ,-126.512, New scanned ratio: ,0.00128415, New Scanned Cells Contribution: ,0,Area ratio: ,0.994571, Area ratio Contribution: ,0,Perim diff: ,1.02122, Perim diff Contribution: ,0,Frontier diff: ,0, Frontier diff Contribution ,0,Inverse Area ratio: ,0.381558, Inv Area Ratio Contribution: ,0,Inverse Perim ratio: ,1.05403, Inv Perim Contribution: ,0, Final Score: ,-127.512
Point: ,252,296,Repeat score:,1, Repeat contribution: ,-1,Dist:,28.0302, Dist contribution: ,-140.151, New scanned ratio: ,0.00140805, New Scanned Cells Contribution: ,0,Area ratio: ,0.994645, Area ratio Contribution: ,0,Perim diff: ,1.02017, Perim diff Contribution: ,0,Frontier diff: ,0, Frontier diff Contribution ,0,Inverse Area ratio: ,0.381413, Inv Area Ratio Contribution: ,0,Inverse Perim ratio: ,1.05408, Inv Perim Contribution: ,0, Final Score: ,-141.151
Point: ,247,296,Repeat score:,1, Repeat contribution: ,-1,Dist:,33.0256, Dist contribution: ,-165.128, New scanned ratio: ,0.00157702, New Scanned Cells Contribution: ,0,Area ratio: ,0.994735, Area ratio Contribution: ,0,Perim diff: ,1.01898, Perim diff Contribution: ,0,Frontier diff: ,0, Frontier diff Contribution ,0,Inverse Area ratio: ,0.379819, Inv Area Ratio Contribution: ,0,Inverse Perim ratio: ,1.05332, Inv Perim Contribution: ,0, Final Score: ,-166.128
Point: ,246,297,Repeat score:,1, Repeat contribution: ,-1,Dist:,34, Dist contribution: ,-170, New scanned ratio: ,0.00161081, New Scanned Cells Contribution: ,0,Area ratio: ,0.994752, Area ratio Contribution: ,0,Perim diff: ,1.01898, Perim diff Contribution: ,0,Frontier diff: ,0, Frontier diff Contribution ,0,Inverse Area ratio: ,0.379428, Inv Area Ratio Contribution: ,0,Inverse Perim ratio: ,1.05347, Inv Perim Contribution: ,0, Final Score: ,-171
Point: ,245,296,Repeat score:,1, Repeat contribution: ,-1,Dist:,35.0241, Dist contribution: ,-175.121, New scanned ratio: ,0.00163334, New Scanned Cells Contribution: ,0,Area ratio: ,0.994752, Area ratio Contribution: ,0,Perim diff: ,1.01947, Perim diff Contribution: ,0,Frontier diff: ,0, Frontier diff Contribution ,0,Inverse Area ratio: ,0.379146, Inv Area Ratio Contribution: ,0,Inverse Perim ratio: ,1.05362, Inv Perim Contribution: ,0, Final Score: ,-176.121
BEST Point:,260,299, Score: ,-101.841
COUNT COMMAND: 1
Total frontiers: ,83, Prioritised frontiers: ,10
At: ,260,298,
Point: ,240,299,Repeat score:,1, Repeat contribution: ,-1,Dist:,20.0422, Dist contribution: ,-100.211, New scanned ratio: ,0.000787703, New Scanned Cells Contribution: ,0,Area ratio: ,0.994821, Area ratio Contribution: ,0,Perim diff: ,1.02116, Perim diff Contribution: ,0,Frontier diff: ,0, Frontier diff Contribution ,0,Inverse Area ratio: ,0.376858, Inv Area Ratio Contribution: ,0,Inverse Perim ratio: ,1.05403, Inv Perim Contribution: ,0, Final Score: ,-101.211
Point: ,239,298,Repeat score:,1, Repeat contribution: ,-1,Dist:,21, Dist contribution: ,-105, New scanned ratio: ,0.000832714, New Scanned Cells Contribution: ,0,Area ratio: ,0.994877, Area ratio Contribution: ,0,Perim diff: ,1.0207, Perim diff Contribution: ,0,Frontier diff: ,0, Frontier diff Contribution ,0,Inverse Area ratio: ,0.375401, Inv Area Ratio Contribution: ,0,Inverse Perim ratio: ,1.05601, Inv Perim Contribution: ,0, Final Score: ,-106
Point: ,240,297,Repeat score:,1, Repeat contribution: ,-1,Dist:,20.0422, Dist contribution: ,-100.211, New scanned ratio: ,0.000787703, New Scanned Cells Contribution: ,0,Area ratio: ,0.994849, Area ratio Contribution: ,0,Perim diff: ,1.02052, Perim diff Contribution: ,0,Frontier diff: ,0, Frontier diff Contribution ,0,Inverse Area ratio: ,0.376315, Inv Area Ratio Contribution: ,0,Inverse Perim ratio: ,1.05538, Inv Perim Contribution: ,0, Final Score: ,-101.211
Point: ,239,295,Repeat score:,1, Repeat contribution: ,-1,Dist:,21.3591, Dist contribution: ,-106.795, New scanned ratio: ,0.000821462, New Scanned Cells Contribution: ,0,Area ratio: ,0.99486, Area ratio Contribution: ,0,Perim diff: ,1.02015, Perim diff Contribution: ,0,Frontier diff: ,0, Frontier diff Contribution ,0,Inverse Area ratio: ,0.376002, Inv Area Ratio Contribution: ,0,Inverse Perim ratio: ,1.05418, Inv Perim Contribution: ,0, Final Score: ,-107.795
Point: ,236,295,Repeat score:,1, Repeat contribution: ,-1,Dist:,24.3148, Dist contribution: ,-121.574, New scanned ratio: ,0.000979002, New Scanned Cells Contribution: ,0,Area ratio: ,0.994962, Area ratio Contribution: ,0,Perim diff: ,1.01961, Perim diff Contribution: ,0,Frontier diff: ,0, Frontier diff Contribution ,0,Inverse Area ratio: ,0.394981, Inv Area Ratio Contribution: ,0,Inverse Perim ratio: ,1.05428, Inv Perim Contribution: ,0, Final Score: ,-122.574
Point: ,233,297,Repeat score:,1, Repeat contribution: ,-1,Dist:,27.0313, Dist contribution: ,-135.156, New scanned ratio: ,0.00111404, New Scanned Cells Contribution: ,0,Area ratio: ,0.995052, Area ratio Contribution: ,0,Perim diff: ,1.01807, Perim diff Contribution: ,0,Frontier diff: ,0, Frontier diff Contribution ,0,Inverse Area ratio: ,0.39532, Inv Area Ratio Contribution: ,0,Inverse Perim ratio: ,1.05441, Inv Perim Contribution: ,0, Final Score: ,-136.156
Point: ,228,297,Repeat score:,1, Repeat contribution: ,-1,Dist:,32.0264, Dist contribution: ,-160.132, New scanned ratio: ,0.00127158, New Scanned Cells Contribution: ,0,Area ratio: ,0.995125, Area ratio Contribution: ,0,Perim diff: ,1.01736, Perim diff Contribution: ,0,Frontier diff: ,0, Frontier diff Contribution ,0,Inverse Area ratio: ,0.393797, Inv Area Ratio Contribution: ,0,Inverse Perim ratio: ,1.05352, Inv Perim Contribution: ,0, Final Score: ,-161.132
Point: ,227,298,Repeat score:,1, Repeat contribution: ,-1,Dist:,33, Dist contribution: ,-165, New scanned ratio: ,0.00130534, New Scanned Cells Contribution: ,0,Area ratio: ,0.995137, Area ratio Contribution: ,0,Perim diff: ,1.01856, Perim diff Contribution: ,0,Frontier diff: ,0, Frontier diff Contribution ,0,Inverse Area ratio: ,0.392999, Inv Area Ratio Contribution: ,0,Inverse Perim ratio: ,1.05559, Inv Perim Contribution: ,0, Final Score: ,-166
Point: ,226,297,Repeat score:,1, Repeat contribution: ,-1,Dist:,34.0248, Dist contribution: ,-170.124, New scanned ratio: ,0.00133909, New Scanned Cells Contribution: ,0,Area ratio: ,0.995159, Area ratio Contribution: ,0,Perim diff: ,1.01736, Perim diff Contribution: ,0,Frontier diff: ,0, Frontier diff Contribution ,0,Inverse Area ratio: ,0.392982, Inv Area Ratio Contribution: ,0,Inverse Perim ratio: ,1.05383, Inv Perim Contribution: ,0, Final Score: ,-171.124
Point: ,221,297,Repeat score:,1, Repeat contribution: ,-1,Dist:,39.0217, Dist contribution: ,-195.108, New scanned ratio: ,0.00150789, New Scanned Cells Contribution: ,0,Area ratio: ,0.995239, Area ratio Contribution: ,0,Perim diff: ,1.0189, Perim diff Contribution: ,0,Frontier diff: ,0, Frontier diff Contribution ,0,Inverse Area ratio: ,0.390085, Inv Area Ratio Contribution: ,0,Inverse Perim ratio: ,1.05577, Inv Perim Contribution: ,0, Final Score: ,-196.108
BEST Point:,240,299, Score: ,-101.211
COUNT COMMAND: 1
Total frontiers: ,76, Prioritised frontiers: ,9
At: ,240,298,
Point: ,220,299,Repeat score:,1, Repeat contribution: ,-1,Dist:,20.0422, Dist contribution: ,-100.211, New scanned ratio: ,0.000764595, New Scanned Cells Contribution: ,0,Area ratio: ,0.995239, Area ratio Contribution: ,0,Perim diff: ,1.01974, Perim diff Contribution: ,0,Frontier diff: ,0, Frontier diff Contribution ,0,Inverse Area ratio: ,0.389614, Inv Area Ratio Contribution: ,0,Inverse Perim ratio: ,1.05454, Inv Perim Contribution: ,0, Final Score: ,-101.211
Point: ,219,298,Repeat score:,1, Repeat contribution: ,-1,Dist:,21, Dist contribution: ,-105, New scanned ratio: ,0.000809571, New Scanned Cells Contribution: ,0,Area ratio: ,0.995284, Area ratio Contribution: ,0,Perim diff: ,1.01974, Perim diff Contribution: ,0,Frontier diff: ,0, Frontier diff Contribution ,0,Inverse Area ratio: ,0.388191, Inv Area Ratio Contribution: ,0,Inverse Perim ratio: ,1.05663, Inv Perim Contribution: ,0, Final Score: ,-106
Point: ,220,296,Repeat score:,1, Repeat contribution: ,-1,Dist:,20.1683, Dist contribution: ,-100.841, New scanned ratio: ,0.000764595, New Scanned Cells Contribution: ,0,Area ratio: ,0.995261, Area ratio Contribution: ,0,Perim diff: ,1.01835, Perim diff Contribution: ,0,Frontier diff: ,0, Frontier diff Contribution ,0,Inverse Area ratio: ,0.389307, Inv Area Ratio Contribution: ,0,Inverse Perim ratio: ,1.0545, Inv Perim Contribution: ,0, Final Score: ,-101.841
Point: ,218,295,Repeat score:,1, Repeat contribution: ,-1,Dist:,22.343, Dist contribution: ,-111.715, New scanned ratio: ,0.000865791, New Scanned Cells Contribution: ,0,Area ratio: ,0.995318, Area ratio Contribution: ,0,Perim diff: ,1.01814, Perim diff Contribution: ,0,Frontier diff: ,0, Frontier diff Contribution ,0,Inverse Area ratio: ,0.409357, Inv Area Ratio Contribution: ,0,Inverse Perim ratio: ,1.05474, Inv Perim Contribution: ,0, Final Score: ,-112.715
Point: ,214,297,Repeat score:,1, Repeat contribution: ,-1,Dist:,26.0325, Dist contribution: ,-130.162, New scanned ratio: ,0.0010457, New Scanned Cells Contribution: ,0,Area ratio: ,0.995442, Area ratio Contribution: ,0,Perim diff: ,1.01645, Perim diff Contribution: ,0,Frontier diff: ,0, Frontier diff Contribution ,0,Inverse Area ratio: ,0.412228, Inv Area Ratio Contribution: ,0,Inverse Perim ratio: ,1.05471, Inv Perim Contribution: ,0, Final Score: ,-131.162
Point: ,209,297,Repeat score:,1, Repeat contribution: ,-1,Dist:,31.0272, Dist contribution: ,-155.136, New scanned ratio: ,0.00120311, New Scanned Cells Contribution: ,0,Area ratio: ,0.995515, Area ratio Contribution: ,0,Perim diff: ,1.01575, Perim diff Contribution: ,0,Frontier diff: ,0, Frontier diff Contribution ,0,Inverse Area ratio: ,0.410685, Inv Area Ratio Contribution: ,0,Inverse Perim ratio: ,1.05375, Inv Perim Contribution: ,0, Final Score: ,-156.136
Point: ,208,298,Repeat score:,1, Repeat contribution: ,-1,Dist:,32, Dist contribution: ,-160, New scanned ratio: ,0.00123684, New Scanned Cells Contribution: ,0,Area ratio: ,0.995527, Area ratio Contribution: ,0,Perim diff: ,1.01694, Perim diff Contribution: ,0,Frontier diff: ,0, Frontier diff Contribution ,0,Inverse Area ratio: ,0.409814, Inv Area Ratio Contribution: ,0,Inverse Perim ratio: ,1.05601, Inv Perim Contribution: ,0, Final Score: ,-161
Point: ,207,297,Repeat score:,1, Repeat contribution: ,-1,Dist:,33.0256, Dist contribution: ,-165.128, New scanned ratio: ,0.00127058, New Scanned Cells Contribution: ,0,Area ratio: ,0.995544, Area ratio Contribution: ,0,Perim diff: ,1.01575, Perim diff Contribution: ,0,Frontier diff: ,0, Frontier diff Contribution ,0,Inverse Area ratio: ,0.409841, Inv Area Ratio Contribution: ,0,Inverse Perim ratio: ,1.05408, Inv Perim Contribution: ,0, Final Score: ,-166.128
Point: ,202,297,Repeat score:,1, Repeat contribution: ,-1,Dist:,38.0222, Dist contribution: ,-190.111, New scanned ratio: ,0.00143924, New Scanned Cells Contribution: ,0,Area ratio: ,0.995595, Area ratio Contribution: ,0,Perim diff: ,1.01729, Perim diff Contribution: ,0,Frontier diff: ,0, Frontier diff Contribution ,0,Inverse Area ratio: ,0.406752, Inv Area Ratio Contribution: ,0,Inverse Perim ratio: ,1.05622, Inv Perim Contribution: ,0, Final Score: ,-191.111
BEST Point:,220,299, Score: ,-101.211
COUNT COMMAND: 1
Total frontiers: ,70, Prioritised frontiers: ,9
At: ,220,298,
Point: ,200,299,Repeat score:,1, Repeat contribution: ,-1,Dist:,20.0422, Dist contribution: ,-100.211, New scanned ratio: ,0.000764011, New Scanned Cells Contribution: ,0,Area ratio: ,0.995601, Area ratio Contribution: ,0,Perim diff: ,1.01861, Perim diff Contribution: ,0,Frontier diff: ,0, Frontier diff Contribution ,0,Inverse Area ratio: ,0.405113, Inv Area Ratio Contribution: ,0,Inverse Perim ratio: ,1.05507, Inv Perim Contribution: ,0, Final Score: ,-101.211
Point: ,199,298,Repeat score:,1, Repeat contribution: ,-1,Dist:,21, Dist contribution: ,-105, New scanned ratio: ,0.000820188, New Scanned Cells Contribution: ,0,Area ratio: ,0.995663, Area ratio Contribution: ,0,Perim diff: ,1.01812, Perim diff Contribution: ,0,Frontier diff: ,0, Frontier diff Contribution ,0,Inverse Area ratio: ,0.404749, Inv Area Ratio Contribution: ,0,Inverse Perim ratio: ,1.05746, Inv Perim Contribution: ,0, Final Score: ,-106
Point: ,200,297,Repeat score:,1, Repeat contribution: ,-1,Dist:,20.0422, Dist contribution: ,-100.211, New scanned ratio: ,0.000764011, New Scanned Cells Contribution: ,0,Area ratio: ,0.99564, Area ratio Contribution: ,0,Perim diff: ,1.01782, Perim diff Contribution: ,0,Frontier diff: ,0, Frontier diff Contribution ,0,Inverse Area ratio: ,0.404167, Inv Area Ratio Contribution: ,0,Inverse Perim ratio: ,1.05623, Inv Perim Contribution: ,0, Final Score: ,-101.211
Point: ,199,295,Repeat score:,1, Repeat contribution: ,-1,Dist:,21.3591, Dist contribution: ,-106.795, New scanned ratio: ,0.000820188, New Scanned Cells Contribution: ,0,Area ratio: ,0.995674, Area ratio Contribution: ,0,Perim diff: ,1.01677, Perim diff Contribution: ,0,Frontier diff: ,0, Frontier diff Contribution ,0,Inverse Area ratio: ,0.406224, Inv Area Ratio Contribution: ,0,Inverse Perim ratio: ,1.05488, Inv Perim Contribution: ,0, Final Score: ,-107.795
Point: ,195,297,Repeat score:,1, Repeat contribution: ,-1,Dist:,25.0338, Dist contribution: ,-125.169, New scanned ratio: ,0.00103366, New Scanned Cells Contribution: ,0,Area ratio: ,0.995798, Area ratio Contribution: ,0,Perim diff: ,1.01677, Perim diff Contribution: ,0,Frontier diff: ,0, Frontier diff Contribution ,0,Inverse Area ratio: ,0.406241, Inv Area Ratio Contribution: ,0,Inverse Perim ratio: ,1.05693, Inv Perim Contribution: ,0, Final Score: ,-126.169
Point: ,190,297,Repeat score:,1, Repeat contribution: ,-1,Dist:,30.0282, Dist contribution: ,-150.141, New scanned ratio: ,0.00125837, New Scanned Cells Contribution: ,0,Area ratio: ,0.995922, Area ratio Contribution: ,0,Perim diff: ,1.01473, Perim diff Contribution: ,0,Frontier diff: ,0, Frontier diff Contribution ,0,Inverse Area ratio: ,0.403422, Inv Area Ratio Contribution: ,0,Inverse Perim ratio: ,1.05422, Inv Perim Contribution: ,0, Final Score: ,-151.141
Point: ,189,298,Repeat score:,1, Repeat contribution: ,-1,Dist:,31, Dist contribution: ,-155, New scanned ratio: ,0.00129208, New Scanned Cells Contribution: ,0,Area ratio: ,0.995922, Area ratio Contribution: ,0,Perim diff: ,1.01607, Perim diff Contribution: ,0,Frontier diff: ,0, Frontier diff Contribution ,0,Inverse Area ratio: ,0.402032, Inv Area Ratio Contribution: ,0,Inverse Perim ratio: ,1.05621, Inv Perim Contribution: ,0, Final Score: ,-156
Point: ,188,297,Repeat score:,1, Repeat contribution: ,-1,Dist:,32.0264, Dist contribution: ,-160.132, New scanned ratio: ,0.00133702, New Scanned Cells Contribution: ,0,Area ratio: ,0.995945, Area ratio Contribution: ,0,Perim diff: ,1.01607, Perim diff Contribution: ,0,Frontier diff: ,0, Frontier diff Contribution ,0,Inverse Area ratio: ,0.401222, Inv Area Ratio Contribution: ,0,Inverse Perim ratio: ,1.05643, Inv Perim Contribution: ,0, Final Score: ,-161.132
Point: ,183,297,Repeat score:,1, Repeat contribution: ,-1,Dist:,37.0228, Dist contribution: ,-185.114, New scanned ratio: ,0.00156173, New Scanned Cells Contribution: ,0,Area ratio: ,0.996058, Area ratio Contribution: ,0,Perim diff: ,1.01641, Perim diff Contribution: ,0,Frontier diff: ,0, Frontier diff Contribution ,0,Inverse Area ratio: ,0.396587, Inv Area Ratio Contribution: ,0,Inverse Perim ratio: ,1.05645, Inv Perim Contribution: ,0, Final Score: ,-186.114
BEST Point:,200,299, Score: ,-101.211
COUNT COMMAND: 1
Total frontiers: ,64, Prioritised frontiers: ,11
At: ,200,298,
Point: ,180,299,Repeat score:,1, Repeat contribution: ,-1,Dist:,20.0422, Dist contribution: ,-100.211, New scanned ratio: ,0.000976738, New Scanned Cells Contribution: ,0,Area ratio: ,0.996114, Area ratio Contribution: ,0,Perim diff: ,1.018, Perim diff Contribution: ,0,Frontier diff: ,0, Frontier diff Contribution ,0,Inverse Area ratio: ,0.394463, Inv Area Ratio Contribution: ,0,Inverse Perim ratio: ,1.05641, Inv Perim Contribution: ,0, Final Score: ,-101.211
Point: ,179,298,Repeat score:,1, Repeat contribution: ,-1,Dist:,21, Dist contribution: ,-105, New scanned ratio: ,0.0010441, New Scanned Cells Contribution: ,0,Area ratio: ,0.996199, Area ratio Contribution: ,0,Perim diff: ,1.01635, Perim diff Contribution: ,0,Frontier diff: ,0, Frontier diff Contribution ,0,Inverse Area ratio: ,0.413208, Inv Area Ratio Contribution: ,0,Inverse Perim ratio: ,1.05794, Inv Perim Contribution: ,0, Final Score: ,-106
Point: ,180,297,Repeat score:,1, Repeat contribution: ,-1,Dist:,20.0422, Dist contribution: ,-100.211, New scanned ratio: ,0.000976738, New Scanned Cells Contribution: ,0,Area ratio: ,0.996148, Area ratio Contribution: ,0,Perim diff: ,1.01736, Perim diff Contribution: ,0,Frontier diff: ,0, Frontier diff Contribution ,0,Inverse Area ratio: ,0.39375, Inv Area Ratio Contribution: ,0,Inverse Perim ratio: ,1.05822, Inv Perim Contribution: ,0, Final Score: ,-101.211
Point: ,180,295,Repeat score:,1, Repeat contribution: ,-1,Dist:,20.3767, Dist contribution: ,-101.884, New scanned ratio: ,0.000976738, New Scanned Cells Contribution: ,0,Area ratio: ,0.996171, Area ratio Contribution: ,0,Perim diff: ,1.01516, Perim diff Contribution: ,0,Frontier diff: ,0, Frontier diff Contribution ,0,Inverse Area ratio: ,0.394048, Inv Area Ratio Contribution: ,0,Inverse Perim ratio: ,1.05874, Inv Perim Contribution: ,0, Final Score: ,-102.884
Point: ,177,295,Repeat score:,1, Repeat contribution: ,-1,Dist:,23.3283, Dist contribution: ,-116.642, New scanned ratio: ,0.00114514, New Scanned Cells Contribution: ,0,Area ratio: ,0.996255, Area ratio Contribution: ,0,Perim diff: ,1.01461, Perim diff Contribution: ,0,Frontier diff: ,0, Frontier diff Contribution ,0,Inverse Area ratio: ,0.419729, Inv Area Ratio Contribution: ,0,Inverse Perim ratio: ,1.05528, Inv Perim Contribution: ,0, Final Score: ,-117.642
Point: ,176,296,Repeat score:,1, Repeat contribution: ,-1,Dist:,24.1404, Dist contribution: ,-120.702, New scanned ratio: ,0.00120128, New Scanned Cells Contribution: ,0,Area ratio: ,0.996295, Area ratio Contribution: ,0,Perim diff: ,1.01411, Perim diff Contribution: ,0,Frontier diff: ,0, Frontier diff Contribution ,0,Inverse Area ratio: ,0.418958, Inv Area Ratio Contribution: ,0,Inverse Perim ratio: ,1.05565, Inv Perim Contribution: ,0, Final Score: ,-121.702
Point: ,171,296,Repeat score:,1, Repeat contribution: ,-1,Dist:,29.1163, Dist contribution: ,-145.582, New scanned ratio: ,0.00141459, New Scanned Cells Contribution: ,0,Area ratio: ,0.996396, Area ratio Contribution: ,0,Perim diff: ,1.01341, Perim diff Contribution: ,0,Frontier diff: ,0, Frontier diff Contribution ,0,Inverse Area ratio: ,0.415274, Inv Area Ratio Contribution: ,0,Inverse Perim ratio: ,1.05449, Inv Perim Contribution: ,0, Final Score: ,-146.582
Point: ,170,297,Repeat score:,1, Repeat contribution: ,-1,Dist:,30.0282, Dist contribution: ,-150.141, New scanned ratio: ,0.00145949, New Scanned Cells Contribution: ,0,Area ratio: ,0.996419, Area ratio Contribution: ,0,Perim diff: ,1.01445, Perim diff Contribution: ,0,Frontier diff: ,0, Frontier diff Contribution ,0,Inverse Area ratio: ,0.413329, Inv Area Ratio Contribution: ,0,Inverse Perim ratio: ,1.05677, Inv Perim Contribution: ,0, Final Score: ,-151.141
Point: ,169,296,Repeat score:,1, Repeat contribution: ,-1,Dist:,31.1088, Dist contribution: ,-155.544, New scanned ratio: ,0.0015044, New Scanned Cells Contribution: ,0,Area ratio: ,0.996441, Area ratio Contribution: ,0,Perim diff: ,1.01341, Perim diff Contribution: ,0,Frontier diff: ,0, Frontier diff Contribution ,0,Inverse Area ratio: ,0.413509, Inv Area Ratio Contribution: ,0,Inverse Perim ratio: ,1.05492, Inv Perim Contribution: ,0, Final Score: ,-156.544
Point: ,164,296,Repeat score:,1, Repeat contribution: ,-1,Dist:,36.0938, Dist contribution: ,-180.469, New scanned ratio: ,0.00172894, New Scanned Cells Contribution: ,0,Area ratio: ,0.996543, Area ratio Contribution: ,0,Perim diff: ,1.01509, Perim diff Contribution: ,0,Frontier diff: ,0, Frontier diff Contribution ,0,Inverse Area ratio: ,0.408, Inv Area Ratio Contribution: ,0,Inverse Perim ratio: ,1.05821, Inv Perim Contribution: ,0, Final Score: ,-181.469
Point: ,161,294,Repeat score:,1, Repeat contribution: ,-1,Dist:,39.3451, Dist contribution: ,-196.726, New scanned ratio: ,0.00190857, New Scanned Cells Contribution: ,0,Area ratio: ,0.996644, Area ratio Contribution: ,0,Perim diff: ,1.01418, Perim diff Contribution: ,0,Frontier diff: ,0, Frontier diff Contribution ,0,Inverse Area ratio: ,0.425177, Inv Area Ratio Contribution: ,0,Inverse Perim ratio: ,1.05618, Inv Perim Contribution: ,0, Final Score: ,-197.726
BEST Point:,180,299, Score: ,-101.211
COUNT COMMAND: 1
Total frontiers: ,57, Prioritised frontiers: ,10
At: ,180,298,
Point: ,160,299,Repeat score:,1, Repeat contribution: ,-1,Dist:,20.0422, Dist contribution: ,-100.211, New scanned ratio: ,0.000998217, New Scanned Cells Contribution: ,0,Area ratio: ,0.996667, Area ratio Contribution: ,0,Perim diff: ,1.01523, Perim diff Contribution: ,0,Frontier diff: ,0, Frontier diff Contribution ,0,Inverse Area ratio: ,0.424795, Inv Area Ratio Contribution: ,0,Inverse Perim ratio: ,1.05606, Inv Perim Contribution: ,0, Final Score: ,-101.211
Point: ,159,298,Repeat score:,1, Repeat contribution: ,-1,Dist:,21, Dist contribution: ,-105, New scanned ratio: ,0.0010543, New Scanned Cells Contribution: ,0,Area ratio: ,0.996723, Area ratio Contribution: ,0,Perim diff: ,1.01488, Perim diff Contribution: ,0,Frontier diff: ,0, Frontier diff Contribution ,0,Inverse Area ratio: ,0.42482, Inv Area Ratio Contribution: ,0,Inverse Perim ratio: ,1.05968, Inv Perim Contribution: ,0, Final Score: ,-106
Point: ,160,297,Repeat score:,1, Repeat contribution: ,-1,Dist:,20.0422, Dist contribution: ,-100.211, New scanned ratio: ,0.000998217, New Scanned Cells Contribution: ,0,Area ratio: ,0.996706, Area ratio Contribution: ,0,Perim diff: ,1.01443, Perim diff Contribution: ,0,Frontier diff: ,0, Frontier diff Contribution ,0,Inverse Area ratio: ,0.423571, Inv Area Ratio Contribution: ,0,Inverse Perim ratio: ,1.05752, Inv Perim Contribution: ,0, Final Score: ,-101.211
Point: ,160,294,Repeat score:,1, Repeat contribution: ,-1,Dist:,20.6649, Dist contribution: ,-103.325, New scanned ratio: ,0.000987001, New Scanned Cells Contribution: ,0,Area ratio: ,0.996684, Area ratio Contribution: ,0,Perim diff: ,1.01403, Perim diff Contribution: ,0,Frontier diff: ,0, Frontier diff Contribution ,0,Inverse Area ratio: ,0.425, Inv Area Ratio Contribution: ,0,Inverse Perim ratio: ,1.05595, Inv Perim Contribution: ,0, Final Score: ,-104.325
Point: ,157,296,Repeat score:,1, Repeat contribution: ,-1,Dist:,23.1465, Dist contribution: ,-115.732, New scanned ratio: ,0.00115524, New Scanned Cells Contribution: ,0,Area ratio: ,0.996791, Area ratio Contribution: ,0,Perim diff: ,1.01249, Perim diff Contribution: ,0,Frontier diff: ,0, Frontier diff Contribution ,0,Inverse Area ratio: ,0.43425, Inv Area Ratio Contribution: ,0,Inverse Perim ratio: ,1.05612, Inv Perim Contribution: ,0, Final Score: ,-116.732
Point: ,152,296,Repeat score:,1, Repeat contribution: ,-1,Dist:,28.1205, Dist contribution: ,-140.602, New scanned ratio: ,0.00136834, New Scanned Cells Contribution: ,0,Area ratio: ,0.996892, Area ratio Contribution: ,0,Perim diff: ,1.01179, Perim diff Contribution: ,0,Frontier diff: ,0, Frontier diff Contribution ,0,Inverse Area ratio: ,0.430241, Inv Area Ratio Contribution: ,0,Inverse Perim ratio: ,1.05483, Inv Perim Contribution: ,0, Final Score: ,-141.602
Point: ,151,297,Repeat score:,1, Repeat contribution: ,-1,Dist:,29.0291, Dist contribution: ,-145.146, New scanned ratio: ,0.00141321, New Scanned Cells Contribution: ,0,Area ratio: ,0.996915, Area ratio Contribution: ,0,Perim diff: ,1.01283, Perim diff Contribution: ,0,Frontier diff: ,0, Frontier diff Contribution ,0,Inverse Area ratio: ,0.428032, Inv Area Ratio Contribution: ,0,Inverse Perim ratio: ,1.05741, Inv Perim Contribution: ,0, Final Score: ,-146.146
Point: ,150,296,Repeat score:,1, Repeat contribution: ,-1,Dist:,30.1125, Dist contribution: ,-150.562, New scanned ratio: ,0.00145807, New Scanned Cells Contribution: ,0,Area ratio: ,0.996937, Area ratio Contribution: ,0,Perim diff: ,1.01179, Perim diff Contribution: ,0,Frontier diff: ,0, Frontier diff Contribution ,0,Inverse Area ratio: ,0.4283, Inv Area Ratio Contribution: ,0,Inverse Perim ratio: ,1.05532, Inv Perim Contribution: ,0, Final Score: ,-151.562
Point: ,145,296,Repeat score:,1, Repeat contribution: ,-1,Dist:,35.0964, Dist contribution: ,-175.482, New scanned ratio: ,0.00168239, New Scanned Cells Contribution: ,0,Area ratio: ,0.997039, Area ratio Contribution: ,0,Perim diff: ,1.01347, Perim diff Contribution: ,0,Frontier diff: ,0, Frontier diff Contribution ,0,Inverse Area ratio: ,0.422145, Inv Area Ratio Contribution: ,0,Inverse Perim ratio: ,1.05908, Inv Perim Contribution: ,0, Final Score: ,-176.482
Point: ,142,294,Repeat score:,1, Repeat contribution: ,-1,Dist:,38.3541, Dist contribution: ,-191.771, New scanned ratio: ,0.00186184, New Scanned Cells Contribution: ,0,Area ratio: ,0.99714, Area ratio Contribution: ,0,Perim diff: ,1.01256, Perim diff Contribution: ,0,Frontier diff: ,0, Frontier diff Contribution ,0,Inverse Area ratio: ,0.439754, Inv Area Ratio Contribution: ,0,Inverse Perim ratio: ,1.05673, Inv Perim Contribution: ,0, Final Score: ,-192.771
BEST Point:,160,299, Score: ,-101.211
COUNT COMMAND: 1
Total frontiers: ,51, Prioritised frontiers: ,10
At: ,160,298,
Point: ,140,299,Repeat score:,1, Repeat contribution: ,-1,Dist:,20.0422, Dist contribution: ,-100.211, New scanned ratio: ,0.000986016, New Scanned Cells Contribution: ,0,Area ratio: ,0.997191, Area ratio Contribution: ,0,Perim diff: ,1.01375, Perim diff Contribution: ,0,Frontier diff: ,0, Frontier diff Contribution ,0,Inverse Area ratio: ,0.440183, Inv Area Ratio Contribution: ,0,Inverse Perim ratio: ,1.05769, Inv Perim Contribution: ,0, Final Score: ,-101.211
Point: ,139,298,Repeat score:,1, Repeat contribution: ,-1,Dist:,21, Dist contribution: ,-105, New scanned ratio: ,0.00104204, New Scanned Cells Contribution: ,0,Area ratio: ,0.997264, Area ratio Contribution: ,0,Perim diff: ,1.01191, Perim diff Contribution: ,0,Frontier diff: ,0, Frontier diff Contribution ,0,Inverse Area ratio: ,0.454427, Inv Area Ratio Contribution: ,0,Inverse Perim ratio: ,1.05868, Inv Perim Contribution: ,0, Final Score: ,-106
Point: ,140,297,Repeat score:,1, Repeat contribution: ,-1,Dist:,20.0422, Dist contribution: ,-100.211, New scanned ratio: ,0.000986016, New Scanned Cells Contribution: ,0,Area ratio: ,0.99723, Area ratio Contribution: ,0,Perim diff: ,1.01296, Perim diff Contribution: ,0,Frontier diff: ,0, Frontier diff Contribution ,0,Inverse Area ratio: ,0.43875, Inv Area Ratio Contribution: ,0,Inverse Perim ratio: ,1.05937, Inv Perim Contribution: ,0, Final Score: ,-101.211
Point: ,140,295,Repeat score:,1, Repeat contribution: ,-1,Dist:,20.3767, Dist contribution: ,-101.884, New scanned ratio: ,0.000986016, New Scanned Cells Contribution: ,0,Area ratio: ,0.997225, Area ratio Contribution: ,0,Perim diff: ,1.01136, Perim diff Contribution: ,0,Frontier diff: ,0, Frontier diff Contribution ,0,Inverse Area ratio: ,0.456747, Inv Area Ratio Contribution: ,0,Inverse Perim ratio: ,1.05576, Inv Perim Contribution: ,0, Final Score: ,-102.884
Point: ,138,296,Repeat score:,1, Repeat contribution: ,-1,Dist:,22.1531, Dist contribution: ,-110.766, New scanned ratio: ,0.00108686, New Scanned Cells Contribution: ,0,Area ratio: ,0.997287, Area ratio Contribution: ,0,Perim diff: ,1.01087, Perim diff Contribution: ,0,Frontier diff: ,0, Frontier diff Contribution ,0,Inverse Area ratio: ,0.454863, Inv Area Ratio Contribution: ,0,Inverse Perim ratio: ,1.05664, Inv Perim Contribution: ,0, Final Score: ,-111.766
Point: ,133,296,Repeat score:,1, Repeat contribution: ,-1,Dist:,27.1249, Dist contribution: ,-135.624, New scanned ratio: ,0.00129975, New Scanned Cells Contribution: ,0,Area ratio: ,0.997388, Area ratio Contribution: ,0,Perim diff: ,1.01016, Perim diff Contribution: ,0,Frontier diff: ,0, Frontier diff Contribution ,0,Inverse Area ratio: ,0.45051, Inv Area Ratio Contribution: ,0,Inverse Perim ratio: ,1.05517, Inv Perim Contribution: ,0, Final Score: ,-136.624
Point: ,132,297,Repeat score:,1, Repeat contribution: ,-1,Dist:,28.0302, Dist contribution: ,-140.151, New scanned ratio: ,0.00134457, New Scanned Cells Contribution: ,0,Area ratio: ,0.99741, Area ratio Contribution: ,0,Perim diff: ,1.0112, Perim diff Contribution: ,0,Frontier diff: ,0, Frontier diff Contribution ,0,Inverse Area ratio: ,0.447954, Inv Area Ratio Contribution: ,0,Inverse Perim ratio: ,1.05816, Inv Perim Contribution: ,0, Final Score: ,-141.151
Point: ,131,296,Repeat score:,1, Repeat contribution: ,-1,Dist:,29.1163, Dist contribution: ,-145.582, New scanned ratio: ,0.00138939, New Scanned Cells Contribution: ,0,Area ratio: ,0.997427, Area ratio Contribution: ,0,Perim diff: ,1.01016, Perim diff Contribution: ,0,Frontier diff: ,0, Frontier diff Contribution ,0,Inverse Area ratio: ,0.448368, Inv Area Ratio Contribution: ,0,Inverse Perim ratio: ,1.05574, Inv Perim Contribution: ,0, Final Score: ,-146.582
Point: ,126,296,Repeat score:,1, Repeat contribution: ,-1,Dist:,34.0993, Dist contribution: ,-170.496, New scanned ratio: ,0.00161348, New Scanned Cells Contribution: ,0,Area ratio: ,0.997501, Area ratio Contribution: ,0,Perim diff: ,1.01184, Perim diff Contribution: ,0,Frontier diff: ,0, Frontier diff Contribution ,0,Inverse Area ratio: ,0.441417, Inv Area Ratio Contribution: ,0,Inverse Perim ratio: ,1.06013, Inv Perim Contribution: ,0, Final Score: ,-171.496
Point: ,123,294,Repeat score:,1, Repeat contribution: ,-1,Dist:,37.3636, Dist contribution: ,-186.818, New scanned ratio: ,0.00179276, New Scanned Cells Contribution: ,0,Area ratio: ,0.997585, Area ratio Contribution: ,0,Perim diff: ,1.01093, Perim diff Contribution: ,0,Frontier diff: ,0, Frontier diff Contribution ,0,Inverse Area ratio: ,0.459709, Inv Area Ratio Contribution: ,0,Inverse Perim ratio: ,1.05733, Inv Perim Contribution: ,0, Final Score: ,-187.818
BEST Point:,140,299, Score: ,-101.211
COUNT COMMAND: 1
Total frontiers: ,45, Prioritised frontiers: ,10
At: ,140,298,
Point: ,120,299,Repeat score:,1, Repeat contribution: ,-1,Dist:,20.0422, Dist contribution: ,-100.211, New scanned ratio: ,0.000985045, New Scanned Cells Contribution: ,0,Area ratio: ,0.997653, Area ratio Contribution: ,0,Perim diff: ,1.01092, Perim diff Contribution: ,0,Frontier diff: ,0, Frontier diff Contribution ,0,Inverse Area ratio: ,0.484769, Inv Area Ratio Contribution: ,0,Inverse Perim ratio: ,1.05672, Inv Perim Contribution: ,0, Final Score: ,-101.211
Point: ,119,298,Repeat score:,1, Repeat contribution: ,-1,Dist:,21, Dist contribution: ,-105, New scanned ratio: ,0.00102982, New Scanned Cells Contribution: ,0,Area ratio: ,0.997709, Area ratio Contribution: ,0,Perim diff: ,1.01028, Perim diff Contribution: ,0,Frontier diff: ,0, Frontier diff Contribution ,0,Inverse Area ratio: ,0.482341, Inv Area Ratio Contribution: ,0,Inverse Perim ratio: ,1.06003, Inv Perim Contribution: ,0, Final Score: ,-106
Point: ,120,297,Repeat score:,1, Repeat contribution: ,-1,Dist:,20.0422, Dist contribution: ,-100.211, New scanned ratio: ,0.000985045, New Scanned Cells Contribution: ,0,Area ratio: ,0.997692, Area ratio Contribution: ,0,Perim diff: ,1.01028, Perim diff Contribution: ,0,Frontier diff: ,0, Frontier diff Contribution ,0,Inverse Area ratio: ,0.483465, Inv Area Ratio Contribution: ,0,Inverse Perim ratio: ,1.05953, Inv Perim Contribution: ,0, Final Score: ,-101.211
Point: ,120,295,Repeat score:,1, Repeat contribution: ,-1,Dist:,20.3767, Dist contribution: ,-101.884, New scanned ratio: ,0.000973852, New Scanned Cells Contribution: ,0,Area ratio: ,0.997675, Area ratio Contribution: ,0,Perim diff: ,1.00973, Perim diff Contribution: ,0,Frontier diff: ,0, Frontier diff Contribution ,0,Inverse Area ratio: ,0.485039, Inv Area Ratio Contribution: ,0,Inverse Perim ratio: ,1.05657, Inv Perim Contribution: ,0, Final Score: ,-102.884
Point: ,119,296,Repeat score:,1, Repeat contribution: ,-1,Dist:,21.1603, Dist contribution: ,-105.802, New scanned ratio: ,0.00102982, New Scanned Cells Contribution: ,0,Area ratio: ,0.997709, Area ratio Contribution: ,0,Perim diff: ,1.00923, Perim diff Contribution: ,0,Frontier diff: ,0, Frontier diff Contribution ,0,Inverse Area ratio: ,0.484161, Inv Area Ratio Contribution: ,0,Inverse Perim ratio: ,1.05715, Inv Perim Contribution: ,0, Final Score: ,-106.802
Point: ,114,296,Repeat score:,1, Repeat contribution: ,-1,Dist:,26.1297, Dist contribution: ,-130.648, New scanned ratio: ,0.0012425, New Scanned Cells Contribution: ,0,Area ratio: ,0.997782, Area ratio Contribution: ,0,Perim diff: ,1.00852, Perim diff Contribution: ,0,Frontier diff: ,0, Frontier diff Contribution ,0,Inverse Area ratio: ,0.479504, Inv Area Ratio Contribution: ,0,Inverse Perim ratio: ,1.05543, Inv Perim Contribution: ,0, Final Score: ,-131.648
Point: ,113,297,Repeat score:,1, Repeat contribution: ,-1,Dist:,27.0313, Dist contribution: ,-135.156, New scanned ratio: ,0.00128728, New Scanned Cells Contribution: ,0,Area ratio: ,0.997799, Area ratio Contribution: ,0,Perim diff: ,1.00957, Perim diff Contribution: ,0,Frontier diff: ,0, Frontier diff Contribution ,0,Inverse Area ratio: ,0.476474, Inv Area Ratio Contribution: ,0,Inverse Perim ratio: ,1.05897, Inv Perim Contribution: ,0, Final Score: ,-136.156
Point: ,112,296,Repeat score:,1, Repeat contribution: ,-1,Dist:,28.1205, Dist contribution: ,-140.602, New scanned ratio: ,0.00133205, New Scanned Cells Contribution: ,0,Area ratio: ,0.997816, Area ratio Contribution: ,0,Perim diff: ,1.00852, Perim diff Contribution: ,0,Frontier diff: ,0, Frontier diff Contribution ,0,Inverse Area ratio: ,0.477149, Inv Area Ratio Contribution: ,0,Inverse Perim ratio: ,1.05612, Inv Perim Contribution: ,0, Final Score: ,-141.602
Point: ,107,296,Repeat score:,1, Repeat contribution: ,-1,Dist:,33.1023, Dist contribution: ,-165.511, New scanned ratio: ,0.00155592, New Scanned Cells Contribution: ,0,Area ratio: ,0.997889, Area ratio Contribution: ,0,Perim diff: ,1.0102, Perim diff Contribution: ,0,Frontier diff: ,0, Frontier diff Contribution ,0,Inverse Area ratio: ,0.469218, Inv Area Ratio Contribution: ,0,Inverse Perim ratio: ,1.06137, Inv Perim Contribution: ,0, Final Score: ,-166.511
Point: ,104,294,Repeat score:,1, Repeat contribution: ,-1,Dist:,36.3736, Dist contribution: ,-181.868, New scanned ratio: ,0.00173502, New Scanned Cells Contribution: ,0,Area ratio: ,0.997974, Area ratio Contribution: ,0,Perim diff: ,1.00928, Perim diff Contribution: ,0,Frontier diff: ,0, Frontier diff Contribution ,0,Inverse Area ratio: ,0.48869, Inv Area Ratio Contribution: ,0,Inverse Perim ratio: ,1.0579, Inv Perim Contribution: ,0, Final Score: ,-182.868
BEST Point:,120,299, Score: ,-101.211
COUNT COMMAND: 1
Total frontiers: ,37, Prioritised frontiers: ,9
At: ,120,298,
Point: ,100,299,Repeat score:,1, Repeat contribution: ,-1,Dist:,20.0422, Dist contribution: ,-100.211, New scanned ratio: ,0.000972893, New Scanned Cells Contribution: ,0,Area ratio: ,0.998058, Area ratio Contribution: ,0,Perim diff: ,1.00927, Perim diff Contribution: ,0,Frontier diff: ,0, Frontier diff Contribution ,0,Inverse Area ratio: ,0.520737, Inv Area Ratio Contribution: ,0,Inverse Perim ratio: ,1.05752, Inv Perim Contribution: ,0, Final Score: ,-101.211
Point: ,99,298,Repeat score:,1, Repeat contribution: ,-1,Dist:,21, Dist contribution: ,-105, New scanned ratio: ,0.00101762, New Scanned Cells Contribution: ,0,Area ratio: ,0.998114, Area ratio Contribution: ,0,Perim diff: ,1.00862, Perim diff Contribution: ,0,Frontier diff: ,0, Frontier diff Contribution ,0,Inverse Area ratio: ,0.521652, Inv Area Ratio Contribution: ,0,Inverse Perim ratio: ,1.06155, Inv Perim Contribution: ,0, Final Score: ,-106
Point: ,100,296,Repeat score:,1, Repeat contribution: ,-1,Dist:,20.1683, Dist contribution: ,-100.841, New scanned ratio: ,0.000972893, New Scanned Cells Contribution: ,0,Area ratio: ,0.998097, Area ratio Contribution: ,0,Perim diff: ,1.00758, Perim diff Contribution: ,0,Frontier diff: ,0, Frontier diff Contribution ,0,Inverse Area ratio: ,0.525232, Inv Area Ratio Contribution: ,0,Inverse Perim ratio: ,1.05744, Inv Perim Contribution: ,0, Final Score: ,-101.841
Point: ,95,296,Repeat score:,1, Repeat contribution: ,-1,Dist:,25.1348, Dist contribution: ,-125.674, New scanned ratio: ,0.00118536, New Scanned Cells Contribution: ,0,Area ratio: ,0.998171, Area ratio Contribution: ,0,Perim diff: ,1.00687, Perim diff Contribution: ,0,Frontier diff: ,0, Frontier diff Contribution ,0,Inverse Area ratio: ,0.524399, Inv Area Ratio Contribution: ,0,Inverse Perim ratio: ,1.05536, Inv Perim Contribution: ,0, Final Score: ,-126.674
Point: ,94,297,Repeat score:,1, Repeat contribution: ,-1,Dist:,26.0325, Dist contribution: ,-130.162, New scanned ratio: ,0.00123009, New Scanned Cells Contribution: ,0,Area ratio: ,0.998188, Area ratio Contribution: ,0,Perim diff: ,1.00791, Perim diff Contribution: ,0,Frontier diff: ,0, Frontier diff Contribution ,0,Inverse Area ratio: ,0.52069, Inv Area Ratio Contribution: ,0,Inverse Perim ratio: ,1.05969, Inv Perim Contribution: ,0, Final Score: ,-131.162
Point: ,93,296,Repeat score:,1, Repeat contribution: ,-1,Dist:,27.1249, Dist contribution: ,-135.624, New scanned ratio: ,0.00127483, New Scanned Cells Contribution: ,0,Area ratio: ,0.998204, Area ratio Contribution: ,0,Perim diff: ,1.00686, Perim diff Contribution: ,0,Frontier diff: ,0, Frontier diff Contribution ,0,Inverse Area ratio: ,0.52189, Inv Area Ratio Contribution: ,0,Inverse Perim ratio: ,1.0562, Inv Perim Contribution: ,0, Final Score: ,-136.624
Point: ,88,296,Repeat score:,1, Repeat contribution: ,-1,Dist:,32.1055, Dist contribution: ,-160.527, New scanned ratio: ,0.00149848, New Scanned Cells Contribution: ,0,Area ratio: ,0.998278, Area ratio Contribution: ,0,Perim diff: ,1.00853, Perim diff Contribution: ,0,Frontier diff: ,0, Frontier diff Contribution ,0,Inverse Area ratio: ,0.512821, Inv Area Ratio Contribution: ,0,Inverse Perim ratio: ,1.06272, Inv Perim Contribution: ,0, Final Score: ,-161.527
Point: ,85,294,Repeat score:,1, Repeat contribution: ,-1,Dist:,35.3842, Dist contribution: ,-176.921, New scanned ratio: ,0.0016774, New Scanned Cells Contribution: ,0,Area ratio: ,0.998379, Area ratio Contribution: ,0,Perim diff: ,1.00786, Perim diff Contribution: ,0,Frontier diff: ,0, Frontier diff Contribution ,0,Inverse Area ratio: ,0.511456, Inv Area Ratio Contribution: ,0,Inverse Perim ratio: ,1.05829, Inv Perim Contribution: ,0, Final Score: ,-177.921
Point: ,81,296,Repeat score:,1, Repeat contribution: ,-1,Dist:,39.0866, Dist contribution: ,-195.433, New scanned ratio: ,0.0019346, New Scanned Cells Contribution: ,0,Area ratio: ,0.998519, Area ratio Contribution: ,0,Perim diff: ,1.00799, Perim diff Contribution: ,0,Frontier diff: ,0, Frontier diff Contribution ,0,Inverse Area ratio: ,0.536885, Inv Area Ratio Contribution: ,0,Inverse Perim ratio: ,1.06415, Inv Perim Contribution: ,0, Final Score: ,-196.433
BEST Point:,100,299, Score: ,-101.211
COUNT COMMAND: 1
Total frontiers: ,31, Prioritised frontiers: ,10
At: ,100,298,
Point: ,80,299,Repeat score:,1, Repeat contribution: ,-1,Dist:,20.0422, Dist contribution: ,-100.211, New scanned ratio: ,0.00101663, New Scanned Cells Contribution: ,0,Area ratio: ,0.998514, Area ratio Contribution: ,0,Perim diff: ,1.00847, Perim diff Contribution: ,0,Frontier diff: ,0, Frontier diff Contribution ,0,Inverse Area ratio: ,0.54045, Inv Area Ratio Contribution: ,0,Inverse Perim ratio: ,1.05929, Inv Perim Contribution: ,0, Final Score: ,-101.211
Point: ,79,298,Repeat score:,1, Repeat contribution: ,-1,Dist:,21, Dist contribution: ,-105, New scanned ratio: ,0.00107249, New Scanned Cells Contribution: ,0,Area ratio: ,0.998575, Area ratio Contribution: ,0,Perim diff: ,1.00798, Perim diff Contribution: ,0,Frontier diff: ,0, Frontier diff Contribution ,0,Inverse Area ratio: ,0.541525, Inv Area Ratio Contribution: ,0,Inverse Perim ratio: ,1.06569, Inv Perim Contribution: ,0, Final Score: ,-106
Point: ,80,296,Repeat score:,1, Repeat contribution: ,-1,Dist:,20.1683, Dist contribution: ,-100.841, New scanned ratio: ,0.00101663, New Scanned Cells Contribution: ,0,Area ratio: ,0.998547, Area ratio Contribution: ,0,Perim diff: ,1.00798, Perim diff Contribution: ,0,Frontier diff: ,0, Frontier diff Contribution ,0,Inverse Area ratio: ,0.539167, Inv Area Ratio Contribution: ,0,Inverse Perim ratio: ,1.06491, Inv Perim Contribution: ,0, Final Score: ,-101.841
Point: ,76,296,Repeat score:,1, Repeat contribution: ,-1,Dist:,24.1404, Dist contribution: ,-120.702, New scanned ratio: ,0.00124007, New Scanned Cells Contribution: ,0,Area ratio: ,0.998665, Area ratio Contribution: ,0,Perim diff: ,1.00588, Perim diff Contribution: ,0,Frontier diff: ,0, Frontier diff Contribution ,0,Inverse Area ratio: ,0.550089, Inv Area Ratio Contribution: ,0,Inverse Perim ratio: ,1.05586, Inv Perim Contribution: ,0, Final Score: ,-121.702
Point: ,75,297,Repeat score:,1, Repeat contribution: ,-1,Dist:,25.0338, Dist contribution: ,-125.169, New scanned ratio: ,0.00128476, New Scanned Cells Contribution: ,0,Area ratio: ,0.998688, Area ratio Contribution: ,0,Perim diff: ,1.00695, Perim diff Contribution: ,0,Frontier diff: ,0, Frontier diff Contribution ,0,Inverse Area ratio: ,0.544883, Inv Area Ratio Contribution: ,0,Inverse Perim ratio: ,1.05994, Inv Perim Contribution: ,0, Final Score: ,-126.169
Point: ,74,296,Repeat score:,1, Repeat contribution: ,-1,Dist:,26.1297, Dist contribution: ,-130.648, New scanned ratio: ,0.00134062, New Scanned Cells Contribution: ,0,Area ratio: ,0.998705, Area ratio Contribution: ,0,Perim diff: ,1.00724, Perim diff Contribution: ,0,Frontier diff: ,0, Frontier diff Contribution ,0,Inverse Area ratio: ,0.544384, Inv Area Ratio Contribution: ,0,Inverse Perim ratio: ,1.06334, Inv Perim Contribution: ,0, Final Score: ,-131.648
Point: ,69,296,Repeat score:,1, Repeat contribution: ,-1,Dist:,31.1088, Dist contribution: ,-155.544, New scanned ratio: ,0.00161991, New Scanned Cells Contribution: ,0,Area ratio: ,0.998845, Area ratio Contribution: ,0,Perim diff: ,1.00754, Perim diff Contribution: ,0,Frontier diff: ,0, Frontier diff Contribution ,0,Inverse Area ratio: ,0.530303, Inv Area Ratio Contribution: ,0,Inverse Perim ratio: ,1.06392, Inv Perim Contribution: ,0, Final Score: ,-156.544
Point: ,66,294,Repeat score:,1, Repeat contribution: ,-1,Dist:,34.3953, Dist contribution: ,-171.977, New scanned ratio: ,0.00183218, New Scanned Cells Contribution: ,0,Area ratio: ,0.998974, Area ratio Contribution: ,0,Perim diff: ,1.00611, Perim diff Contribution: ,0,Frontier diff: ,0, Frontier diff Contribution ,0,Inverse Area ratio: ,0.522727, Inv Area Ratio Contribution: ,0,Inverse Perim ratio: ,1.06933, Inv Perim Contribution: ,0, Final Score: ,-172.977
Point: ,63,294,Repeat score:,1, Repeat contribution: ,-1,Dist:,37.3636, Dist contribution: ,-186.818, New scanned ratio: ,0.00203327, New Scanned Cells Contribution: ,0,Area ratio: ,0.999058, Area ratio Contribution: ,0,Perim diff: ,1.00552, Perim diff Contribution: ,0,Frontier diff: ,0, Frontier diff Contribution ,0,Inverse Area ratio: ,0.582558, Inv Area Ratio Contribution: ,0,Inverse Perim ratio: ,1.05551, Inv Perim Contribution: ,0, Final Score: ,-187.818
Point: ,62,295,Repeat score:,1, Repeat contribution: ,-1,Dist:,38.1996, Dist contribution: ,-190.998, New scanned ratio: ,0.0021003, New Scanned Cells Contribution: ,0,Area ratio: ,0.999097, Area ratio Contribution: ,0,Perim diff: ,1.00501, Perim diff Contribution: ,0,Frontier diff: ,0, Frontier diff Contribution ,0,Inverse Area ratio: ,0.594921, Inv Area Ratio Contribution: ,0,Inverse Perim ratio: ,1.0561, Inv Perim Contribution: ,0, Final Score: ,-191.998
BEST Point:,80,299, Score: ,-101.211
COUNT COMMAND: 1
Total frontiers: ,25, Prioritised frontiers: ,10
At: ,80,298,
Point: ,60,299,Repeat score:,1, Repeat contribution: ,-1,Dist:,20.0422, Dist contribution: ,-100.211, New scanned ratio: ,0.00119417, New Scanned Cells Contribution: ,0,Area ratio: ,0.999098, Area ratio Contribution: ,0,Perim diff: ,1.00664, Perim diff Contribution: ,0,Frontier diff: ,0, Frontier diff Contribution ,0,Inverse Area ratio: ,0.595745, Inv Area Ratio Contribution: ,0,Inverse Perim ratio: ,1.05789, Inv Perim Contribution: ,0, Final Score: ,-101.211
Point: ,59,298,Repeat score:,1, Repeat contribution: ,-1,Dist:,21, Dist contribution: ,-105, New scanned ratio: ,0.00124997, New Scanned Cells Contribution: ,0,Area ratio: ,0.999165, Area ratio Contribution: ,0,Perim diff: ,1.006, Perim diff Contribution: ,0,Frontier diff: ,0, Frontier diff Contribution ,0,Inverse Area ratio: ,0.597436, Inv Area Ratio Contribution: ,0,Inverse Perim ratio: ,1.06477, Inv Perim Contribution: ,0, Final Score: ,-106
Point: ,60,297,Repeat score:,1, Repeat contribution: ,-1,Dist:,20.0422, Dist contribution: ,-100.211, New scanned ratio: ,0.00119417, New Scanned Cells Contribution: ,0,Area ratio: ,0.999148, Area ratio Contribution: ,0,Perim diff: ,1.00587, Perim diff Contribution: ,0,Frontier diff: ,0, Frontier diff Contribution ,0,Inverse Area ratio: ,0.59125, Inv Area Ratio Contribution: ,0,Inverse Perim ratio: ,1.0622, Inv Perim Contribution: ,0, Final Score: ,-101.211
Point: ,60,295,Repeat score:,1, Repeat contribution: ,-1,Dist:,20.3767, Dist contribution: ,-101.884, New scanned ratio: ,0.00119417, New Scanned Cells Contribution: ,0,Area ratio: ,0.999148, Area ratio Contribution: ,0,Perim diff: ,1.00482, Perim diff Contribution: ,0,Frontier diff: ,0, Frontier diff Contribution ,0,Inverse Area ratio: ,0.603558, Inv Area Ratio Contribution: ,0,Inverse Perim ratio: ,1.05568, Inv Perim Contribution: ,0, Final Score: ,-102.884
Point: ,57,295,Repeat score:,1, Repeat contribution: ,-1,Dist:,23.3283, Dist contribution: ,-116.642, New scanned ratio: ,0.00135042, New Scanned Cells Contribution: ,0,Area ratio: ,0.999198, Area ratio Contribution: ,0,Perim diff: ,1.00422, Perim diff Contribution: ,0,Frontier diff: ,0, Frontier diff Contribution ,0,Inverse Area ratio: ,0.624484, Inv Area Ratio Contribution: ,0,Inverse Perim ratio: ,1.05078, Inv Perim Contribution: ,0, Final Score: ,-117.642
Point: ,56,296,Repeat score:,1, Repeat contribution: ,-1,Dist:,24.1404, Dist contribution: ,-120.702, New scanned ratio: ,0.00140622, New Scanned Cells Contribution: ,0,Area ratio: ,0.999215, Area ratio Contribution: ,0,Perim diff: ,1.00539, Perim diff Contribution: ,0,Frontier diff: ,0, Frontier diff Contribution ,0,Inverse Area ratio: ,0.618056, Inv Area Ratio Contribution: ,0,Inverse Perim ratio: ,1.06036, Inv Perim Contribution: ,0, Final Score: ,-121.702
Point: ,55,295,Repeat score:,1, Repeat contribution: ,-1,Dist:,25.3024, Dist contribution: ,-126.512, New scanned ratio: ,0.00146202, New Scanned Cells Contribution: ,0,Area ratio: ,0.999243, Area ratio Contribution: ,0,Perim diff: ,1.00417, Perim diff Contribution: ,0,Frontier diff: ,0, Frontier diff Contribution ,0,Inverse Area ratio: ,0.637555, Inv Area Ratio Contribution: ,0,Inverse Perim ratio: ,1.05176, Inv Perim Contribution: ,0, Final Score: ,-127.512
Point: ,50,295,Repeat score:,1, Repeat contribution: ,-1,Dist:,30.2524, Dist contribution: ,-151.262, New scanned ratio: ,0.00174103, New Scanned Cells Contribution: ,0,Area ratio: ,0.999344, Area ratio Contribution: ,0,Perim diff: ,1.0057, Perim diff Contribution: ,0,Frontier diff: ,0, Frontier diff Contribution ,0,Inverse Area ratio: ,0.622257, Inv Area Ratio Contribution: ,0,Inverse Perim ratio: ,1.06364, Inv Perim Contribution: ,0, Final Score: ,-152.262
Point: ,47,293,Repeat score:,1, Repeat contribution: ,-1,Dist:,33.6341, Dist contribution: ,-168.17, New scanned ratio: ,0.00195308, New Scanned Cells Contribution: ,0,Area ratio: ,0.999462, Area ratio Contribution: ,0,Perim diff: ,1.0049, Perim diff Contribution: ,0,Frontier diff: ,0, Frontier diff Contribution ,0,Inverse Area ratio: ,0.622642, Inv Area Ratio Contribution: ,0,Inverse Perim ratio: ,1.0537, Inv Perim Contribution: ,0, Final Score: ,-169.17
Point: ,43,295,Repeat score:,1, Repeat contribution: ,-1,Dist:,37.205, Dist contribution: ,-186.025, New scanned ratio: ,0.00225441, New Scanned Cells Contribution: ,0,Area ratio: ,0.999625, Area ratio Contribution: ,0,Perim diff: ,1.00477, Perim diff Contribution: ,0,Frontier diff: ,0, Frontier diff Contribution ,0,Inverse Area ratio: ,0.658385, Inv Area Ratio Contribution: ,0,Inverse Perim ratio: ,1.05904, Inv Perim Contribution: ,0, Final Score: ,-187.025
BEST Point:,60,299, Score: ,-101.211
COUNT COMMAND: 1
Total frontiers: ,19, Prioritised frontiers: ,11
At: ,60,298,
Point: ,40,299,Repeat score:,1, Repeat contribution: ,-1,Dist:,20.0422, Dist contribution: ,-100.211, New scanned ratio: ,0.00125963, New Scanned Cells Contribution: ,0,Area ratio: ,0.999625, Area ratio Contribution: ,0,Perim diff: ,1.00468, Perim diff Contribution: ,0,Frontier diff: ,0, Frontier diff Contribution ,0,Inverse Area ratio: ,0.687351, Inv Area Ratio Contribution: ,0,Inverse Perim ratio: ,1.04374, Inv Perim Contribution: ,0, Final Score: ,-101.211
Point: ,39,298,Repeat score:,1, Repeat contribution: ,-1,Dist:,21, Dist contribution: ,-105, New scanned ratio: ,0.00132651, New Scanned Cells Contribution: ,0,Area ratio: ,0.999692, Area ratio Contribution: ,0,Perim diff: ,1.00433, Perim diff Contribution: ,0,Frontier diff: ,0, Frontier diff Contribution ,0,Inverse Area ratio: ,0.696742, Inv Area Ratio Contribution: ,0,Inverse Perim ratio: ,1.05882, Inv Perim Contribution: ,0, Final Score: ,-106
Point: ,40,297,Repeat score:,1, Repeat contribution: ,-1,Dist:,20.0422, Dist contribution: ,-100.211, New scanned ratio: ,0.00125963, New Scanned Cells Contribution: ,0,Area ratio: ,0.999686, Area ratio Contribution: ,0,Perim diff: ,1.00416, Perim diff Contribution: ,0,Frontier diff: ,0, Frontier diff Contribution ,0,Inverse Area ratio: ,0.680952, Inv Area Ratio Contribution: ,0,Inverse Perim ratio: ,1.05353, Inv Perim Contribution: ,0, Final Score: ,-101.211
Point: ,40,295,Repeat score:,1, Repeat contribution: ,-1,Dist:,20.3767, Dist contribution: ,-101.884, New scanned ratio: ,0.00125963, New Scanned Cells Contribution: ,0,Area ratio: ,0.999681, Area ratio Contribution: ,0,Perim diff: ,1.00431, Perim diff Contribution: ,0,Frontier diff: ,0, Frontier diff Contribution ,0,Inverse Area ratio: ,0.683333, Inv Area Ratio Contribution: ,0,Inverse Perim ratio: ,1.05632, Inv Perim Contribution: ,0, Final Score: ,-102.884
Point: ,38,295,Repeat score:,1, Repeat contribution: ,-1,Dist:,22.343, Dist contribution: ,-111.715, New scanned ratio: ,0.00139339, New Scanned Cells Contribution: ,0,Area ratio: ,0.999714, Area ratio Contribution: ,0,Perim diff: ,1.00211, Perim diff Contribution: ,0,Frontier diff: ,0, Frontier diff Contribution ,0,Inverse Area ratio: ,0.739726, Inv Area Ratio Contribution: ,0,Inverse Perim ratio: ,1.02846, Inv Perim Contribution: ,0, Final Score: ,-112.715
Point: ,37,296,Repeat score:,1, Repeat contribution: ,-1,Dist:,23.1465, Dist contribution: ,-115.732, New scanned ratio: ,0.00144913, New Scanned Cells Contribution: ,0,Area ratio: ,0.99972, Area ratio Contribution: ,0,Perim diff: ,1.00318, Perim diff Contribution: ,0,Frontier diff: ,0, Frontier diff Contribution ,0,Inverse Area ratio: ,0.72549, Inv Area Ratio Contribution: ,0,Inverse Perim ratio: ,1.04023, Inv Perim Contribution: ,0, Final Score: ,-116.732
Point: ,36,295,Repeat score:,1, Repeat contribution: ,-1,Dist:,24.3148, Dist contribution: ,-121.574, New scanned ratio: ,0.00151601, New Scanned Cells Contribution: ,0,Area ratio: ,0.999731, Area ratio Contribution: ,0,Perim diff: ,1.00315, Perim diff Contribution: ,0,Frontier diff: ,0, Frontier diff Contribution ,0,Inverse Area ratio: ,0.744048, Inv Area Ratio Contribution: ,0,Inverse Perim ratio: ,1.04172, Inv Perim Contribution: ,0, Final Score: ,-122.574
Point: ,31,295,Repeat score:,1, Repeat contribution: ,-1,Dist:,29.2611, Dist contribution: ,-146.305, New scanned ratio: ,0.00185043, New Scanned Cells Contribution: ,0,Area ratio: ,0.999748, Area ratio Contribution: ,0,Perim diff: ,1.0022, Perim diff Contribution: ,0,Frontier diff: ,0, Frontier diff Contribution ,0,Inverse Area ratio: ,0.830579, Inv Area Ratio Contribution: ,0,Inverse Perim ratio: ,1.02931, Inv Perim Contribution: ,0, Final Score: ,-147.305
Point: ,28,293,Repeat score:,1, Repeat contribution: ,-1,Dist:,32.6535, Dist contribution: ,-163.267, New scanned ratio: ,0.00209566, New Scanned Cells Contribution: ,0,Area ratio: ,0.999737, Area ratio Contribution: ,0,Perim diff: ,1.00192, Perim diff Contribution: ,0,Frontier diff: ,0, Frontier diff Contribution ,0,Inverse Area ratio: ,0.880435, Inv Area Ratio Contribution: ,0,Inverse Perim ratio: ,1.02919, Inv Perim Contribution: ,0, Final Score: ,-164.267
Point: ,25,293,Repeat score:,1, Repeat contribution: ,-1,Dist:,35.5985, Dist contribution: ,-177.992, New scanned ratio: ,0.00238549, New Scanned Cells Contribution: ,0,Area ratio: ,0.999754, Area ratio Contribution: ,0,Perim diff: ,1.00162, Perim diff Contribution: ,0,Frontier diff: ,0, Frontier diff Contribution ,0,Inverse Area ratio: ,0.92, Inv Area Ratio Contribution: ,0,Inverse Perim ratio: ,1.02708, Inv Perim Contribution: ,0, Final Score: ,-178.992
Point: ,24,294,Repeat score:,1, Repeat contribution: ,-1,Dist:,36.3736, Dist contribution: ,-181.868, New scanned ratio: ,0.00249696, New Scanned Cells Contribution: ,0,Area ratio: ,0.999765, Area ratio Contribution: ,0,Perim diff: ,1.00153, Perim diff Contribution: ,0,Frontier diff: ,0, Frontier diff Contribution ,0,Inverse Area ratio: ,0.923077, Inv Area Ratio Contribution: ,0,Inverse Perim ratio: ,1.02747, Inv Perim Contribution: ,0, Final Score: ,-182.868
BEST Point:,40,299, Score: ,-101.211
COUNT COMMAND: 1
Total frontiers: ,11, Prioritised frontiers: ,8
At: ,40,298,
Point: ,20,299,Repeat score:,1, Repeat contribution: ,-1,Dist:,20.0422, Dist contribution: ,-100.211, New scanned ratio: ,0.00165884, New Scanned Cells Contribution: ,0,Area ratio: ,0.999687, Area ratio Contribution: ,0,Perim diff: ,1.00213, Perim diff Contribution: ,0,Frontier diff: ,0, Frontier diff Contribution ,0,Inverse Area ratio: ,0.577778, Inv Area Ratio Contribution: ,0,Inverse Perim ratio: ,1.0176, Inv Perim Contribution: ,0, Final Score: ,-101.211
Point: ,19,298,Repeat score:,1, Repeat contribution: ,-1,Dist:,21, Dist contribution: ,-105, New scanned ratio: ,0.0018147, New Scanned Cells Contribution: ,0,Area ratio: ,0.999832, Area ratio Contribution: ,0,Perim diff: ,1.00139, Perim diff Contribution: ,0,Frontier diff: ,0, Frontier diff Contribution ,0,Inverse Area ratio: ,1, Inv Area Ratio Contribution: ,0,Inverse Perim ratio: ,1, Inv Perim Contribution: ,0, Final Score: ,-106
Point: ,20,297,Repeat score:,1, Repeat contribution: ,-1,Dist:,20.0422, Dist contribution: ,-100.211, New scanned ratio: ,0.0017145, New Scanned Cells Contribution: ,0,Area ratio: ,0.999765, Area ratio Contribution: ,0,Perim diff: ,1.00144, Perim diff Contribution: ,0,Frontier diff: ,-1, Frontier diff Contribution ,-0,Inverse Area ratio: ,0.615385, Inv Area Ratio Contribution: ,0,Inverse Perim ratio: ,1.01255, Inv Perim Contribution: ,0, Final Score: ,-101.211
Point: ,20,294,Repeat score:,1, Repeat contribution: ,-1,Dist:,20.6649, Dist contribution: ,-103.325, New scanned ratio: ,0.00177017, New Scanned Cells Contribution: ,0,Area ratio: ,0.999821, Area ratio Contribution: ,0,Perim diff: ,1.00146, Perim diff Contribution: ,0,Frontier diff: ,-1, Frontier diff Contribution ,-0,Inverse Area ratio: ,0.5, Inv Area Ratio Contribution: ,0,Inverse Perim ratio: ,1.01175, Inv Perim Contribution: ,0, Final Score: ,-104.325
Point: ,18,295,Repeat score:,1, Repeat contribution: ,-1,Dist:,22.343, Dist contribution: ,-111.715, New scanned ratio: ,0.00193716, New Scanned Cells Contribution: ,0,Area ratio: ,0.999955, Area ratio Contribution: ,0,Perim diff: ,1.00069, Perim diff Contribution: ,0,Frontier diff: ,0, Frontier diff Contribution ,0,Inverse Area ratio: ,0, Inv Area Ratio Contribution: ,0,Inverse Perim ratio: ,1, Inv Perim Contribution: ,0, Final Score: ,-112.715
Point: ,17,294,Repeat score:,1, Repeat contribution: ,-1,Dist:,23.5805, Dist contribution: ,-117.903, New scanned ratio: ,0.00197056, New Scanned Cells Contribution: ,0,Area ratio: ,0.999989, Area ratio Contribution: ,0,Perim diff: ,1.00069, Perim diff Contribution: ,0,Frontier diff: ,0, Frontier diff Contribution ,0,Inverse Area ratio: ,0, Inv Area Ratio Contribution: ,0,Inverse Perim ratio: ,0, Inv Perim Contribution: ,0, Final Score: ,-118.903
Point: ,12,294,Repeat score:,1, Repeat contribution: ,-1,Dist:,28.4788, Dist contribution: ,-142.394, New scanned ratio: ,0.0019817, New Scanned Cells Contribution: ,0,Area ratio: ,1, Area ratio Contribution: ,0,Perim diff: ,1, Perim diff Contribution: ,0, Final Score: ,-143.394
Point: ,6,291,Repeat score:,1, Repeat contribution: ,-1,Dist:,35.1967, Dist contribution: ,-175.984, New scanned ratio: ,0.0019817, New Scanned Cells Contribution: ,0,Area ratio: ,1, Area ratio Contribution: ,0,Perim diff: ,1, Perim diff Contribution: ,0, Final Score: ,-176.984
BEST Point:,20,299, Score: ,-101.211
COUNT COMMAND: 1
Total frontiers: ,5, Prioritised frontiers: ,5
At: ,20,298,
Point: ,0,283,Repeat score:,1, Repeat contribution: ,-1,Dist:,27.933, Dist contribution: ,-139.665, New scanned ratio: ,0.000288972, New Scanned Cells Contribution: ,0,Area ratio: ,1, Area ratio Contribution: ,0,Perim diff: ,1, Perim diff Contribution: ,0, Final Score: ,-140.665
Point: ,0,297,Repeat score:,1, Repeat contribution: ,-1,Dist:,20.0422, Dist contribution: ,-100.211, New scanned ratio: ,0.000288972, New Scanned Cells Contribution: ,0,Area ratio: ,1, Area ratio Contribution: ,0,Perim diff: ,1, Perim diff Contribution: ,0, Final Score: ,-101.211
Point: ,0,292,Repeat score:,1, Repeat contribution: ,-1,Dist:,21.4672, Dist contribution: ,-107.336, New scanned ratio: ,0.000288972, New Scanned Cells Contribution: ,0,Area ratio: ,1, Area ratio Contribution: ,0,Perim diff: ,1, Perim diff Contribution: ,0, Final Score: ,-108.336
Point: ,2,289,Repeat score:,1, Repeat contribution: ,-1,Dist:,21.4683, Dist contribution: ,-107.342, New scanned ratio: ,0.000288972, New Scanned Cells Contribution: ,0,Area ratio: ,1, Area ratio Contribution: ,0,Perim diff: ,1, Perim diff Contribution: ,0, Final Score: ,-108.342
Point: ,2,287,Repeat score:,1, Repeat contribution: ,-1,Dist:,22.9889, Dist contribution: ,-114.945, New scanned ratio: ,0.000288972, New Scanned Cells Contribution: ,0,Area ratio: ,1, Area ratio Contribution: ,0,Perim diff: ,1, Perim diff Contribution: ,0, Final Score: ,-115.945
BEST Point:,0,297, Score: ,-101.211
COUNT COMMAND: 1
Steps taken: ,256
0IP8MG,222 , 240
Likelihood area: ,99
AMTKVO,149 , 208
Likelihood area: ,145
AZPKCG,286 , 291
Likelihood area: ,155
Signal name: ,0IP8MG,x:,221,y:,240,Inside likelihood area? : ,True
Signal name: ,AMTKVO,x:,150,y:,208,Inside likelihood area? : ,True
Signal name: ,AZPKCG,x:,287,y:,292,Inside likelihood area? : ,True
