Name, x, y
Field Dimensions,300,300
Time elapsed: 4.048000
